Report Date,Route,Time,Day,Location,Incident,Min Delay,Min Gap,Direction,Vehicle
2015-04-01,111,00:01:00,Wednesday,Eglinton/Martingrove,Diversion,20,40,n/b,7324.0
2015-04-01,51,00:32:00,Wednesday,Leslie and Finch,Mechanical,58,88,N,8338.0
2015-04-01,320,02:30:00,Wednesday,Yonge & Bloor,Mechanical,4,8,N,8382.0
2015-04-01,320,03:15:00,Wednesday,Queens Quay & Front,Mechanical,4,8,N,1662.0
2015-04-01,94,04:53:00,Wednesday,Castle Frank Stn.,Late Leaving Garage,1,1,w,8118.0
2015-04-01,84,05:00:00,Wednesday,RISH,Late Leaving Garage,24,49,E,1519.0
2015-04-01,34,05:01:00,Wednesday,Eglinton yard,Mechanical,13,26,e,7527.0
2015-04-01,52,05:20:00,Wednesday,Lawrence West Station,Late Leaving Garage,12,12,WB,1665.0
2015-04-01,6,05:27:00,Wednesday,Bedford and Dupont,Mechanical,13,21,SB,1009.0
2015-04-01,85,05:33:00,Wednesday,Sheppard Loop-Meadowvale,Late Leaving Garage,8,16,WB,9059.0
2015-04-01,111,05:39:00,Wednesday,Eglinton and Martingrove,Mechanical,14,28,nb,7301.0
2015-04-01,108,05:43:00,Wednesday,Driftwood and Stong,Late Leaving Garage,14,34,N,1514.0
2015-04-01,53,05:46:00,Wednesday,Passmore and Markham,Mechanical,4,9,w,1080.0
2015-04-01,6,05:48:00,Wednesday,Garage,Late Leaving Garage,8,16,s,1599.0
2015-04-01,130,05:52:00,Wednesday,Steeles loop-Middlefield,Late Leaving Garage,20,40,sb,1733.0
2015-04-01,39,05:53:00,Wednesday,Neilson/Crow Trail,Utilized Off Route,4,8,WB,1091.0
2015-04-01,116,05:54:00,Wednesday,Morningside and Staines,Utilized Off Route,6,12,s,7465.0
2015-04-01,39,05:59:00,Wednesday,Old Finch and Valley Center Drive,Mechanical,17,34,WB,1321.0
2015-04-01,165,06:00:00,Wednesday,York Mills Stn.,Mechanical,5,18,W,7216.0
2015-04-01,106,06:00:00,Wednesday,Common,Late Leaving Garage,15,25,s,9415.0
2015-04-01,45,06:05:00,Wednesday,Steeles Loop,Mechanical,15,25,sb,8044.0
2015-04-01,35,06:13:00,Wednesday,JNST,Late Leaving Garage,10,20,S,1559.0
2015-04-01,10,06:15:00,Wednesday,Don Mills Station,Mechanical,15,30,E,8391.0
2015-04-01,161,06:20:00,Wednesday,Jane and Eglinton,Mechanical,10,20,e/b,1669.0
2015-04-01,95,06:20:00,Wednesday,Scarborough College Loop,Mechanical,10,20,w,1805.0
2015-04-01,24,06:22:00,Wednesday,VP Stn.,Late Leaving Garage,6,12,n,7881.0
2015-04-01,95,06:23:00,Wednesday,Kingston Road Loop,Mechanical,8,16,w,1111.0
2015-04-01,195,06:24:00,Wednesday,JSTE,Mechanical,10,20,S,1686.0
2015-04-01,29,06:25:00,Wednesday,Wilson Station,Mechanical,8,16,sb,9032.0
2015-04-01,68,06:27:00,Wednesday,Warden stn,Mechanical,4,8,nb,7512.0
2015-04-01,117,06:30:00,Wednesday,Downsview stn,Mechanical,10,20,n/b,8190.0
2015-04-01,60,06:35:00,Wednesday,Finch Stn.,Late Leaving Garage,9,19,W,1545.0
2015-04-01,53,06:37:00,Wednesday,Steeles and Brimley,Mechanical,4,9,w,1727.0
2015-04-01,41,06:40:00,Wednesday,Petrolia and Keele,Mechanical,11,22,s/b,1609.0
2015-04-01,199,06:43:00,Wednesday,Finch/Birchmount,Mechanical,2,4,WB,1765.0
2015-04-01,108,06:45:00,Wednesday,Keele st,Late Leaving Garage,13,26,W/B,1376.0
2015-04-01,36,06:56:00,Wednesday,Finch station,Mechanical,6,12,w,9120.0
2015-04-01,11,07:09:00,Wednesday,Belsize,Late Leaving Garage,6,12,W,8334.0
2015-04-01,195,07:12:00,Wednesday,JSTE,Late Leaving Garage,10,20,S,1286.0
2015-04-01,60,07:13:00,Wednesday,Signal Hill and Steeles,Late Leaving Garage,7,14,W/B,7211.0
2015-04-01,25,07:16:00,Wednesday,Don Mills Staton,Utilized Off Route,3,6,SB,7661.0
2015-04-01,11,07:22:00,Wednesday,Cleveland at Belsize,Investigation,6,12,n,8157.0
2015-04-01,73,07:22:00,Wednesday,Royal York Station,Mechanical,15,30,N,8061.0
2015-04-01,75,07:30:00,Wednesday,Queens Quat to South dr.,General Delay,15,21,b/w,
2015-04-01,95,07:30:00,Wednesday,Victoria Park to Bayview,General Delay,10,1,BW,
2015-04-01,54,07:43:00,Wednesday,Lawrence rt,Mechanical,6,12,eb,7565.0
2015-04-01,81,07:45:00,Wednesday,Overlea at Thorncliffe,Utilized Off Route,5,10,s,7873.0
2015-04-01,60,07:47:00,Wednesday,Finch Station,Late Leaving Garage,7,14,W,1213.0
2015-04-01,11,07:47:00,Wednesday,Bayview at Steeles,Late Leaving Garage,6,12,S,8170.0
2015-04-01,60,07:47:00,Wednesday,Finch Station,Utilized Off Route,13,26,W,1213.0
2015-04-01,11,07:52:00,Wednesday,Steeles Loop,Investigation,24,48,SB,8319.0
2015-04-01,75,07:55:00,Wednesday,Lower Jarvis and Queen Quay,Mechanical,6,12,n/b,8209.0
2015-04-01,87,07:58:00,Wednesday,Broadview/Chester Hill,Investigation,8,16,N/B,7800.0
2015-04-01,196,07:58:00,Wednesday,Sheppard Station,Utilized Off Route,8,16,W,8363.0
2015-04-01,72,08:00:00,Wednesday,Carlaw & Eastern Ave,General Delay,10,1,N/B,
2015-04-01,192,08:00:00,Wednesday,Hwy 427 south bound from Hwy 401,General Delay,1,1,sb,
2015-04-01,85,08:00:00,Wednesday,85 Sheppard,General Delay,7,14,BW,9059.0
2015-04-01,134,08:07:00,Wednesday,Tapscott just n. of Newgale Gate(C.P.Rail Crossing),Diversion,18,38,n,1707.0
2015-04-01,53,08:10:00,Wednesday,Finch Station to Morningside and Staines,General Delay,14,10,bw,
2015-04-01,75,08:24:00,Wednesday,Sherbourne at Dundas,Investigation,6,12,n/b,8150.0
2015-04-01,86,08:25:00,Wednesday,Eglinton and Bellamy,Mechanical,4,8,w,7536.0
2015-04-01,63,08:30:00,Wednesday,Eglinton ave,General Delay,8,15,b/w,
2015-04-01,168,08:30:00,Wednesday,Dundas West Station - Avon Loop,General Delay,15,0,BW,
2015-04-01,87,08:30:00,Wednesday,Main stn,Mechanical,9,18,N/B,7819.0
2015-04-01,52,08:30:00,Wednesday,Entire Route,General Delay,25,37,B/W,
2015-04-01,66,08:30:00,Wednesday,Old Mill Station - Lakeshore/Marine Parade,General Delay,20,0,BW,
2015-04-01,134,08:40:00,Wednesday,Scarborough Town Centre,Utilized Off Route,5,10,e,1768.0
2015-04-01,44,08:40:00,Wednesday,Kipling sttion,Mechanical,3,7,sb,8028.0
2015-04-01,75,08:45:00,Wednesday,Lower Jarvis and Queen Quay,Utilized Off Route,6,12,n/b,8348.0
2015-04-01,36,08:54:00,Wednesday,Humberwood loop,Mechanical,6,12,,9115.0
2015-04-01,35,08:59:00,Wednesday,Wilson Ave.,Mechanical,10,20,S,1554.0
2015-04-01,29,09:12:00,Wednesday,Wilson Station,Mechanical,4,9,sb,8382.0
2015-04-01,53,09:14:00,Wednesday,Steeles and arkham,Mechanical,6,12,w,1792.0
2015-04-01,108,09:15:00,Wednesday,Driftwood and Stong,Mechanical,16,30,E/B,1333.0
2015-04-01,25,09:25:00,Wednesday,Don Mills and Duncan Mills,Investigation,3,6,S,7469.0
2015-04-01,113,09:50:00,Wednesday,Kennedy at Eglinton,Mechanical,30,60,w,7738.0
2015-04-01,25,09:51:00,Wednesday,Don Mills and Parkway Forest Drive,Mechanical,3,6,NB,7502.0
2015-04-01,45,09:54:00,Wednesday,Kipling at Belfield,Investigation,11,20,sb,8073.0
2015-04-01,196,09:59:00,Wednesday,The Commons,Mechanical,2,4,S,8360.0
2015-04-01,39,10:10:00,Wednesday,Finch Station,Mechanical,8,16,EB,1321.0
2015-04-01,106,10:20:00,Wednesday,York U,Mechanical,2,4,s,9443.0
2015-04-01,198,10:22:00,Wednesday,Eglinton and Cedar,Investigation,10,20,E,7647.0
2015-04-01,196,10:25:00,Wednesday,York U,Mechanical,2,4,s,9425.0
2015-04-01,105,10:45:00,Wednesday,Downsview Stn,Late Leaving Garage,15,30,s,9404.0
2015-04-01,97,11:00:00,Wednesday,Steeles to St.Clair Station,General Delay,25,40,b/w,
2015-04-01,100,11:08:00,Wednesday,Broadview Stn,Mechanical,7,14,NB,7413.0
2015-04-01,196,11:13:00,Wednesday,Downsview Stn,Utilized Off Route,2,4,s,8167.0
2015-04-01,95,11:13:00,Wednesday,Ellesmere and Markham,Mechanical,15,30,EB,1738.0
2015-04-01,112,11:40:00,Wednesday,Kipling station,Mechanical,20,40,sbnb,8037.0
2015-04-01,39,11:46:00,Wednesday,Neilson/Crow Trail,Mechanical,6,12,WB,1120.0
2015-04-01,47,11:57:00,Wednesday,wade and lansdowne,Diversion,58,43,b/w,1044.0
2015-04-01,47,12:00:00,Wednesday,lansdowne stn,Emergency Services,15,30,n/b,1044.0
2015-04-01,47,12:00:00,Wednesday,paton and lansdowne,Emergency Services,15,30,s/b,1525.0
2015-04-01,32,12:00:00,Wednesday,Entire Route,General Delay,25,50,B/w,
2015-04-01,196,12:01:00,Wednesday,Downsview Stn,Mechanical,3,6,n,814.0
2015-04-01,60,12:05:00,Wednesday,Signal Hill,Mechanical,13,26,E,1687.0
2015-04-01,115,12:49:00,Wednesday,Leslie and York Mills,Mechanical,20,40,wb,8178.0
2015-04-01,195,13:00:00,Wednesday,Gordon Mckay and Jane,General Delay,10,20,S/b,1415.0
2015-04-01,37,13:00:00,Wednesday,Humberwood Loop,Mechanical,18,36,s/b,8024.0
2015-04-01,85,13:00:00,Wednesday,Don Mills Stn to Rouge Hill Go,General Delay,10,18,E/W,
2015-04-01,35,13:00:00,Wednesday,Jane and Gordon Mackay,General Delay,5,10,S/b,1358.0
2015-04-01,196,13:06:00,Wednesday,Downsview Station,Utilized Off Route,5,10,nb,9418.0
2015-04-01,165,13:09:00,Wednesday,finch at weston,Late Leaving Garage,46,92,n,1679.0
2015-04-01,24,13:15:00,Wednesday,ELLESMERE,Mechanical,5,10,S,7850.0
2015-04-01,85,13:32:00,Wednesday,Sheppard @ McCowan,Mechanical,8,15,E,9059.0
2015-04-01,96,13:35:00,Wednesday,wilson at clayson,Mechanical,36,72,e,1215.0
2015-04-01,55,13:55:00,Wednesday,Jane and Dundas,Mechanical,30,60,Nb,1325.0
2015-04-01,89,14:00:00,Wednesday,Entire route,General Delay,45,45,BW,
2015-04-01,41,14:00:00,Wednesday,Entire route,General Delay,40,40,BW,
2015-04-01,199,14:00:00,Wednesday,Entire Route,General Delay,12,16,B/W's,
2015-04-01,79,14:10:00,Wednesday,Runnymede station,Utilized Off Route,24,48,NB,1233.0
2015-04-01,35,14:18:00,Wednesday,Jane Stn,Utilized Off Route,10,20,S/b,1804.0
2015-04-01,76,14:24:00,Wednesday,Royal York  Station,Utilized Off Route,9,18,s/b,8090.0
2015-04-01,36,14:25:00,Wednesday,Finch and Kipling,Mechanical,6,12,W,9109.0
2015-04-01,709,14:25:00,Wednesday,Eglinton west stn,Utilized Off Route,5,10,w,1510.0
2015-04-01,88,14:25:00,Wednesday,St.Clair Station,Mechanical,7,14,E,9410.0
2015-04-01,191,14:27:00,Wednesday,Kipling station,Utilized Off Route,7,15,N,7922.0
2015-04-01,96,14:30:00,Wednesday,yorkmills stn to humberline,General Delay,20,40,bw,
2015-04-01,44,14:31:00,Wednesday,Colonel Samuel Smith Loop,Utilized Off Route,4,8,N,7314.0
2015-04-01,85,14:32:00,Wednesday,Don Mills Stn,Late Leaving Garage,7,13,E,9095.0
2015-04-01,89,14:33:00,Wednesday,Keele station,Utilized Off Route,9,18,NB,1411.0
2015-04-01,139,14:44:00,Wednesday,Baldoon and Finch,Mechanical,20,40,w/b,1727.0
2015-04-01,47,14:47:00,Wednesday,earlscourt loop,Mechanical,13,26,s/b,1542.0
2015-04-01,196,14:48:00,Wednesday,Downsview Stn,Utilized Off Route,2,4,n,8193.0
2015-04-01,109,15:00:00,Wednesday,Eglinton West Station,General Delay,12,20,B/W,
2015-04-01,53,15:00:00,Wednesday,Finch Stn to Staines,General Delay,10,15,B/W,
2015-04-01,97,15:00:00,Wednesday,Steeles / Queen Quay,General Delay,40,79,b/w,
2015-04-01,24,15:00:00,Wednesday,VICTORIA PARK ROUTE,General Delay,15,0,BW,
2015-04-01,39,15:00:00,Wednesday,Entire Route,General Delay,15,20,B/W's,
2015-04-01,36,15:00:00,Wednesday,Finch west route,General Delay,18,25,B,9112.0
2015-04-01,94,15:00:00,Wednesday,WELLESLEY ROUTE,General Delay,10,0,BW,
2015-04-01,70,15:12:00,Wednesday,Coxwell station,Late Leaving Garage,18,36,E,7539.0
2015-04-01,53,15:13:00,Wednesday,Morningside & Staines,Late Leaving Garage,6,19,W,9101.0
2015-04-01,21,15:18:00,Wednesday,Waeden stn,Mechanical,11,22,S/B,7837.0
2015-04-01,7,15:18:00,Wednesday,Wilson and Bathurst,Late Leaving Garage,7,15,s,9031.0
2015-04-01,79,15:20:00,Wednesday,weston and scarlett,Mechanical,12,24,e/b,1549.0
2015-04-01,95,15:23:00,Wednesday,Ellesmere and Kingston rd Loop,Late Leaving Garage,9,18,W,1096.0
2015-04-01,196,15:30:00,Wednesday,Downsview Stn,Utilized Off Route,2,4,n,8306.0
2015-04-01,126,15:30:00,Wednesday,St Clair west stn,Late Leaving Garage,15,30,s/b,1066.0
2015-04-01,60,15:30:00,Wednesday,Finch Station,Mechanical,7,14,W,1271.0
2015-04-01,63,15:33:00,Wednesday,Oakwood Ave. and St.Clair Ave. West,Utilized Off Route,5,10,S,1623.0
2015-04-01,54,15:35:00,Wednesday,Warden and Lawrence,Mechanical,13,26,w,7608.0
2015-04-01,35,15:36:00,Wednesday,Jane and Eddystone,Mechanical,5,10,N/b,1371.0
2015-04-01,42,15:51:00,Wednesday,Finch stn,Mechanical,6,12,e,8186.0
2015-04-01,709,15:55:00,Wednesday,East Liberty,Utilized Off Route,5,10,n,1606.0
2015-04-01,168,15:55:00,Wednesday,Dundas West Station,Utilized Off Route,5,10,W/B,7331.0
2015-04-01,67,16:00:00,Wednesday,Pharmacy & St Clair,Mechanical,10,20,NB,7400.0
2015-04-01,53,16:00:00,Wednesday,Finch Stn,Late Leaving Garage,5,10,E,1321.0
2015-04-01,29,16:00:00,Wednesday,Dufferin route,General Delay,15,12,N,
2015-04-01,52,16:00:00,Wednesday,Entire route,General Delay,11,31,b/w,
2015-04-01,106,16:02:00,Wednesday,Downsview Stn,Mechanical,9,19,n,9443.0
2015-04-01,44,16:02:00,Wednesday,Colonel Samuel Smith Loop,Utilized Off Route,3,7,N,7316.0
2015-04-01,191,16:04:00,Wednesday,Kipling station,Utilized Off Route,4,9,N,7900.0
2015-04-01,6,16:05:00,Wednesday,Queens Quay / Jarvis,Utilized Off Route,5,10,n,1599.0
2015-04-01,36,16:05:00,Wednesday,Finch and Talbot,Mechanical,7,14,W,9118.0
2015-04-01,46,16:06:00,Wednesday,Kipling Stn,Utilized Off Route,9,18,N,1386.0
2015-04-01,54,16:06:00,Wednesday,SRT,Late Leaving Garage,10,20,E,7548.0
2015-04-01,36,16:10:00,Wednesday,Finch station to Humberwood loop,Utilized Off Route,1,1,W,9104.0
2015-04-01,37,16:14:00,Wednesday,Steeles Loop,Mechanical,9,18,s/b,8094.0
2015-04-01,141,16:15:00,Wednesday,Richmond / Jarvis,Late Leaving Garage,1,1,e,
2015-04-01,37,16:17:00,Wednesday,Aylesbury and Islington,Diversion,0,0,s/b,8015.0
2015-04-01,165,16:24:00,Wednesday,wilson at bathurst,Mechanical,9,18,w,1359.0
2015-04-01,17,16:25:00,Wednesday,Birchmount/Lawrence,Mechanical,16,32,S/B,7727.0
2015-04-01,52,16:26:00,Wednesday,Lawrence station,Late Leaving Garage,6,17,w/b,1028.0
2015-04-01,196,16:27:00,Wednesday,Downsview Stn,Mechanical,2,4,n,8374.0
2015-04-01,112,16:29:00,Wednesday,"On The West Mall, at Bloor",Mechanical,8,17,S,7341.0
2015-04-01,47,16:30:00,Wednesday,lansdowne stn,Utilized Off Route,13,26,nb,1677.0
2015-04-01,53,16:30:00,Wednesday,Finch Stn,Utilized Off Route,7,11,E,9098.0
2015-04-01,199,16:30:00,Wednesday,Finch Stn,Utilized Off Route,4,8,E,1787.0
2015-04-01,37,16:30:00,Wednesday,Isligton Stn,Utilized Off Route,9,18,n/b,8017.0
2015-04-01,46,16:33:00,Wednesday,Kipling Stn,Utilized Off Route,9,18,n,1231.0
2015-04-01,771,16:33:00,Wednesday,Wilson Station,Utilized Off Route,1,1,,8360.0
2015-04-01,102,16:34:00,Wednesday,Warden stn,Utilized Off Route,15,30,W/B,7851.0
2015-04-01,60,16:35:00,Wednesday,Arrow Road Division,Utilized Off Route,7,14,E,1405.0
2015-04-01,160,16:35:00,Wednesday,Bathurst and Patricia,Investigation,19,40,n,8381.0
2015-04-01,771,16:35:00,Wednesday,Downsview Stn,Utilized Off Route,1,1,n,9401.0
2015-04-01,41,16:35:00,Wednesday,Keele station,Utilized Off Route,18,36,NB,9145.0
2015-04-01,53,16:35:00,Wednesday,Finch Stn,Utilized Off Route,9,15,E,1102.0
2015-04-01,54,16:37:00,Wednesday,Eglinton Station,Utilized Off Route,11,22,w,7529.0
2015-04-01,100,16:37:00,Wednesday,Millwood and Overlea,Utilized Off Route,6,12,s/b,7564.0
2015-04-01,39,16:37:00,Wednesday,Finch Stn,Utilized Off Route,10,20,E,1798.0
2015-04-01,38,16:38:00,Wednesday,STC,Utilized Off Route,6,12,E,1828.0
2015-04-01,29,16:40:00,Wednesday,Bloor,Utilized Off Route,5,10,S,9444.0
2015-04-01,32,16:40:00,Wednesday,Eglinton west stn,Utilized Off Route,8,16,e,1637.0
2015-04-01,56,16:42:00,Wednesday,Donland Station,Utilized Off Route,11,22,Wb,8379.0
2015-04-01,60,16:42:00,Wednesday,Keele Street,Mechanical,7,14,E,7212.0
2015-04-01,89,16:45:00,Wednesday,Keele station,Utilized Off Route,10,20,NB,1009.0
2015-04-01,48,16:45:00,Wednesday,Islington and Rathburn,Utilized Off Route,12,24,E/B,8056.0
2015-04-01,95,16:45:00,Wednesday,York Mills stn to Don Mills Rd,General Delay,8,11,bw,
2015-04-01,34,16:46:00,Wednesday,Eglinton Station,Utilized Off Route,4,8,w/b,7508.0
2015-04-01,25,16:47:00,Wednesday,Pape Stn,Utilized Off Route,3,6,N,7521.0
2015-04-01,25,16:50:00,Wednesday,Pape Stn.,Utilized Off Route,3,6,N,7446.0
2015-04-01,63,16:50:00,Wednesday,Ossington Station,Utilized Off Route,5,10,S,1676.0
2015-04-01,191,16:50:00,Wednesday,Kipling station,Utilized Off Route,5,10,N,7923.0
2015-04-01,24,16:51:00,Wednesday,VP STATION,Utilized Off Route,7,14,N,7875.0
2015-04-01,94,16:52:00,Wednesday,OSSINGTON STN,Utilized Off Route,16,32,E,7861.0
2015-04-01,96,16:55:00,Wednesday,wilson at bathurst,Mechanical,18,36,w,1359.0
2015-04-01,81,16:55:00,Wednesday,Pape Station,Utilized Off Route,7,14,NB,7858.0
2015-04-01,35,16:55:00,Wednesday,Jane Stn,Utilized Off Route,5,10,S/b,1376.0
2015-04-01,97,16:59:00,Wednesday,Bloor st,Utilized Off Route,30,60,n,8347.0
2015-04-01,85,17:00:00,Wednesday,Don Mills Stn,General Delay,9,15,E/W,
2015-04-01,39,17:05:00,Wednesday,Bayview and Finch,Utilized Off Route,10,20,e/b,1759.0
2015-04-01,12,17:11:00,Wednesday,Victoria Park Station,Mechanical,15,30,WB,7822.0
2015-04-01,195,17:15:00,Wednesday,York U. Commons,Mechanical,10,20,S/b,1265.0
2015-04-01,63,17:15:00,Wednesday,Ossington Ave. and Hepbourne St.,Investigation,5,10,S,1651.0
2015-04-01,7,17:15:00,Wednesday,Bathurst and Baycrest,Mechanical,8,16,n,9056.0
2015-04-01,196,17:16:00,Wednesday,Downsview stn,Utilized Off Route,2,4,n,9421.0
2015-04-01,102,17:17:00,Wednesday,MAIN STATION,Utilized Off Route,8,16,E,7851.0
2015-04-01,64,17:20:00,Wednesday,Main Station,Utilized Off Route,8,16,E,7775.0
2015-04-01,67,17:24:00,Wednesday,Victoria Pk Station,Utilized Off Route,10,20,NB,7673.0
2015-04-01,59,17:30:00,Wednesday,Jane,Mechanical,9,18,E,1210.0
2015-04-01,102,17:31:00,Wednesday,Markham/Progress,Investigation,11,22,N/B,7856.0
2015-04-01,709,17:35:00,Wednesday,Industry / Todd baylis,Utilized Off Route,5,10,e,1064.0
2015-04-01,199,17:36:00,Wednesday,McCowan and Finch,Mechanical,4,8,w/b,1750.0
2015-04-01,109,17:40:00,Wednesday,Lawrence West Station,Mechanical,24,48,s,8368.0
2015-04-01,59,17:48:00,Wednesday,Jane,Mechanical,9,18,S,1210.0
2015-04-01,41,17:51:00,Wednesday,Keele and Sheppard,Mechanical,18,36,SB,9144.0
2015-04-01,102,17:53:00,Wednesday,Warden stn,Utilized Off Route,11,22,N/B,7763.0
2015-04-01,24,17:56:00,Wednesday,VICTORIA PARK STATIONA,Mechanical,8,15,N,7708.0
2015-04-01,52,17:58:00,Wednesday,Dixon and St Philips,Mechanical,16,33,w/b,1520.0
2015-04-01,196,18:05:00,Wednesday,Downsview Station,Utilized Off Route,5,8,w,8161.0
2015-04-01,73,18:15:00,Wednesday,Royal York stn.,Mechanical,30,60,s/b,8068.0
2015-04-01,771,18:18:00,Wednesday,Downsview Station,Utilized Off Route,1,1,N,8391.0
2015-04-01,5,18:23:00,Wednesday,Yorkville Av/Avenue Road,Investigation,24,48,SB,8160.0
2015-04-01,196,18:29:00,Wednesday,Downsview Station,Utilized Off Route,2,4,N,8306.0
2015-04-01,172,18:30:00,Wednesday,Carlaw and Commisioners,Mechanical,16,32,WB,7715.0
2015-04-01,122,18:38:00,Wednesday,York Mills Station,Investigation,16,32,E,8343.0
2015-04-01,41,18:42:00,Wednesday,Keele and Sheppard,Mechanical,18,36,NB,9145.0
2015-04-01,96,18:45:00,Wednesday,yorkmills at yonge,Mechanical,24,48,w,1255.0
2015-04-01,196,18:53:00,Wednesday,Downsview Station,Utilized Off Route,6,12,E,8126.0
2015-04-01,73,19:04:00,Wednesday,Royal York stn.,Investigation,30,30,n/b,7307.0
2015-04-01,95,19:07:00,Wednesday,Ellesmere and Markham,Mechanical,7,14,w,1075.0
2015-04-01,29,19:59:00,Wednesday,Wilson Station,Mechanical,5,10,S,9015.0
2015-04-01,24,20:39:00,Wednesday,Victoria Park and Lawrence,Investigation,9,18,sb,7689.0
2015-04-01,52,20:50:00,Wednesday,The westway and Martingrove,Mechanical,15,30,e/b,1537.0
2015-04-01,45,21:15:00,Wednesday,Kipling stn.,Investigation,9,18,n/b,7338.0
2015-04-01,131,21:20:00,Wednesday,Nugget & Markham,Mechanical,13,26,E,1797.0
2015-04-01,63,21:48:00,Wednesday,Eglinton West Stn,Mechanical,6,13,S/B,1636.0
2015-04-01,22,21:53:00,Wednesday,Upper Gerrard and Coxwell,Investigation,12,24,NB,7865.0
2015-04-01,32,22:01:00,Wednesday,Eglinton and Kane,Emergency Services,9,18,E/B,1638.0
2015-04-01,196,22:02:00,Wednesday,Sheppard Station,Mechanical,12,24,W,8338.0
2015-04-01,32,22:05:00,Wednesday,Eglinton  and Glenhaven,Diversion,220,227,W/B,1029.0
2015-04-01,53,22:12:00,Wednesday,Steeles and Victoria Park,Mechanical,5,10,e,1307.0
2015-04-01,88,22:28:00,Wednesday,St Clair stn,Mechanical,15,30,s,8154.0
2015-04-01,60,22:39:00,Wednesday,finch stn,Mechanical,18,36,w,7227.0
2015-04-01,94,22:39:00,Wednesday,CastleFrank Station,Mechanical,12,24,EB,7809.0
2015-04-01,32,22:52:00,Wednesday,Eglinton and Oakwood,Investigation,12,24,W/B,1591.0
2015-04-01,84,23:26:00,Wednesday,sheppard at wilson hts,Mechanical,6,18,e,1241.0
2015-04-02,37,00:16:00,Thursday,Islington stn.,Mechanical,30,60,s/b,7977.0
2015-04-02,10,00:47:00,Thursday,Don Mills and Fairview,Investigation,20,40,W,8210.0
2015-04-02,86,01:09:00,Thursday,Lawson Bridge,Mechanical,10,20,SB,7530.0
2015-04-02,37,01:20:00,Thursday,Islington stn,Mechanical,1,1,s/b,8055.0
2015-04-02,7,04:40:00,Thursday,Village gate and Bathurst,Late Leaving Garage,5,35,S/B,9003.0
2015-04-02,7,05:10:00,Thursday,Village gate  and steeles,Late Leaving Garage,10,0,s/b,9005.0
2015-04-02,39,05:12:00,Thursday,Baldoon and Finch,Late Leaving Garage,5,10,W/B,1818.0
2015-04-02,36,05:16:00,Thursday,Finch station,Late Leaving Garage,6,12,W,9112.0
2015-04-02,7,05:25:00,Thursday,Bathurst stn,Late Leaving Garage,11,0,n/b,9040.0
2015-04-02,91,05:28:00,Thursday,Woodbine Stn.,Late Leaving Garage,13,26,n,7748.0
2015-04-02,125,05:57:00,Thursday,Antibies and Torresdale,Mechanical,15,30,w/b,
2015-04-02,116,06:03:00,Thursday,Kennedy Stn,Mechanical,7,13,E,7476.0
2015-04-02,52,06:07:00,Thursday,Westwood Mall,Mechanical,18,36,EB,1626.0
2015-04-02,76,06:07:00,Thursday,Evans at Royal York,Late Leaving Garage,5,9,S,8052.0
2015-04-02,32,06:12:00,Thursday,Eglinton stn,Late Leaving Garage,5,11,w,1003.0
2015-04-02,68,06:13:00,Thursday,Warden stn,Mechanical,4,9,nb,7464.0
2015-04-02,43,06:15:00,Thursday,Kennedy Stn,Mechanical,10,20,N,7570.0
2015-04-02,84,06:17:00,Thursday,RISH,Late Leaving Garage,5,17,E,1367.0
2015-04-02,44,06:18:00,Thursday,Colonel Sam Smith Loop,Mechanical,8,17,nb,7939.0
2015-04-02,29,06:23:00,Thursday,Tycos and Landsdowne,Mechanical,8,16,sb,9044.0
2015-04-02,86,06:24:00,Thursday,Kennedy Stn,Mechanical,4,9,E,7637.0
2015-04-02,96,06:25:00,Thursday,Woodbine Downs and Carrier Dr.,Late Leaving Garage,30,60,e,7212.0
2015-04-02,122,06:26:00,Thursday,Roywood and Underpass,Mechanical,12,24,eb,8156.0
2015-04-02,54,06:27:00,Thursday,Eglinton stn,Mechanical,4,9,eb,7521.0
2015-04-02,95,06:30:00,Thursday,Ellesmere R.T. Station,Mechanical,0,0,w,9402.0
2015-04-02,102,06:30:00,Thursday,Warden Stn,Late Leaving Garage,20,40,N,7707.0
2015-04-02,191,06:33:00,Thursday,Martin Groove/Royal Crest,Late Leaving Garage,5,10,s,7953.0
2015-04-02,49,06:39:00,Thursday,Markland and Bloor,Mechanical,7,15,eb,7339.0
2015-04-02,199,06:40:00,Thursday,Finch Stn,Mechanical,3,6,E/B,1765.0
2015-04-02,96,06:40:00,Thursday,Woodbine Downs and Carrier Dr.,Late Leaving Garage,45,60,E,7216.0
2015-04-02,54,06:41:00,Thursday,Eglinton Stn,Mechanical,5,9,eb,7674.0
2015-04-02,25,06:54:00,Thursday,Don Mils and Sheppard,Mechanical,3,6,NB,7507.0
2015-04-02,199,06:55:00,Thursday,STC,Mechanical,3,6,W/B,1803.0
2015-04-02,96,06:55:00,Thursday,Woodbine Downs and Carrier Dr.,Late Leaving Garage,15,60,E,7251.0
2015-04-02,145,07:00:00,Thursday,Kipling at Lakeshore,Late Leaving Garage,15,45,E,7330.0
2015-04-02,54,07:00:00,Thursday,Lawrence Scarbough Golf Club rd,Mechanical,9,18,eb,7456.0
2015-04-02,112,07:07:00,Thursday,Kipling station,Mechanical,15,30,nb,7302.0
2015-04-02,95,07:10:00,Thursday,Scarborough College Loop,Mechanical,0,0,w,1768.0
2015-04-02,196,07:14:00,Thursday,York U. Common,Late Leaving Garage,7,15,s,8203.0
2015-04-02,165,07:14:00,Thursday,Wilson and Highview,Mechanical,6,12,E,1361.0
2015-04-02,145,07:30:00,Thursday,Lakeshore@Kipling to Simcoe@Richmond,General Delay,30,0,BW,
2015-04-02,191,07:40:00,Thursday,Farnboro/Attwell,Emergency Services,5,10,s,7919.0
2015-04-02,60,07:42:00,Thursday,Steeles and Islington,Investigation,0,0,E,7230.0
2015-04-02,76,07:46:00,Thursday,Royal York at Lakeshore,Utilized Off Route,5,9,S,7325.0
2015-04-02,145,07:48:00,Thursday,Royal York at Mimico,Mechanical,30,60,E,7315.0
2015-04-02,32,07:50:00,Thursday,Jane and Eglinton,Mechanical,5,10,e,1035.0
2015-04-02,168,08:00:00,Thursday,Dundas West Station to Avon Loop,General Delay,15,0,BW,
2015-04-02,74,08:00:00,Thursday,Loop to Station,General Delay,13,28,b/w,
2015-04-02,5,08:00:00,Thursday,Eglinton ave to Elm ave,General Delay,16,28,b/w,
2015-04-02,61,08:00:00,Thursday,Bombay loop to Eglinton stn,General Delay,15,30,b/w,
2015-04-02,14,08:00:00,Thursday,Entire Route,General Delay,13,28,B/W,
2015-04-02,52,08:00:00,Thursday,Entire Route,General Delay,25,37,B/W,
2015-04-02,84,08:11:00,Thursday,Sheppard Stn,Mechanical,8,16,W,1324.0
2015-04-02,199,08:13:00,Thursday,Finch Stn,Mechanical,3,6,E/B,1765.0
2015-04-02,196,08:14:00,Thursday,Downsview Stn,Utilized Off Route,2,5,n,8160.0
2015-04-02,96,08:25:00,Thursday,Woodbine Downs and Carrier Dr.,Mechanical,15,30,E,1327.0
2015-04-02,97,08:30:00,Thursday,Steeles to QueensQuay,General Delay,30,20,b/w,
2015-04-02,196,08:34:00,Thursday,Downsview Stn,Mechanical,2,4,n,9447.0
2015-04-02,112,08:35:00,Thursday,West Mall at Rathburn,Diversion,75,83,sb,7937.0
2015-04-02,54,08:43:00,Thursday,Lawrence Manse,Investigation,6,12,eb,7580.0
2015-04-02,48,08:45:00,Thursday,Royal York Station to Mill rd. Loop,General Delay,15,0,BW,
2015-04-02,39,08:48:00,Thursday,Finch at Markham,Mechanical,15,30,E/B,1104.0
2015-04-02,60,08:50:00,Thursday,Finch Station,Mechanical,7,14,W/B,9131.0
2015-04-02,191,08:56:00,Thursday,Martin Gorve,Utilized Off Route,5,10,s,7900.0
2015-04-02,67,09:04:00,Thursday,Pharmacy and Reddings,Mechanical,17,34,SB,7497.0
2015-04-02,110,09:06:00,Thursday,Islington Station,Utilized Off Route,12,24,S,7329.0
2015-04-02,44,09:06:00,Thursday,Kipling station,Utilized Off Route,4,7,sb,8027.0
2015-04-02,105,09:15:00,Thursday,Dufferin at Steeprock,Mechanical,14,28,s,8190.0
2015-04-02,85,09:30:00,Thursday,85 Sheppard,General Delay,23,46,BW,
2015-04-02,96,09:37:00,Thursday,Wilson Stn.,Mechanical,5,10,E,7230.0
2015-04-02,54,09:45:00,Thursday,Lawrence rt,Mechanical,6,12,eb,7605.0
2015-04-02,53,09:56:00,Thursday,Steeles and Bayview,Emergency Services,5,11,w,1106.0
2015-04-02,133,09:57:00,Thursday,Neilson and Crow Trail,Mechanical,10,20,N,1807.0
2015-04-02,165,10:00:00,Thursday,Weston and Wilson,Mechanical,5,6,E,7218.0
2015-04-02,191,10:06:00,Thursday,Martin Grove,Mechanical,5,10,W,7947.0
2015-04-02,199,10:34:00,Thursday,STC,Mechanical,4,8,W/B,1781.0
2015-04-02,97,10:35:00,Thursday,Yonge and Glebe,Diversion,39,54,n,8385.0
2015-04-02,56,10:36:00,Thursday,Eglinton stn,Mechanical,13,30,e/b,8163.0
2015-04-02,12,10:37:00,Thursday,Kennedy Stn,Mechanical,20,40,E/B,7842.0
2015-04-02,44,10:39:00,Thursday,Kipling station,Utilized Off Route,5,11,sb,7944.0
2015-04-02,38,10:50:00,Thursday,Ellesmere and Bellamy,Mechanical,6,12,W,1126.0
2015-04-02,111,10:50:00,Thursday,KIPLING STN,Mechanical,10,20,nb,7323.0
2015-04-02,97,10:55:00,Thursday,Yonge and Lawrence,Utilized Off Route,30,60,N,8173.0
2015-04-02,63,11:00:00,Thursday,Davenport and Ossington,Mechanical,7,15,W,1012.0
2015-04-02,95,11:02:00,Thursday,York Mills and York Ridge,Mechanical,8,16,EB,1077.0
2015-04-02,196,11:13:00,Thursday,Downsview Stn,Utilized Off Route,2,4,w,8371.0
2015-04-02,97,11:16:00,Thursday,Yonge and Ranliegh,Investigation,15,30,s,8173.0
2015-04-02,106,11:20:00,Thursday,Downsview Stn,Mechanical,10,20,w,9440.0
2015-04-02,172,11:30:00,Thursday,York & Wellington,General Delay,10,1,W/B,
2015-04-02,88,11:44:00,Thursday,St.clair station,Mechanical,15,30,E,9410.0
2015-04-02,63,12:00:00,Thursday,63-Ossington route,General Delay,15,12,b/w,
2015-04-02,40,12:00:00,Thursday,Dundas West Station,Mechanical,10,20,W,8045.0
2015-04-02,52,12:01:00,Thursday,Bolinbroke Rd. on Lawrence Ave. W,Investigation,15,30,B/W,1589.0
2015-04-02,26,12:03:00,Thursday,26- Dupont route,General Delay,15,12,b/w,
2015-04-02,25,12:18:00,Thursday,York Mills and Don Mills,Mechanical,4,8,Sb,7567.0
2015-04-02,96,12:21:00,Thursday,York Mills Stn.,Mechanical,18,36,W,1236.0
2015-04-02,68,12:24:00,Thursday,Warden STN,Mechanical,10,19,NB,7464.0
2015-04-02,54,12:30:00,Thursday,Lawrence rt,Mechanical,6,12,eb,7405.0
2015-04-02,168,12:35:00,Thursday,Dundas West Station,Mechanical,10,20,N/B,8086.0
2015-04-02,57,12:42:00,Thursday,Kennedy Station,Mechanical,11,22,N,8132.0
2015-04-02,57,12:43:00,Thursday,Midland & Dorcot,Diversion,24,35,B/W,7812.0
2015-04-02,199,12:47:00,Thursday,STC,Mechanical,4,8,E/B,1115.0
2015-04-02,165,12:54:00,Thursday,Wilson and Clayson,Investigation,7,15,W,1732.0
2015-04-02,76,12:56:00,Thursday,Royal York Station,Utilized Off Route,9,18,N/B,8052.0
2015-04-02,29,12:57:00,Thursday,Wilson Stn,Mechanical,4,8,sb,9044.0
2015-04-02,191,13:00:00,Thursday,191 HWY 27 rocket route,General Delay,20,28,B,7922.0
2015-04-02,32,13:00:00,Thursday,Entire route,General Delay,25,50,B/W,
2015-04-02,36,13:00:00,Thursday,Finch West route,General Delay,30,45,B,9125.0
2015-04-02,53,13:06:00,Thursday,Steeles and Markham,Mechanical,6,12,w,1067.0
2015-04-02,41,13:16:00,Thursday,Keele Stn,Mechanical,9,18,S,9136.0
2015-04-02,25,13:18:00,Thursday,Wynford and Don Mills,Mechanical,4,8,SB,7574.0
2015-04-02,53,13:30:00,Thursday,Finch Stn,Mechanical,12,17,E,1102.0
2015-04-02,196,13:31:00,Thursday,Downsview Stn,Utilized Off Route,2,4,w,8371.0
2015-04-02,103,13:40:00,Thursday,Eglinton Station,Mechanical,20,40,N,8204.0
2015-04-02,46,13:50:00,Thursday,Martin Grove and Hwy.409,Diversion,10,21,n,1383.0
2015-04-02,25,14:00:00,Thursday,25 Don Mills Route,General Delay,20,22,BW,
2015-04-02,195,14:00:00,Thursday,From Steeles to Jane Stn,General Delay,10,20,B/W,1342.0
2015-04-02,224,14:00:00,Thursday,224 Victoria Pk North,General Delay,25,30,BW,
2015-04-02,116,14:00:00,Thursday,116 Morningside route,General Delay,20,20,BW,
2015-04-02,41,14:00:00,Thursday,Entire Route,General Delay,10,20,B/W,
2015-04-02,89,14:00:00,Thursday,Entire Route,General Delay,10,20,B/W,
2015-04-02,190,14:00:00,Thursday,190 Scar. Rocket,General Delay,25,36,BW,
2015-04-02,53,14:00:00,Thursday,Finch Stn to Staines,General Delay,15,20,B/W,
2015-04-02,35,14:00:00,Thursday,Jane and Langstaff to Jane Stn,General Delay,20,40,B/W,1215.0
2015-04-02,196,14:00:00,Thursday,Downsview Stn,Utilized Off Route,2,4,w,9429.0
2015-04-02,17,14:11:00,Thursday,Birchmount and Lawrence,Mechanical,13,26,NB,7795.0
2015-04-02,100,14:11:00,Thursday,Broadview Station,Emergency Services,8,15,nb,7441.0
2015-04-02,37,14:12:00,Thursday,ISLINGTON STN,Investigation,18,36,nb,8020.0
2015-04-02,37,14:21:00,Thursday,ISLINGTON STN,Utilized Off Route,18,27,nb,8037.0
2015-04-02,35,14:23:00,Thursday,Jane and Finch,Mechanical,8,16,N/b,7248.0
2015-04-02,129,14:29:00,Thursday,Scar Town,Late Leaving Garage,5,10,N,9074.0
2015-04-02,100,14:30:00,Thursday,broadview station,Emergency Services,8,25,NB,7535.0
2015-04-02,70,14:30:00,Thursday,Victoria Park/Oconner,Mechanical,10,20,UP,7462.0
2015-04-02,85,14:30:00,Thursday,Sheppard Stn to Rouge Hill,General Delay,20,25,E/W,
2015-04-02,29,14:30:00,Thursday,Dufferin route,General Delay,30,15,B,
2015-04-02,198,14:30:00,Thursday,198 Scarborough Rocket,General Delay,18,20,BW,
2015-04-02,94,14:30:00,Thursday,WELLESLEY ROUTE,General Delay,25,0,BW,
2015-04-02,85,14:32:00,Thursday,Rouge Hill Go,Late Leaving Garage,14,26,W,9076.0
2015-04-02,59,14:34:00,Thursday,Lawrence Stn,Mechanical,9,18,w,1419.0
2015-04-02,110,14:37:00,Thursday,islington and saybrook ave,Mechanical,12,24,nb,7975.0
2015-04-02,66,14:38:00,Thursday,Marine Parage,General Delay,15,30,S/B,7952.0
2015-04-02,132,14:42:00,Thursday,Milner E/O Progress,Mechanical,30,60,E,1822.0
2015-04-02,129,14:42:00,Thursday,Scar Town,Late Leaving Garage,15,27,N,9100.0
2015-04-02,54,14:46:00,Thursday,Scarborough golf club/Lawerence,Mechanical,8,16,E/B,7544.0
2015-04-02,57,14:50:00,Thursday,Steeles Ave E to Kennedy Station,General Delay,12,0,B/W,
2015-04-02,12,14:50:00,Thursday,Victoria Park Stn  to Barkene hills to Kennedy Stn,General Delay,16,0,B/W,
2015-04-02,57,14:52:00,Thursday,Kennedy Station,Mechanical,11,22,n,7720.0
2015-04-02,76,14:54:00,Thursday,Mimico and Lakeshore,Utilized Off Route,5,10,n,7346.0
2015-04-02,122,14:55:00,Thursday,Roywood and Fenside.,Mechanical,15,27,W,8306.0
2015-04-02,44,14:55:00,Thursday,Colonol Samual Loop,Utilized Off Route,3,7,n,8028.0
2015-04-02,85,14:56:00,Thursday,Rouge Hill Go,Late Leaving Garage,12,24,W,9103.0
2015-04-02,86,15:00:00,Thursday,86 Scarborough Route,General Delay,19,20,BW,
2015-04-02,52,15:00:00,Thursday,Entire route,General Delay,15,35,b/w,
2015-04-02,90,15:00:00,Thursday,Vaughan Route,General Delay,20,25,b/w,
2015-04-02,61,15:00:00,Thursday,Eglinton Station to Bombay Loop,General Delay,20,35,N,
2015-04-02,5,15:00:00,Thursday,Queens Park to Eglinton,General Delay,15,31,N,
2015-04-02,71,15:00:00,Thursday,Entire route,General Delay,8,16,B/W,
2015-04-02,95,15:00:00,Thursday,Entire Route,General Delay,20,25,B/W's,
2015-04-02,97,15:00:00,Thursday,Steeles / Queen Quay,General Delay,40,88,b/w,
2015-04-02,23,15:00:00,Thursday,Dawes route,General Delay,10,20,n/s,
2015-04-02,124,15:00:00,Thursday,Law stn / Sunnybrook hospital,General Delay,6,15,b/w,
2015-04-02,131,15:00:00,Thursday,Entire Route,General Delay,15,24,B/W's,
2015-04-02,24,15:00:00,Thursday,VICTORIA PARK ROUTE,General Delay,25,0,BW,
2015-04-02,52,15:01:00,Thursday,Lawrence station,Late Leaving Garage,11,17,w/b,1024.0
2015-04-02,21,15:03:00,Thursday,Steeles Ave East to Kennedy Station,General Delay,12,0,s/b,7863.0
2015-04-02,108,15:05:00,Thursday,Grandravine and Driftwood,Mechanical,10,20,S,1505.0
2015-04-02,199,15:10:00,Thursday,Finch Stn to Bayview and Finch,Diversion,84,88,E/B,1814.0
2015-04-02,199,15:11:00,Thursday,STC,Utilized Off Route,4,8,W,1782.0
2015-04-02,37,15:12:00,Thursday,ISLINGTON STN,Mechanical,9,18,nb,7342.0
2015-04-02,130,15:15:00,Thursday,STC,Mechanical,15,30,N,1822.0
2015-04-02,7,15:15:00,Thursday,Bathurst and Wilson,Mechanical,11,19,s,9040.0
2015-04-02,79,15:15:00,Thursday,weston and lawrence,Mechanical,12,24,n/b,1200.0
2015-04-02,116,15:20:00,Thursday,Eglinton Garage,Mechanical,23,55,BW,7413.0
2015-04-02,133,15:21:00,Thursday,STC Station,Mechanical,7,14,e,1803.0
2015-04-02,196,15:22:00,Thursday,Downsview Stn.,Utilized Off Route,3,6,w,9446.0
2015-04-02,36,15:22:00,Thursday,Finch station  36D,Mechanical,12,27,W,9115.0
2015-04-02,131,15:23:00,Thursday,Kennedy,Late Leaving Garage,9,18,N,1304.0
2015-04-02,89,15:24:00,Thursday,Weston Rd. and Lawrence Ave.West,Investigation,9,17,N,1674.0
2015-04-02,42,15:25:00,Thursday,Mcnicoll,Investigation,28,46,w,8193.0
2015-04-02,60,15:29:00,Thursday,Finch Station,Mechanical,7,14,W,7212.0
2015-04-02,7,15:30:00,Thursday,Bathurst Street,General Delay,31,90,b/w,
2015-04-02,88,15:30:00,Thursday,St Clair stn / Queen Quay,General Delay,8,20,b/w,
2015-04-02,11,15:30:00,Thursday,Eglinton to 401,General Delay,25,37,N,
2015-04-02,172,15:32:00,Thursday,Spadina Stn to Cherry Street,General Delay,11,0,b/w,
2015-04-02,196,15:43:00,Thursday,Downsview Station,Utilized Off Route,34,6,N,8191.0
2015-04-02,53,15:43:00,Thursday,Passmore & Markham Rd,Mechanical,5,10,W,1128.0
2015-04-02,196,15:50:00,Thursday,Downsview stn,Utilized Off Route,2,4,n,1796.0
2015-04-02,109,15:54:00,Thursday,Eglinton and Marlee,General Delay,25,50,b/w,
2015-04-02,160,16:00:00,Thursday,Bathurst North Route,General Delay,40,55,b/w,
2015-04-02,132,16:00:00,Thursday,STC to Hupfield,General Delay,25,35,E/W,
2015-04-02,98,16:00:00,Thursday,Peckham / Steeles,General Delay,8,16,b/w,
2015-04-02,54,16:00:00,Thursday,54 Lawerence route,General Delay,20,30,W/B,7510.0
2015-04-02,134,16:00:00,Thursday,STC to Ironside & McNicoll,General Delay,8,16,B/W,
2015-04-02,70,16:00:00,Thursday,Amsterdam/Oconner,General Delay,20,30,Down,7587.0
2015-04-02,199,16:00:00,Thursday,Finch Stn to STC,General Delay,20,15,B/W,
2015-04-02,130,16:00:00,Thursday,STC to Middlefield Loop,General Delay,25,35,E/W,
2015-04-02,54,16:01:00,Thursday,Centennial /Lawerence,Emergency Services,10,20,UP,7636.0
2015-04-02,95,16:06:00,Thursday,York Mills Station,Utilized Off Route,9,18,e/b,1740.0
2015-04-02,60,16:09:00,Thursday,Bathurst Street and Greewwin Village,Investigation,7,14,N,1275.0
2015-04-02,95,16:14:00,Thursday,Scarborough College Loop,Mechanical,9,18,W/B,1762.0
2015-04-02,54,16:17:00,Thursday,Donmills/Lawerence,Mechanical,10,20,W/B,7544.0
2015-04-02,95,16:26:00,Thursday,York Mills Station,Utilized Off Route,9,18,e/b,1792.0
2015-04-02,122,16:30:00,Thursday,Graydon Hall route,General Delay,40,35,BW,
2015-04-02,60,16:30:00,Thursday,Steeles West Route,General Delay,15,23,BW,
2015-04-02,35,16:38:00,Thursday,Jane and Steeles,Mechanical,5,10,S/b,1332.0
2015-04-02,133,16:47:00,Thursday,Neilson and Military Trail,Mechanical,7,21,w,1750.0
2015-04-02,32,16:49:00,Thursday,Eglinton /Duplex,Investigation,8,16,w,1013.0
2015-04-02,95,16:49:00,Thursday,York Mills Station,Utilized Off Route,9,18,e/b,1147.0
2015-04-02,59,16:50:00,Thursday,Lawr Stn,Mechanical,9,18,w,1419.0
2015-04-02,42,17:00:00,Thursday,Finch stn / Maybrook,General Delay,9,20,b/w,
2015-04-02,116,17:00:00,Thursday,Kennedy Stn.,General Delay,20,30,,7526.0
2015-04-02,39,17:00:00,Thursday,Finch Stn to Morningview and Old Finch,General Delay,20,15,B/W,
2015-04-02,86,17:00:00,Thursday,Kennedy Stn.,General Delay,15,30,,7628.0
2015-04-02,142,17:00:00,Thursday,Queen's Park to Bombay loop,General Delay,15,45,N,
2015-04-02,129,17:10:00,Thursday,HWY 401 to McCowan and Major Mackenzie,General Delay,20,25,B/W,
2015-04-02,90,17:14:00,Thursday,Oakwood and Vaughan,Mechanical,11,21,s,9439.0
2015-04-02,36,17:20:00,Thursday,Finch and Keele,Investigation,8,15,W,9119.0
2015-04-02,107,17:21:00,Thursday,Keele and Toro,Investigation,22,44,w,9441.0
2015-04-02,196,17:27:00,Thursday,Downsview Stn,Utilized Off Route,2,4,w,8387.0
2015-04-02,51,17:30:00,Thursday,Yorkmills to 401,General Delay,15,30,N,
2015-04-02,29,17:37:00,Thursday,College,Mechanical,5,10,S,9039.0
2015-04-02,25,17:38:00,Thursday,Pape Stn,Mechanical,3,6,N,7507.0
2015-04-02,9,17:51:00,Thursday,Brimley & ST Clair,Investigation,15,30,EB,7729.0
2015-04-02,35,17:52:00,Thursday,Jane and Finch,Investigation,5,10,S/b,1559.0
2015-04-02,34,18:00:00,Thursday,34-Eglinton Route,General Delay,15,22,BW,
2015-04-02,91,18:00:00,Thursday,Woodbinle and Virgina Street,Investigation,24,48,S,7697.0
2015-04-02,195,18:00:00,Thursday,York U.Commons,Mechanical,10,20,S/b,1213.0
2015-04-02,100,18:00:00,Thursday,100-Flemingdon Route,General Delay,15,23,BW,
2015-04-02,168,18:00:00,Thursday,Route 168 Symington,General Delay,1,1,b/w,
2015-04-02,111,18:00:00,Thursday,Route111 East Mall,General Delay,1,1,b/w,
2015-04-02,37,18:00:00,Thursday,Route 37 Islington,General Delay,1,1,b/w,
2015-04-02,95,18:01:00,Thursday,York Mills Station,Utilized Off Route,9,18,e/b,1070.0
2015-04-02,90,18:03:00,Thursday,Oakwood and Eglinton,Utilized Off Route,10,21,s,8310.0
2015-04-02,771,18:04:00,Thursday,St. Clair,Utilized Off Route,5,10,N,9444.0
2015-04-02,102,18:04:00,Thursday,Markham & Markana,Mechanical,22,44,NB,7872.0
2015-04-02,709,18:05:00,Thursday,Todd Baylis/ Industry,Utilized Off Route,5,10,e,1630.0
2015-04-02,63,18:05:00,Thursday,St.Clair & Oakwood,Utilized Off Route,10,20,s/b,1617.0
2015-04-02,144,18:24:00,Thursday,144 Express route,General Delay,20,40,Down,
2015-04-02,31,18:35:00,Thursday,QUEEN,Mechanical,8,10,N,7738.0
2015-04-02,106,18:41:00,Thursday,Downsview Station,Mechanical,9,19,W,8126.0
2015-04-02,52,18:46:00,Thursday,Lawrence and Caledonia,Investigation,11,22,w/b,1657.0
2015-04-02,196,18:52:00,Thursday,Downsview Station,Utilized Off Route,3,6,N,9422.0
2015-04-02,199,18:56:00,Thursday,Bayview and Finch,Investigation,4,8,E/B,1814.0
2015-04-02,24,19:14:00,Thursday,VP STN,Mechanical,14,21,N,7826.0
2015-04-02,11,19:24:00,Thursday,Sunnybrook Hospital,Investigation,12,24,N,8353.0
2015-04-02,95,19:25:00,Thursday,York Mills Station,Utilized Off Route,9,18,e/b,1711.0
2015-04-02,14,20:08:00,Thursday,Glencairn and Englemount,Investigation,20,40,W/B,1676.0
2015-04-02,7,20:10:00,Thursday,Bathurst and Saranac,Diversion,335,345,NB,9027.0
2015-04-02,85,20:17:00,Thursday,Sheppard @ McCowan,Emergency Services,15,30,W,9076.0
2015-04-02,85,20:17:00,Thursday,Sheppard @ McCowan,Diversion,108,116,W,1075.0
2015-04-02,15,20:29:00,Thursday,Royal York/Coney,Diversion,15,30,b/w,8096.0
2015-04-02,199,20:30:00,Thursday,McCowan and Sheppard,Diversion,60,67,N/B,
2015-04-02,63,20:30:00,Thursday,Vaughn & Oakwood,Mechanical,7,14,n/b,1242.0
2015-04-02,131,20:32:00,Thursday,McCowan @ Sheppard,Diversion,93,116,N,1107.0
2015-04-02,76,20:35:00,Thursday,Royal York/Coney,Diversion,10,20,b/w,8093.0
2015-04-02,130,20:36:00,Thursday,McCowan @ Sheppard,Diversion,89,111,N,1763.0
2015-04-02,169,20:40:00,Thursday,McCowan and Sheppard,Diversion,86,116,N,8158.0
2015-04-02,129,20:42:00,Thursday,McCowan and Sheppard,Diversion,6,12,s,9074.0
2015-04-02,129,20:52:00,Thursday,McCowan and Shepard,Diversion,74,80,n,1352.0
2015-04-02,46,21:50:00,Thursday,kipling stn,Mechanical,20,40,n/b,1679.0
2015-04-02,89,22:00:00,Thursday,Entire Route,General Delay,8,20,B/W,
2015-04-02,6,22:00:00,Thursday,Entire Route,General Delay,10,25,B/W,
2015-04-02,76,22:15:00,Thursday,Lakeshore,Mechanical,15,30,s/b,8052.0
2015-04-02,69,23:03:00,Thursday,Warden Station,Mechanical,10,20,S,7858.0
2015-04-02,55,23:39:00,Thursday,Dundas and Brookside,Mechanical,30,60,E/B,1600.0
2015-04-03,52,00:05:00,Friday,Airport and Jetliner,Utilized Off Route,30,60,E/B,1627.0
2015-04-03,52,00:35:00,Friday,Lawrence and Pimlico,Mechanical,18,36,W/B,1613.0
2015-04-03,320,03:45:00,Friday,yonge and bishop,Mechanical,3,6,n/b,8344.0
2015-04-03,300,03:53:00,Friday,Burnhamthorpe - aboce Hwy 427,Mechanical,30,60,E,7685.0
2015-04-03,52,05:02:00,Friday,Tollington and Martin Grove,Late Leaving Garage,5,5,EB,1536.0
2015-04-03,6,05:15:00,Friday,Bedford and Dupont,Late Leaving Garage,30,53,SB,1003.0
2015-04-03,129,05:19:00,Friday,Major Mackenzie,Late Leaving Garage,60,120,sb,1079.0
2015-04-03,129,05:23:00,Friday,Steeles Loop,Utilized Off Route,10,20,sb,1767.0
2015-04-03,47,05:55:00,Friday,Yordale Rd. (South Side),Diversion,555,575,SB,1064.0
2015-04-03,35,05:57:00,Friday,Jane and Sheppard,Late Leaving Garage,1,1,N,1221.0
2015-04-03,96,06:46:00,Friday,Weston rd and Walsh,Emergency Services,30,60,W/B,1373.0
2015-04-03,195,07:29:00,Friday,Jane and Steeles,Mechanical,10,20,S,1356.0
2015-04-03,41,08:22:00,Friday,Keele Station,Mechanical,10,20,NB,1571.0
2015-04-03,85,09:11:00,Friday,RHGO Station-Lawence,Mechanical,24,48,wb,1825.0
2015-04-03,195,09:30:00,Friday,Finch Ave West and Jane St,Emergency Services,10,20,S,7942.0
2015-04-03,100,10:10:00,Friday,Don Mills and Eglinton,Mechanical,9,18,EB,7420.0
2015-04-03,165,10:25:00,Friday,WESTON RD AND RUTHERFORD,Mechanical,30,60,N/B,1298.0
2015-04-03,35,10:40:00,Friday,Wilson and Jane,Mechanical,11,22,N,7920.0
2015-04-03,36,10:47:00,Friday,FARR,Late Leaving Garage,3,7,E,1791.0
2015-04-03,29,10:55:00,Friday,Dufferin & Eglinton,Mechanical,6,12,n,8214.0
2015-04-03,85,11:02:00,Friday,Toronto ZOO,Late Leaving Garage,11,22,wb,1793.0
2015-04-03,85,11:06:00,Friday,Don Mills Station,Late Leaving Garage,11,22,eb,1740.0
2015-04-03,38,11:53:00,Friday,Ellesmere and Neilson,Investigation,10,20,wb,1069.0
2015-04-03,35,11:56:00,Friday,Jane and Sheppard,Mechanical,11,22,S,1285.0
2015-04-03,90,12:02:00,Friday,St Clair W.,Mechanical,8,16,w,8389.0
2015-04-03,29,12:02:00,Friday,Wilson Stn,Mechanical,4,7,e,8353.0
2015-04-03,84,12:14:00,Friday,Sheppard Stn,Mechanical,7,14,W,1680.0
2015-04-03,102,12:28:00,Friday,Birchmount garage,Mechanical,12,24,N/B,8128.0
2015-04-03,42,12:30:00,Friday,Finch Stn,Mechanical,15,30,e,8163.0
2015-04-03,98,12:30:00,Friday,Steeles loop,Mechanical,30,60,s,8391.0
2015-04-03,199,13:10:00,Friday,Finch and Willowdale,Investigation,7,14,EB,1757.0
2015-04-03,25,13:11:00,Friday,Don Mills Station,Mechanical,5,11,SB,7464.0
2015-04-03,91,14:29:00,Friday,Curity/Hollinger,Mechanical,24,48,N/B,7722.0
2015-04-03,53,14:30:00,Friday,Entire Route,General Delay,15,0,BW,
2015-04-03,96,14:39:00,Friday,Carrier loop,Mechanical,30,60,E,1337.0
2015-04-03,83,14:40:00,Friday,Wheel Trans,Mechanical,24,48,N/B,7761.0
2015-04-03,124,14:44:00,Friday,Lawrence Stn.,Investigation,20,40,e,8396.0
2015-04-03,24,14:56:00,Friday,VP Stn,Mechanical,8,16,SB,8115.0
2015-04-03,53,15:01:00,Friday,Finch Station,Investigation,7,14,EB,1140.0
2015-04-03,97,15:12:00,Friday,Yonge & Lawrence,Utilized Off Route,30,60,n,8326.0
2015-04-03,42,15:30:00,Friday,Finch Stn.,Mechanical,15,30,e,8154.0
2015-04-03,84,15:34:00,Friday,Arrow and Sheppard,Mechanical,7,14,W,1259.0
2015-04-03,63,15:34:00,Friday,Shaw and King,Utilized Off Route,7,14,s/b,1670.0
2015-04-03,29,15:35:00,Friday,Bloor,Utilized Off Route,4,8,N,8321.0
2015-04-03,7,15:35:00,Friday,St. Clair,Utilized Off Route,8,16,S,8351.0
2015-04-03,29,15:35:00,Friday,Bloor,Utilized Off Route,4,8,N,8321.0
2015-04-03,41,16:20:00,Friday,Yor / Trethewey,Investigation,9,18,s,1503.0
2015-04-03,116,17:00:00,Friday,Eglinton & Cedar,Diversion,176,184,E,7425.0
2015-04-03,86,17:00:00,Friday,Eglinton & Cedar,Diversion,176,184,E,7539.0
2015-04-03,100,17:20:00,Friday,Gervais Dr and Eglinton,Mechanical,7,14,SB,7408.0
2015-04-03,120,17:30:00,Friday,Northover South of Sheppard,Mechanical,30,60,S,1358.0
2015-04-03,101,17:30:00,Friday,Downsview Park,Mechanical,20,0,E,1207.0
2015-04-03,88,17:50:00,Friday,Overlea and Thorncliffe,Investigation,20,40,S,8332.0
2015-04-03,84,18:01:00,Friday,Downsview Station,Utilized Off Route,7,14,W,1789.0
2015-04-03,97,18:15:00,Friday,Davisville station,Utilized Off Route,15,30,N,8175.0
2015-04-03,10,18:29:00,Friday,Don Mikllls station,Mechanical,30,60,E,8346.0
2015-04-03,60,18:35:00,Friday,Abitibi Avenue on Yonge Street,Mechanical,6,12,S,1229.0
2015-04-03,51,18:38:00,Friday,Finch,Utilized Off Route,20,40,S,8141.0
2015-04-03,95,19:00:00,Friday,SCLP,Late Leaving Garage,10,20,W,1391.0
2015-04-03,89,19:00:00,Friday,Entire Route,General Delay,18,30,B/W,
2015-04-03,85,19:03:00,Friday,Rouge Hill Go,Mechanical,30,60,W,1080.0
2015-04-03,195,19:10:00,Friday,Jane Station,Mechanical,10,20,N,1232.0
2015-04-03,42,19:20:00,Friday,Finch Station,Mechanical,20,40,E,8153.0
2015-04-03,51,19:24:00,Friday,Eglinton and Laird,Mechanical,27,54,W,8383.0
2015-04-03,102,19:28:00,Friday,Warden Stn,Mechanical,12,32,S/B,8117.0
2015-04-03,102,19:33:00,Friday,Warden Stn,Mechanical,10,22,E,8117.0
2015-04-03,39,20:06:00,Friday,Finch and Birchmount,Mechanical,9,17,W,1823.0
2015-04-03,53,20:15:00,Friday,Finch station,Mechanical,19,38,E,1141.0
2015-04-03,100,21:03:00,Friday,Eglinton and Lesslie,Investigation,11,22,EB,7583.0
2015-04-03,52,21:03:00,Friday,Lawrence West Stn,Mechanical,15,30,W/B,1547.0
2015-04-03,29,21:05:00,Friday,Wilson Station,Mechanical,12,24,S,8353.0
2015-04-03,39,21:42:00,Friday,Finch and Warden,Mechanical,9,17,W,1828.0
2015-04-03,51,22:05:00,Friday,Leslie and Tallwood,Mechanical,31,61,N,8338.0
2015-04-03,41,23:18:00,Friday,Keele and Sheppard,Emergency Services,22,44,N/B,1635.0
2015-04-03,52,23:45:00,Friday,Lawrence and Jane,Mechanical,30,60,W/B,1524.0
2015-04-04,36,00:15:00,Saturday,finch and islington,Mechanical,10,20,w/b,1296.0
2015-04-04,123,00:34:00,Saturday,LONG BRANCH LOOP,Investigation,15,45,nb,8034.0
2015-04-04,96,00:50:00,Saturday,carrire loop,Emergency Services,14,28,e/b,1310.0
2015-04-04,96,01:10:00,Saturday,albion and humberline,Mechanical,14,28,e/b,7916.0
2015-04-04,36,02:25:00,Saturday,finch stn,Emergency Services,20,40,e/b,1404.0
2015-04-04,31,03:25:00,Saturday,blooor and ossington,Mechanical,30,60,e/b,1670.0
2015-04-04,300,03:45:00,Saturday,Both ways,General Delay,10,25,,
2015-04-04,29,04:46:00,Saturday,Wilson Garage,Late Leaving Garage,14,28,,9037.0
2015-04-04,68,05:25:00,Saturday,Warden loop at Steeles,Late Leaving Garage,46,92,SB,7575.0
2015-04-04,25,05:25:00,Saturday,Coxwell and O connor,Utilized Off Route,15,30,NB,7636.0
2015-04-04,32,05:32:00,Saturday,Eglinton Station,Mechanical,28,43,WB,1669.0
2015-04-04,111,05:44:00,Saturday,Queensway Garage,Mechanical,20,0,n/b,7945.0
2015-04-04,130,05:45:00,Saturday,Scarbourough Town Centre,Late Leaving Garage,10,0,NB,1766.0
2015-04-04,46,05:50:00,Saturday,Kipling stn,Late Leaving Garage,15,30,N,1559.0
2015-04-04,29,06:02:00,Saturday,CNE loop,Mechanical,8,15,,9017.0
2015-04-04,78,06:15:00,Saturday,Faywood / Wilson,Mechanical,30,60,,8300.0
2015-04-04,7,06:25:00,Saturday,Bathurst & Wilson,Utilized Off Route,11,21,NB,8350.0
2015-04-04,29,06:35:00,Saturday,Wilson Stn,Mechanical,7,15,B/W,9020.0
2015-04-04,85,06:36:00,Saturday,W/b Sheppard and Washburnway,Mechanical,7,15,W,1301.0
2015-04-04,54,07:01:00,Saturday,Markham and Lawrence,Investigation,30,60,EB,7654.0
2015-04-04,196,07:12:00,Saturday,Wilson Garage,Late Leaving Garage,12,24,,8177.0
2015-04-04,191,07:19:00,Saturday,Kipling Stn,Late Leaving Garage,10,20,N,7921.0
2015-04-04,60,08:00:00,Saturday,Futurity,Investigation,10,20,e,1538.0
2015-04-04,36,08:00:00,Saturday,Finch stn,Mechanical,10,20,w,1405.0
2015-04-04,191,08:13:00,Saturday,Kipling stn,Late Leaving Garage,15,30,n,7950.0
2015-04-04,199,08:44:00,Saturday,Finch Station,Late Leaving Garage,8,16,EB,1317.0
2015-04-04,23,08:50:00,Saturday,Main Stn.,Late Leaving Garage,10,20,n,8113.0
2015-04-04,7,09:00:00,Saturday,Wilson Heights,Mechanical,8,17,,8391.0
2015-04-04,7,09:03:00,Saturday,Wilson Garage,Late Leaving Garage,6,12,,8146.0
2015-04-04,120,09:05:00,Saturday,Jane /Gilspur,Mechanical,30,60,S,1680.0
2015-04-04,165,09:12:00,Saturday,York Mills Stn,Late Leaving Garage,10,20,W,1363.0
2015-04-04,199,09:19:00,Saturday,Finch and Baylawn,Mechanical,8,16,EB,1145.0
2015-04-04,105,09:30:00,Saturday,Downsview Stn,Mechanical,15,30,,8215.0
2015-04-04,52,09:32:00,Saturday,Royal York Rd and Dixon Rd,Mechanical,21,42,e,1028.0
2015-04-04,60,09:35:00,Saturday,Keele,Mechanical,10,20,e,1339.0
2015-04-04,66,09:41:00,Saturday,Kingsmill and Bloor,Mechanical,12,24,e/b,8064.0
2015-04-04,37,09:45:00,Saturday,Islington Stn,Mechanical,20,40,n/b,8036.0
2015-04-04,106,09:58:00,Saturday,Downsview Stn,Utilized Off Route,12,24,NB,8360.0
2015-04-04,79,10:00:00,Saturday,Runnymede Station,Investigation,20,0,n,1677.0
2015-04-04,165,10:00:00,Saturday,York Mills Stn,Late Leaving Garage,10,20,W,1258.0
2015-04-04,79,10:09:00,Saturday,Pine St at Lawrence Ave W,Mechanical,10,20,s,1014.0
2015-04-04,50,10:15:00,Saturday,Burnhamthoroe and Eastmall,Mechanical,20,40,e,7934.0
2015-04-04,127,10:38:00,Saturday,Spadina Station,Mechanical,23,45,W,1249.0
2015-04-04,89,11:00:00,Saturday,Entire Route,General Delay,9,18,B/W,
2015-04-04,26,11:00:00,Saturday,Entire Route,General Delay,12,24,B/W,
2015-04-04,41,11:00:00,Saturday,Entire Route,General Delay,7,14,B/W,
2015-04-04,127,11:00:00,Saturday,Entire Route,General Delay,22,35,B/W,
2015-04-04,47,11:00:00,Saturday,Entire Route,General Delay,9,18,B/W,
2015-04-04,96,11:03:00,Saturday,Wilson and Clayson,Mechanical,11,22,E,1327.0
2015-04-04,16,11:09:00,Saturday,STC,Late Leaving Garage,10,20,SB,7870.0
2015-04-04,96,11:32:00,Saturday,York Mills Stn,Late Leaving Garage,27,54,W,1419.0
2015-04-04,29,11:57:00,Saturday,Dufferin and Auburn,Investigation,5,10,s,9031.0
2015-04-04,108,12:02:00,Saturday,FIDR,Mechanical,7,15,N,1505.0
2015-04-04,52,12:14:00,Saturday,Lawrence Station,Mechanical,17,34,w,1250.0
2015-04-04,190,12:20:00,Saturday,Brilmely & Progress,Diversion,9,17,WB,7591.0
2015-04-04,116,12:29:00,Saturday,Kingston and Morningside,Investigation,8,16,n/b,7635.0
2015-04-04,54,12:30:00,Saturday,Lawrence RT entrance,Investigation,16,32,EB,7515.0
2015-04-04,43,12:44:00,Saturday,Brimely & progress,Diversion,14,28,WB,7565.0
2015-04-04,195,13:00:00,Saturday,JNST,General Delay,10,20,B/W,
2015-04-04,35,13:00:00,Saturday,JNST to all Branches,General Delay,4,8,B/W,
2015-04-04,63,13:24:00,Saturday,Strachan and Canniff,Utilized Off Route,6,13,s/b,1575.0
2015-04-04,95,13:33:00,Saturday,Brookbanks and Parkswood Village,Mechanical,15,30,w/b,1794.0
2015-04-04,6,13:37:00,Saturday,Queens Quay loop,Utilized Off Route,12,24,n,1647.0
2015-04-04,51,13:44:00,Saturday,Lawrence/Leslie,Mechanical,24,48,NB,8219.0
2015-04-04,41,13:48:00,Saturday,Keele Station,Mechanical,7,14,N,1655.0
2015-04-04,29,14:07:00,Saturday,Springhurst Loop,Mechanical,3,6,s,8389.0
2015-04-04,106,14:10:00,Saturday,Downsview Station,Utilized Off Route,10,20,WB,8359.0
2015-04-04,111,14:23:00,Saturday,Dundas and Shaver,Investigation,11,22,nb,7933.0
2015-04-04,85,14:29:00,Saturday,Don Mills Stn,Mechanical,5,11,E,1757.0
2015-04-04,29,14:30:00,Saturday,Dufferin and lawrence.,Utilized Off Route,3,7,s,8361.0
2015-04-04,26,14:34:00,Saturday,Jane Station,Mechanical,24,48,E,1233.0
2015-04-04,160,14:45:00,Saturday,Bathurst & Townsgate,General Delay,36,20,,
2015-04-04,32,14:45:00,Saturday,Eglinton and Caledoina,Mechanical,24,48,e/b,1201.0
2015-04-04,35,15:02:00,Saturday,Wilson,Mechanical,4,8,N,1333.0
2015-04-04,100,15:10:00,Saturday,Eglinton STN,Utilized Off Route,10,19,EB,7644.0
2015-04-04,25,15:20:00,Saturday,Don Mills & Graydon Hall,Mechanical,5,11,NB,7557.0
2015-04-04,54,15:51:00,Saturday,Forman on Eglinton,Mechanical,15,30,w,7479.0
2015-04-04,65,16:00:00,Saturday,Parliament route,General Delay,16,32,B/W,7751.0
2015-04-04,54,16:00:00,Saturday,starspray loop,Mechanical,15,30,w,7562.0
2015-04-04,40,16:23:00,Saturday,Keele and Dundas,Diversion,29,41,w,8045.0
2015-04-04,41,16:30:00,Saturday,Keele St. and Diana Dr.,Mechanical,7,14,N,1003.0
2015-04-04,61,16:42:00,Saturday,Bombay Loop,Mechanical,20,40,S,8179.0
2015-04-04,106,16:53:00,Saturday,Downsview Stn,Utilized Off Route,10,20,E,8175.0
2015-04-04,32,17:05:00,Saturday,Eglinton and Chiltern Hill,Investigation,9,18,e/b,1049.0
2015-04-04,52,17:20:00,Saturday,Lawrence west station,Mechanical,5,10,e/b,1325.0
2015-04-04,199,17:24:00,Saturday,McCowan and Huntingwood,Diversion,7,14,B/W's,
2015-04-04,85,17:25:00,Saturday,Don Mills Stn,Mechanical,5,11,E,1712.0
2015-04-04,106,17:28:00,Saturday,Duplex/Eglinton,Utilized Off Route,10,20,s,8175.0
2015-04-04,709,17:28:00,Saturday,Eglinton west stn,Utilized Off Route,1,1,w/b,1224.0
2015-04-04,709,17:29:00,Saturday,Eglinton stn,Utilized Off Route,1,1,e/b,1041.0
2015-04-04,7,17:30:00,Saturday,Bathurst & St. Clair,Utilized Off Route,8,15,s,8326.0
2015-04-04,52,17:30:00,Saturday,Lawrence and sage ave.,Mechanical,17,34,w/b,1531.0
2015-04-04,41,17:34:00,Saturday,Keele St.and Lawrence Ave. West,Mechanical,7,14,S,1628.0
2015-04-04,113,17:38:00,Saturday,Kennedy and Summer,Diversion,18,140,B/W,8112.0
2015-04-04,53,17:40:00,Saturday,KENNEDY Rd,Mechanical,6,12,WB,1782.0
2015-04-04,168,17:50:00,Saturday,DAVENPORT AND OLD WESTON,Mechanical,9,18,WB,8031.0
2015-04-04,113,18:07:00,Saturday,Victoria Park and Danforth,Investigation,18,36,,8112.0
2015-04-04,29,18:09:00,Saturday,Dufferin and Springhurst,Investigation,3,6,n,9033.0
2015-04-04,6,18:50:00,Saturday,Charles & Bay,Mechanical,12,24,n/b,1647.0
2015-04-04,57,18:54:00,Saturday,Kennedy Stn,Mechanical,13,27,N,7779.0
2015-04-04,125,19:37:00,Saturday,Bathurst & Antibes (on Drewry),Mechanical,30,60,E,8381.0
2015-04-04,100,20:18:00,Saturday,Broadview station,Utilized Off Route,10,22,w,7458.0
2015-04-04,102,20:21:00,Saturday,Warden Station,Utilized Off Route,11,22,eb,7688.0
2015-04-04,25,20:22:00,Saturday,Pape station,Utilized Off Route,6,12,e,7447.0
2015-04-04,24,20:26:00,Saturday,Victoria Park Station,Utilized Off Route,10,20,nb,7789.0
2015-04-04,35,20:50:00,Saturday,jane and outlook,Diversion,8,131,s/b,1337.0
2015-04-04,96,21:20:00,Saturday,Yonge Blvd & Wilson,Emergency Services,24,48,E,1417.0
2015-04-04,161,21:45:00,Saturday,Rogers rd. and Dufferine,Mechanical,15,30,W/B,1537.0
2015-04-04,86,21:46:00,Saturday,Meadowvale loop,Investigation,11,22,SB,7506.0
2015-04-04,91,22:21:00,Saturday,Woodbine/Sammon,Mechanical,20,40,nb,7798.0
2015-04-04,21,22:41:00,Saturday,Brimley and Eagledance,Emergency Services,20,40,nb,7767.0
2015-04-04,65,23:16:00,Saturday,Esplanade/Berkeley,Mechanical,30,60,nb,7687.0
2015-04-04,32,23:18:00,Saturday,Chiltren Hill & Eglinton,Mechanical,14,28,e/b,1059.0
2015-04-04,172,23:19:00,Saturday,York/King,Utilized Off Route,22,44,eb,7750.0
2015-04-04,83,23:28:00,Saturday,Joanes/Danforth,Diversion,14,34,bw,
2015-04-05,1,01:16:00,Sunday,Finch Station,Mechanical,5,9,s,1141.0
2015-04-05,68,01:32:00,Sunday,Warden & Hymus,Emergency Services,16,32,SB,7497.0
2015-04-05,319,04:05:00,Sunday,York Mills Station,Mechanical,30,60,W,1236.0
2015-04-05,52,05:34:00,Sunday,Terminal 1,Late Leaving Garage,18,37,E/B,1539.0
2015-04-05,320,05:44:00,Sunday,Wilson Yard,Utilized Off Route,4,8,SB,8214.0
2015-04-05,47,05:50:00,Sunday,Ealrscourt Loop,Late Leaving Garage,20,40,S/B,1600.0
2015-04-05,86,06:11:00,Sunday,Kennedy station,Late Leaving Garage,0,15,e,7549.0
2015-04-05,29,06:35:00,Sunday,Wilson Yard,Late Leaving Garage,11,22,SB,8346.0
2015-04-05,52,07:14:00,Sunday,Lawrence West Stn,Late Leaving Garage,15,30,W/B,1233.0
2015-04-05,300,07:34:00,Sunday,Sherbourne St and Bloor,Diversion,93,103,West,7796.0
2015-04-05,106,08:08:00,Sunday,Wilson Yard,Late Leaving Garage,30,60,NB,8168.0
2015-04-05,38,08:15:00,Sunday,Scarb Town Ctr Stn,Mechanical,12,24,East,1140.0
2015-04-05,52,08:27:00,Sunday,Lawrence West Stn,Late Leaving Garage,12,25,W/B,1015.0
2015-04-05,92,08:47:00,Sunday,Woodbine Stn.,Late Leaving Garage,10,1,s,7778.0
2015-04-05,88,09:02:00,Sunday,Wilson Yard,Late Leaving Garage,10,1,NB,8374.0
2015-04-05,100,09:20:00,Sunday,Broadview statin,Mechanical,0,20,e,7547.0
2015-04-05,29,09:21:00,Sunday,Dufferin & College,Mechanical,5,9,SB,8138.0
2015-04-05,100,09:23:00,Sunday,Broadview station,Utilized Off Route,20,40,e,7533.0
2015-04-05,32,09:23:00,Sunday,Eglinton Stn,Late Leaving Garage,15,38,W/B,1039.0
2015-04-05,60,09:30:00,Sunday,York University Commons,Late Leaving Garage,17,0,E,1254.0
2015-04-05,94,10:21:00,Sunday,Castlefrank Stn,Mechanical,14,28,W/B,7719.0
2015-04-05,14,10:27:00,Sunday,Davisville Station,Mechanical,20,40,N/B,1590.0
2015-04-05,55,10:40:00,Sunday,Entire Route,Mechanical,30,60,B/W,1571.0
2015-04-05,51,10:49:00,Sunday,York Mills & Leslie,Mechanical,14,28,NB,8361.0
2015-04-05,36,10:55:00,Sunday,finch stn,Mechanical,5,10,w,1554.0
2015-04-05,17,10:58:00,Sunday,Warden Station,Late Leaving Garage,15,30,NB,7778.0
2015-04-05,53,11:00:00,Sunday,Kennedy & Steeles,General Delay,10,15,BW,
2015-04-05,77,11:00:00,Sunday,Entire route,General Delay,20,40,B/W,1049.0
2015-04-05,29,11:05:00,Sunday,Wilson Stn,Utilized Off Route,6,12,s,8173.0
2015-04-05,5,11:15:00,Sunday,Eglinton STN,Mechanical,20,40,SB,8359.0
2015-04-05,85,11:19:00,Sunday,Markham and Sheppard,Mechanical,8,16,East,1148.0
2015-04-05,39,11:25:00,Sunday,Finch station,Mechanical,9,17,EB,1723.0
2015-04-05,6,11:45:00,Sunday,Bedford and Davenport,Late Leaving Garage,12,24,S/B,1531.0
2015-04-05,29,11:55:00,Sunday,Wilson and Dufferin,Mechanical,3,7,s,8312.0
2015-04-05,29,12:35:00,Sunday,Wilson Stn,Utilized Off Route,4,8,s,8188.0
2015-04-05,32,12:43:00,Sunday,Eglinton West Stn,Late Leaving Garage,19,35,W/B,1513.0
2015-04-05,22,13:00:00,Sunday,Coxwell route,Diversion,1,1,NB,
2015-04-05,30,13:37:00,Sunday,Kipling station,Mechanical,3,33,eb,8030.0
2015-04-05,79,13:39:00,Sunday,Rnnymede and Bloor,Investigation,24,48,N/B,1033.0
2015-04-05,45,13:40:00,Sunday,Kipling station,Utilized Off Route,11,21,nb,8069.0
2015-04-05,32,14:00:00,Sunday,Eglinton West Stn,Mechanical,11,22,E/B,1543.0
2015-04-05,47,14:27:00,Sunday,Lansdowne Station,Mechanical,18,36,S,1041.0
2015-04-05,199,14:28:00,Sunday,Finch Station,Utilized Off Route,9,18,east,1704.0
2015-04-05,195,14:35:00,Sunday,Jane and Wilson,Mechanical,10,20,N/b,1209.0
2015-04-05,32,15:03:00,Sunday,Eglinton West Station,Mechanical,20,40,W,1062.0
2015-04-05,199,15:04:00,Sunday,Finch Station,Utilized Off Route,9,18,east,1401.0
2015-04-05,94,15:09:00,Sunday,Castlefrank Station,Mechanical,14,28,W,7721.0
2015-04-05,29,15:28:00,Sunday,Downsview Stn,Mechanical,3,6,s,8325.0
2015-04-05,199,15:40:00,Sunday,Finch Stn,Utilized Off Route,9,18,East,1812.0
2015-04-05,52,16:08:00,Sunday,Lawrence and olympia,Mechanical,16,32,E/B,1025.0
2015-04-05,25,16:48:00,Sunday,Don Mills and Eglinton,Mechanical,6,12,,7642.0
2015-04-05,21,17:21:00,Sunday,Kennedy Station,Mechanical,16,32,NB,7748.0
2015-04-05,32,17:57:00,Sunday,Eglinton Ave.West and Weston Rd.,Mechanical,20,40,W,1513.0
2015-04-05,191,18:03:00,Sunday,Kipling Stn,Mechanical,14,28,,7920.0
2015-04-05,85,18:16:00,Sunday,Don Mills Station,Mechanical,25,50,EB,1107.0
2015-04-05,60,18:31:00,Sunday,Finch Stn,Mechanical,12,23,,1504.0
2015-04-05,52,18:57:00,Sunday,Lawrence w stn,Investigation,15,30,E,1539.0
2015-04-05,85,19:15:00,Sunday,Sheppard/Murison,Mechanical,4,8,EB,1145.0
2015-04-05,6,19:40:00,Sunday,Bay & Queens Quay,Mechanical,17,34,N,1669.0
2015-04-05,32,20:18:00,Sunday,Eglinton Ave.West and Westover Hill Rd.,Mechanical,9,18,E,1617.0
2015-04-05,39,22:15:00,Sunday,E/B Finch and Leslie,Mechanical,9,17,E,1120.0
2015-04-05,48,23:33:00,Sunday,Rathburn at Vassar,Diversion,30,99,BW,7964.0
2015-04-05,46,23:45:00,Sunday,Lloyd Manor & Rathburn,Diversion,30,99,N,1306.0
2015-04-06,25,04:38:00,Monday,Sheppard and Don Mills,Mechanical,30,60,sb,7552.0
2015-04-06,25,04:55:00,Monday,Pape Station,Mechanical,3,6,NB,7528.0
2015-04-06,108,05:03:00,Monday,Stong /Jane,Mechanical,1,15,S,1348.0
2015-04-06,134,05:05:00,Monday,Tapscott and Crow Trail,Mechanical,2,0,n,1743.0
2015-04-06,7,05:21:00,Monday,Bathurst and Wilson,Late Leaving Garage,10,30,S,9014.0
2015-04-06,173,05:24:00,Monday,CARLAW/COMMISSIONERS,Late Leaving Garage,5,5,W,8116.0
2015-04-06,129,05:25:00,Monday,Steeles Ave E and Mcowan,Late Leaving Garage,1,1,s,9099.0
2015-04-06,85,05:25:00,Monday,Meadowvale loop,Late Leaving Garage,8,20,W,9087.0
2015-04-06,98,05:28:00,Monday,Goulding Ave. and Cactus,Mechanical,12,1,N,8135.0
2015-04-06,39,05:49:00,Monday,Finch & Baldoon,Late Leaving Garage,4,8,EB,1781.0
2015-04-06,133,05:51:00,Monday,Morningside and Staines,Mechanical,9,18,n,1147.0
2015-04-06,95,05:51:00,Monday,Kingston Road Loop,Mechanical,0,0,w,1067.0
2015-04-06,29,05:52:00,Monday,Tycos,Mechanical,12,1,S,9027.0
2015-04-06,38,05:57:00,Monday,Rouge Hill Go Stn.,Late Leaving Garage,15,30,WB,1096.0
2015-04-06,85,05:59:00,Monday,Don Mills Station,Mechanical,14,31,e,9090.0
2015-04-06,130,06:00:00,Monday,Middlefield Loop,Late Leaving Garage,20,40,SB,1117.0
2015-04-06,34,06:00:00,Monday,Kennedy Station,Investigation,8,12,EB,7470.0
2015-04-06,199,06:03:00,Monday,STC,Late Leaving Garage,3,6,WB,1724.0
2015-04-06,98,06:10:00,Monday,Sheppard Station,Mechanical,15,30,N,8140.0
2015-04-06,39,06:14:00,Monday,Finch station,Late Leaving Garage,4,8,EB,1401.0
2015-04-06,190,06:14:00,Monday,Eglinton Garage,Mechanical,1,1,N,7619.0
2015-04-06,7,06:14:00,Monday,Bathurst and Wilson,Late Leaving Garage,7,15,S,9050.0
2015-04-06,165,06:17:00,Monday,finch stn,Mechanical,10,20,w,7230.0
2015-04-06,139,06:18:00,Monday,Baldoon and Finch Ave,Late Leaving Garage,10,20,w,1300.0
2015-04-06,85,06:20:00,Monday,Meadowvale loop,Late Leaving Garage,5,10,W,9055.0
2015-04-06,145,06:24:00,Monday,Garage / Kipling and Lakeshore,Late Leaving Garage,30,60,e,7960.0
2015-04-06,41,06:29:00,Monday,Keele and York blv.,Mechanical,11,22,n/b,9139.0
2015-04-06,82,06:30:00,Monday,Summerhill and Jean,Mechanical,25,0,W,8190.0
2015-04-06,95,06:32:00,Monday,Kingston rd,Late Leaving Garage,8,16,w,1100.0
2015-04-06,191,06:33:00,Monday,Martingrove and Royalcrest,Mechanical,4,9,N,7950.0
2015-04-06,54,06:33:00,Monday,Lawrence Scarbough Golf Club rd,Mechanical,9,18,eb,7542.0
2015-04-06,23,06:35:00,Monday,Main Station,Mechanical,5,10,N,7719.0
2015-04-06,139,06:38:00,Monday,Baldoon and Finch Ave,Late Leaving Garage,20,30,w,1786.0
2015-04-06,75,06:39:00,Monday,Bloor and Sherbourne,Utilized Off Route,6,10,S,8330.0
2015-04-06,36,06:41:00,Monday,Finch station,Late Leaving Garage,7,13,W,7947.0
2015-04-06,54,06:46:00,Monday,Lawrence rt,Late Leaving Garage,6,12,wb,7481.0
2015-04-06,165,06:51:00,Monday,yorkmills stn,Mechanical,12,17,w,7212.0
2015-04-06,68,06:54:00,Monday,Warden stn,Mechanical,23,26,nb,7487.0
2015-04-06,31,07:00:00,Monday,GREENWOOD STN,Mechanical,15,30,S,7796.0
2015-04-06,25,07:00:00,Monday,FMDM,Mechanical,3,6,S,7400.0
2015-04-06,196,07:02:00,Monday,Downsview Station,Mechanical,4,8,n,9404.0
2015-04-06,134,07:03:00,Monday,Scarborough Town Centre,Mechanical,6,12,e,1733.0
2015-04-06,106,07:04:00,Monday,The Commons,Mechanical,7,14,s,9423.0
2015-04-06,60,07:06:00,Monday,Cactus Avenue on Steeles,Mechanical,8,16,E,1208.0
2015-04-06,7,07:07:00,Monday,bathurst and Wilson,Late Leaving Garage,5,10,S,9011.0
2015-04-06,42,07:08:00,Monday,Wilson Garage,Late Leaving Garage,6,12,E,8379.0
2015-04-06,104,07:10:00,Monday,Wilson Station,Mechanical,13,26,n,8328.0
2015-04-06,36,07:11:00,Monday,Humberwood loop,Late Leaving Garage,5,10,E,9111.0
2015-04-06,143,07:20:00,Monday,Neville Loop,Late Leaving Garage,20,40,W/B,8104.0
2015-04-06,5,07:24:00,Monday,Eglinton stn,Mechanical,12,24,s/b,8138.0
2015-04-06,196,07:24:00,Monday,The Commons,Mechanical,2,4,s,8173.0
2015-04-06,7,07:25:00,Monday,Bathurst and Steeles,Emergency Services,9,18,E,9044.0
2015-04-06,87,07:27:00,Monday,BROADVIEW STN,Mechanical,5,10,E,7876.0
2015-04-06,107,07:33:00,Monday,Downsview Station,Mechanical,28,56,n,8217.0
2015-04-06,196,07:36:00,Monday,Downsveiw Station,Utilized Off Route,6,12,N,8162.0
2015-04-06,191,07:40:00,Monday,Kipling station,Mechanical,5,9,N,7930.0
2015-04-06,95,07:42:00,Monday,Ellesmere & Birchmount,Mechanical,8,16,WB,1787.0
2015-04-06,7,07:44:00,Monday,Bathurst and Ridgehill,Investigation,9,19,S,9042.0
2015-04-06,196,07:44:00,Monday,Downsveiw Station,Utilized Off Route,5,10,n,8376.0
2015-04-06,106,07:50:00,Monday,Sentinel and Murray Ross,Mechanical,15,30,n,8206.0
2015-04-06,41,07:51:00,Monday,Dundas and Keele,Investigation,11,22,s/b,9143.0
2015-04-06,41,07:51:00,Monday,Keele and Dundas,Investigation,11,22,s/b,9143.0
2015-04-06,37,07:55:00,Monday,Islington Ave and Finch Ave W,Mechanical,8,15,N,8080.0
2015-04-06,11,07:58:00,Monday,Davisville stn,Utilized Off Route,12,24,e/b,8143.0
2015-04-06,134,07:58:00,Monday,Centennial College,Mechanical,5,11,w,1315.0
2015-04-06,53,08:14:00,Monday,Steeles and Kennedy,Mechanical,6,11,w,1071.0
2015-04-06,116,08:19:00,Monday,Kennedy Stn,Mechanical,6,13,E,7567.0
2015-04-06,54,08:30:00,Monday,Lawrence rt,Mechanical,6,12,eb,7625.0
2015-04-06,11,08:46:00,Monday,Davisville stn,Mechanical,12,24,e/b,8138.0
2015-04-06,43,08:55:00,Monday,Kennedy Station,Mechanical,10,21,nb,7644.0
2015-04-06,192,09:39:00,Monday,Terminal 3,Mechanical,10,20,sb,8009.0
2015-04-06,7,09:39:00,Monday,Bathurst and Wilson,Mechanical,9,18,S,9056.0
2015-04-06,196,10:30:00,Monday,Downsview Stn,Mechanical,3,5,w,8176.0
2015-04-06,108,10:37:00,Monday,Sheppard Avenue E of Tuscan Gate,Investigation,18,36,E,1404.0
2015-04-06,75,10:40:00,Monday,Lower Jarvis and The Esplanade,Diversion,868,872,N,8321.0
2015-04-06,199,11:09:00,Monday,Finch station,Mechanical,5,9,EB,1728.0
2015-04-06,116,11:18:00,Monday,Morningside & Ellesmere,Mechanical,30,60,S,7476.0
2015-04-06,106,11:20:00,Monday,Downsview Stn,Mechanical,10,20,w,9410.0
2015-04-06,96,11:42:00,Monday,humberline and finch,Diversion,54,72,w,1421.0
2015-04-06,192,11:45:00,Monday,Kipling Stn,Mechanical,10,20,n/b,7958.0
2015-04-06,116,12:43:00,Monday,Eglinton & Cedar,Investigation,10,20,E,7555.0
2015-04-06,126,12:45:00,Monday,St. Clair west station,Emergency Services,30,60,W/S,1253.0
2015-04-06,33,12:54:00,Monday,St Clair stn,Diversion,28,58,n,8134.0
2015-04-06,90,12:54:00,Monday,St Clair stn,Diversion,28,36,n,8216.0
2015-04-06,116,12:57:00,Monday,kennedy station,Mechanical,10,20,e,7486.0
2015-04-06,45,13:20:00,Monday,Kipling at Tyre,Mechanical,11,22,sb,8082.0
2015-04-06,52,13:29:00,Monday,lawrence west stn,Mechanical,15,30,w/b,1571.0
2015-04-06,68,14:00:00,Monday,Warden / Steeles Loop,Mechanical,10,20,SB,7607.0
2015-04-06,82,14:00:00,Monday,Rosedale stn,Mechanical,20,40,s,8346.0
2015-04-06,75,14:01:00,Monday,Bloor st,Utilized Off Route,7,14,n,8309.0
2015-04-06,97,14:10:00,Monday,Yorkmills Stn,Mechanical,33,64,,8164.0
2015-04-06,7,14:11:00,Monday,Bathurst / Wilson,Mechanical,8,16,s,9044.0
2015-04-06,95,14:13:00,Monday,U of T,Late Leaving Garage,5,10,w,1782.0
2015-04-06,196,14:20:00,Monday,Dowinsview Stn,Utilized Off Route,3,8,,8162.0
2015-04-06,35,14:20:00,Monday,Jane stn,Late Leaving Garage,5,10,N/b,1394.0
2015-04-06,104,14:30:00,Monday,,Late Leaving Garage,13,26,ws,8379.0
2015-04-06,116,14:33:00,Monday,Eglinton yard,Mechanical,6,12,w,7656.0
2015-04-06,52,14:37:00,Monday,jane and lawrence,Mechanical,15,30,w/b,1012.0
2015-04-06,112,14:40:00,Monday,Michael Power School,Mechanical,6,7,sb,7343.0
2015-04-06,69,14:44:00,Monday,Warden Station,Mechanical,11,22,sb,7803.0
2015-04-06,161,14:48:00,Monday,Jane and Lambton,Mechanical,9,11,E,1054.0
2015-04-06,21,14:48:00,Monday,Brimley Rd & McNicoll,Mechanical,14,28,N,7879.0
2015-04-06,46,14:50:00,Monday,Nottinghill Gate and Winterton Drive,Late Leaving Garage,11,19,N,7950.0
2015-04-06,53,14:53:00,Monday,Passmore and Markham Rd,Late Leaving Garage,8,16,,9080.0
2015-04-06,76,15:00:00,Monday,ROYAL YORK AND EVANS,Mechanical,5,13,sb,7313.0
2015-04-06,88,15:01:00,Monday,Welland Ave and St Clair.,Mechanical,15,30,eb,8144.0
2015-04-06,32,15:11:00,Monday,Eglinton and Bathurst,Investigation,8,16,w/b,1638.0
2015-04-06,32,15:11:00,Monday,Eglinton and Bathurst,Emergency Services,8,16,w/b,1678.0
2015-04-06,32,15:11:00,Monday,Eglinton and Bathurst,Emergency Services,3,11,w/b,1203.0
2015-04-06,25,15:12:00,Monday,Fenelon Loop,Mechanical,3,6,NB,7528.0
2015-04-06,46,15:14:00,Monday,Steeles loop at Martin Grove,Mechanical,11,22,S,1354.0
2015-04-06,44,15:14:00,Monday,Kipling at Evans,Mechanical,4,8,sb,7312.0
2015-04-06,10,15:15:00,Monday,Don Mills Stn,Mechanical,45,64,ws,8169.0
2015-04-06,32,15:17:00,Monday,Eglinton and Bathurst,Diversion,29,37,w/b,
2015-04-06,73,15:17:00,Monday,ROYAL YORK AND TREEHORN CRES,Mechanical,4,8,sb,7966.0
2015-04-06,88,15:24:00,Monday,Overlea Blvd and Thorncliffe,Mechanical,15,30,eb,9411.0
2015-04-06,35,15:25:00,Monday,Jane Stn,Late Leaving Garage,5,10,N/b,1606.0
2015-04-06,41,15:28:00,Monday,Commons at York Univ,Late Leaving Garage,14,28,SB,1658.0
2015-04-06,52,15:30:00,Monday,st phillips and dixon,Mechanical,6,12,w/b,1250.0
2015-04-06,63,15:34:00,Monday,Atlantic Ave. and King St. West,Mechanical,5,10,N,1054.0
2015-04-06,53,15:40:00,Monday,Din Mills,Mechanical,5,10,EB,1304.0
2015-04-06,84,15:42:00,Monday,Sheppard Stn,Mechanical,22,44,W/b,1209.0
2015-04-06,110,15:44:00,Monday,LONGBRANCH LOOP,Mechanical,24,48,n/b,7977.0
2015-04-06,75,15:50:00,Monday,Jarvis / Queen,Late Leaving Garage,7,14,n,8135.0
2015-04-06,196,15:51:00,Monday,Don Mills Stn,Utilized Off Route,8,16,ws,8527.0
2015-04-06,102,15:52:00,Monday,Warden Station,Utilized Off Route,11,22,nb,7789.0
2015-04-06,37,16:01:00,Monday,ISLINGTON AT ALLENBY,Investigation,9,19,n/b,7939.0
2015-04-06,32,16:03:00,Monday,Emmett and Jane,Mechanical,8,16,e/b,1624.0
2015-04-06,52,16:09:00,Monday,lawrence stn,Late Leaving Garage,12,24,w/b,1527.0
2015-04-06,52,16:12:00,Monday,lawrence west stn,Late Leaving Garage,11,22,w/b,1628.0
2015-04-06,195,16:16:00,Monday,Jane Stn.,Mechanical,10,20,N/b,1370.0
2015-04-06,52,16:18:00,Monday,westwood mall,Late Leaving Garage,16,34,e/b,1620.0
2015-04-06,108,16:20:00,Monday,Driftwood/Grandravine,Mechanical,14,28,E,1682.0
2015-04-06,57,16:24:00,Monday,S/B at Midland Stn,Emergency Services,8,17,S,7787.0
2015-04-06,52,16:26:00,Monday,lawrence stn,Late Leaving Garage,11,22,w/b,1632.0
2015-04-06,116,16:27:00,Monday,Kennedy Stn,Mechanical,1,1,E,7476.0
2015-04-06,10,16:30:00,Monday,Don Mills stn.,Mechanical,15,30,ws,9443.0
2015-04-06,94,16:32:00,Monday,Ossington Stn.,Mechanical,16,32,e,7757.0
2015-04-06,126,16:33:00,Monday,christie and yarmouth,Mechanical,15,30,n/b,1253.0
2015-04-06,52,16:37:00,Monday,lawrence stn,Mechanical,5,10,w/b,1053.0
2015-04-06,85,16:40:00,Monday,Sheppard/Grand Marshall,Mechanical,12,24,EB,9074.0
2015-04-06,100,16:40:00,Monday,Grenoble Dr and Gateway Blvd,Mechanical,6,12,SB,7663.0
2015-04-06,63,16:48:00,Monday,Oakwood Loop,Utilized Off Route,5,10,S,1500.0
2015-04-06,87,16:55:00,Monday,Broadview Stn.,Utilized Off Route,5,10,e,7859.0
2015-04-06,47,17:06:00,Monday,Lansdowne and Bloor,Investigation,6,13,N,1224.0
2015-04-06,168,17:16:00,Monday,DUNDAS WEST STN,Mechanical,6,12,nb,8033.0
2015-04-06,45,17:16:00,Monday,Kipling station,Mechanical,7,15,nb,7974.0
2015-04-06,100,17:17:00,Monday,Broadview Station,Mechanical,16,33,NB,7498.0
2015-04-06,196,17:29:00,Monday,Sheppard Stn,Utilized Off Route,7,15,wb,8353.0
2015-04-06,41,17:54:00,Monday,Keele and st. Clair,Utilized Off Route,10,20,NB,1609.0
2015-04-06,90,17:55:00,Monday,St. Clair West Station,Utilized Off Route,1,1,W,8185.0
2015-04-06,771,17:55:00,Monday,Dupont,Utilized Off Route,5,5,N,9418.0
2015-04-06,100,17:56:00,Monday,Don Mills & Eglinton Ave,Utilized Off Route,6,12,SB,7643.0
2015-04-06,709,17:58:00,Monday,Eglinton station,Utilized Off Route,1,1,e/b,1325.0
2015-04-06,32,18:00:00,Monday,Eglinton station,Investigation,8,16,w/b,1633.0
2015-04-06,75,18:02:00,Monday,Queen / Lower Jarvis,Mechanical,7,14,n,8139.0
2015-04-06,161,18:05:00,Monday,Silverthorne / Rogers rd,Investigation,12,24,w,1601.0
2015-04-06,38,18:45:00,Monday,Ellesmere Rd and Markham Rd,Mechanical,10,20,W,1402.0
2015-04-06,89,19:02:00,Monday,Northland and Weston,Mechanical,9,19,SB,1059.0
2015-04-06,41,19:14:00,Monday,Dundas on Keele,Investigation,11,21,NB,9149.0
2015-04-06,98,19:17:00,Monday,Sheppard Station,Investigation,30,60,nb,8304.0
2015-04-06,7,19:18:00,Monday,Bathurst stn,Mechanical,9,18,n,9008.0
2015-04-06,47,19:20:00,Monday,Caledonia / Castlefield,Investigation,10,20,n,1407.0
2015-04-06,41,19:22:00,Monday,Dundas on Keele,Investigation,10,20,SB,9144.0
2015-04-06,190,19:28:00,Monday,STC,Mechanical,5,10,WB,7415.0
2015-04-06,12,19:40:00,Monday,Victoria Park Stn,Mechanical,20,40,N,8119.0
2015-04-06,196,19:42:00,Monday,Downsview Station,Utilized Off Route,4,8,wb,9441.0
2015-04-06,195,19:42:00,Monday,Jane/Shoreham,Diversion,1,20,BW,7921.0
2015-04-06,195,19:45:00,Monday,Jane/Shoreham,Diversion,10,20,N,1237.0
2015-04-06,35,19:45:00,Monday,Jane and Shoreham,Diversion,15,35,B/W,1687.0
2015-04-06,47,19:55:00,Monday,Caledonia / Castlefield,Investigation,15,30,s,1411.0
2015-04-06,35,19:57:00,Monday,Jane and Shoreham,Utilized Off Route,20,40,N,7920.0
2015-04-06,52,20:10:00,Monday,Lawrence west / Jane,Mechanical,15,30,w,1598.0
2015-04-06,54,20:40:00,Monday,Bayview,Mechanical,12,24,e,7670.0
2015-04-06,94,20:44:00,Monday,Wellsley and Bay,Mechanical,13,26,EB,7849.0
2015-04-06,54,20:45:00,Monday,Eglinton STN,Investigation,16,32,WB,7464.0
2015-04-06,60,21:15:00,Monday,steeles and dufferin,Mechanical,14,28,w/b,1232.0
2015-04-06,57,21:15:00,Monday,Kennedy Stn,Late Leaving Garage,30,60,N,7871.0
2015-04-06,34,21:23:00,Monday,Eglinton & Kennedy,Mechanical,6,12,WB,7573.0
2015-04-06,129,21:32:00,Monday,McCowan Rd and Sandhurst Cir N,Mechanical,6,12,N,9095.0
2015-04-06,43,21:55:00,Monday,Eglinton & Kennedy,Mechanical,15,30,NB,7524.0
2015-04-06,190,23:19:00,Monday,Sheppard & Warden,Mechanical,15,30,WB,7574.0
2015-04-07,94,00:18:00,Tuesday,CASTLEFRANK STATION,Mechanical,15,30,E,7727.0
2015-04-07,17,00:47:00,Tuesday,Birchmount and Willowmount,Emergency Services,22,49,NB,7765.0
2015-04-07,85,01:35:00,Tuesday,Sheppard and Don Mills,Mechanical,30,60,WB,1749.0
2015-04-07,24,02:05:00,Tuesday,Victoria Pk and Amsterdam,Mechanical,30,60,sb,
2015-04-07,300,04:49:00,Tuesday,Bloor and Royal York,Utilized Off Route,20,40,eb,7731.0
2015-04-07,25,04:51:00,Tuesday,Eglinton Garage,Mechanical,1,1,s,7677.0
2015-04-07,352,05:00:00,Tuesday,Dixon and Royal York,Mechanical,20,1,E,1546.0
2015-04-07,35,05:06:00,Tuesday,Jane /Steeles,Investigation,10,20,S,1559.0
2015-04-07,39,05:07:00,Tuesday,Finch & Baldoon,Late Leaving Garage,5,10,EB,1108.0
2015-04-07,73,05:11:00,Tuesday,Garage / Royal York stn,Late Leaving Garage,13,32,n,7978.0
2015-04-07,53,05:22:00,Tuesday,Passmore and Markham,Mechanical,5,10,w,1749.0
2015-04-07,36,05:30:00,Tuesday,Humberwood loop,Late Leaving Garage,10,23,E,9115.0
2015-04-07,30,05:30:00,Tuesday,Dundas and Mabelle,Diversion,50,60,e/w,8022.0
2015-04-07,75,05:30:00,Tuesday,Lower Jarvis and Esplanade,Diversion,978,992,N,8312.0
2015-04-07,112,05:42:00,Tuesday,Kipling Stn,Late Leaving Garage,10,27,n/b,7314.0
2015-04-07,95,05:44:00,Tuesday,Kingston Road Loop,Mechanical,0,0,w,1767.0
2015-04-07,107,05:51:00,Tuesday,Wilson Stn.,Late Leaving Garage,5,5,n,8201.0
2015-04-07,76,05:54:00,Tuesday,Garage / Royal York and Evans s/b,Late Leaving Garage,5,10,s,8026.0
2015-04-07,91,05:54:00,Tuesday,Woodbine Stn,Mechanical,13,26,N/B,7700.0
2015-04-07,95,05:59:00,Tuesday,Kingston Road Loop,Mechanical,8,16,w,1068.0
2015-04-07,61,06:02:00,Tuesday,Bombay Loop,Late Leaving Garage,10,20,n,8214.0
2015-04-07,52,06:02:00,Tuesday,royal york and dixon,Late Leaving Garage,12,24,e/b,1644.0
2015-04-07,34,06:05:00,Tuesday,Kennedy Station,Late Leaving Garage,4,8,WB,7400.0
2015-04-07,96,06:10:00,Tuesday,woodbine downs,Mechanical,15,30,e,1364.0
2015-04-07,45,06:12:00,Tuesday,Kipling/Steeles,Late Leaving Garage,7,13,s/b,7329.0
2015-04-07,34,06:13:00,Tuesday,Eglinton Station,Late Leaving Garage,1,1,WB,7490.0
2015-04-07,199,06:14:00,Tuesday,STC,Late Leaving Garage,2,5,WB,1717.0
2015-04-07,60,06:15:00,Tuesday,Finch Station,Late Leaving Garage,10,20,W,1333.0
2015-04-07,29,06:21:00,Tuesday,Princes gate,Late Leaving Garage,7,14,n/b,9002.0
2015-04-07,39,06:24:00,Tuesday,Finch & Leslie,Mechanical,6,10,WB,1808.0
2015-04-07,190,06:25:00,Tuesday,STC,Late Leaving Garage,9,18,W,7531.0
2015-04-07,199,06:28:00,Tuesday,STC,Late Leaving Garage,3,5,WB,1060.0
2015-04-07,43,06:30:00,Tuesday,STC,Utilized Off Route,10,20,S,7461.0
2015-04-07,107,06:32:00,Tuesday,Downsview Stn,Late Leaving Garage,7,14,n,9429.0
2015-04-07,106,06:32:00,Tuesday,Downsview Stn.,Utilized Off Route,7,14,n,9446.0
2015-04-07,60,06:33:00,Tuesday,Rossdean Drive,Mechanical,9,18,W,1389.0
2015-04-07,100,06:35:00,Tuesday,broadview station,Utilized Off Route,1,1,NB,7598.0
2015-04-07,161,06:40:00,Tuesday,Jane  and Lampton,Mechanical,11,22,e/b,1245.0
2015-04-07,39,06:40:00,Tuesday,Finch station,Utilized Off Route,4,8,EB,1103.0
2015-04-07,106,06:46:00,Tuesday,Downsview Stn.,Mechanical,7,14,n,9413.0
2015-04-07,36,06:52:00,Tuesday,Milvan and Finch,Mechanical,6,11,E,9107.0
2015-04-07,199,06:53:00,Tuesday,STC,Late Leaving Garage,5,8,WB,1124.0
2015-04-07,52,06:53:00,Tuesday,lawrence stn,Late Leaving Garage,18,36,w/b,1224.0
2015-04-07,56,06:53:00,Tuesday,Eglinton ave and Mt Pleasant,Mechanical,23,45,e/b,8327.0
2015-04-07,199,06:55:00,Tuesday,STC,Late Leaving Garage,3,6,WB,1776.0
2015-04-07,29,07:00:00,Tuesday,Wilson stn to Princes Gate,General Delay,12,16,b/w,
2015-04-07,134,07:03:00,Tuesday,Centennial College,Mechanical,7,0,w,1724.0
2015-04-07,165,07:10:00,Tuesday,weston at finch,Mechanical,11,22,w,7230.0
2015-04-07,36,07:11:00,Tuesday,Humberwood loop,Late Leaving Garage,5,10,E,1360.0
2015-04-07,196,07:19:00,Tuesday,Downsview Stn.,Late Leaving Garage,2,12,n,8364.0
2015-04-07,15,07:45:00,Tuesday,Royal York Station,Mechanical,13,25,W,7976.0
2015-04-07,199,07:50:00,Tuesday,STC,Utilized Off Route,3,6,WB,1733.0
2015-04-07,95,07:53:00,Tuesday,York Mills Stn,Mechanical,8,15,EB,1761.0
2015-04-07,53,07:54:00,Tuesday,Finch Station,Utilized Off Route,4,9,e,1749.0
2015-04-07,85,07:55:00,Tuesday,Don Mills station,Utilized Off Route,6,11,E,9068.0
2015-04-07,29,07:55:00,Tuesday,Wilson stn,Utilized Off Route,7,14,s/b,9422.0
2015-04-07,6,07:55:00,Tuesday,Queen & Bay,Utilized Off Route,8,12,s/b,1042.0
2015-04-07,100,07:56:00,Tuesday,Broadview station,Utilized Off Route,3,13,w,7603.0
2015-04-07,60,07:58:00,Tuesday,York University Commons,Mechanical,7,14,E,1333.0
2015-04-07,709,07:58:00,Tuesday,Eglinton w stn,Utilized Off Route,5,10,w,1638.0
2015-04-07,11,07:58:00,Tuesday,Davisville stn,Utilized Off Route,12,24,e/b,8165.0
2015-04-07,60,07:58:00,Tuesday,Finch Station,Utilized Off Route,8,16,W,1416.0
2015-04-07,196,07:59:00,Tuesday,Downsview Stn.,Utilized Off Route,5,7,n,9418.0
2015-04-07,81,07:59:00,Tuesday,Pape STN,Utilized Off Route,4,9,N,8130.0
2015-04-07,94,08:00:00,Tuesday,WELLESLEY ROUTE,General Delay,15,0,B/W,
2015-04-07,96,08:00:00,Tuesday,wilson stn,Utilized Off Route,17,34,w,1346.0
2015-04-07,51,08:00:00,Tuesday,Eglinton stn to Townsend,General Delay,30,57,b/w,
2015-04-07,33,08:00:00,Tuesday,Forrest Hill,General Delay,15,1,BW,8335.0
2015-04-07,61,08:00:00,Tuesday,Eglinton stn to Bombay loop,General Delay,15,30,b/w,
2015-04-07,52,08:00:00,Tuesday,entire route,General Delay,18,50,b/w,1046.0
2015-04-07,42,08:00:00,Tuesday,Finch Stn,Utilized Off Route,6,12,,8380.0
2015-04-07,14,08:00:00,Tuesday,entire route,General Delay,15,50,b/w,1669.0
2015-04-07,103,08:00:00,Tuesday,Eglinton stn to Doncliff loop,General Delay,31,51,b/w,
2015-04-07,5,08:00:00,Tuesday,Eglinton stn to Elm ave,General Delay,30,52,b/w,
2015-04-07,11,08:00:00,Tuesday,Davisville stn to Steeles loop,General Delay,22,36,b/w,
2015-04-07,709,08:00:00,Tuesday,Eglinton w stn,Utilized Off Route,5,10,w,1661.0
2015-04-07,709,08:00:00,Tuesday,Bathurst and Eglinton,Utilized Off Route,5,10,w,1555.0
2015-04-07,95,08:01:00,Tuesday,York Mills Stn,Utilized Off Route,10,20,EB,1825.0
2015-04-07,34,08:01:00,Tuesday,Eglinton station,Utilized Off Route,4,8,e,7470.0
2015-04-07,45,08:02:00,Tuesday,Kipling Stn,Utilized Off Route,6,12,n/b,7321.0
2015-04-07,84,08:02:00,Tuesday,Sheppard Station,Utilized Off Route,8,16,W/B,1231.0
2015-04-07,168,08:02:00,Tuesday,Dundas W stn,Utilized Off Route,4,9,n,8069.0
2015-04-07,102,08:03:00,Tuesday,Warden Stn,Utilized Off Route,10,20,N,7701.0
2015-04-07,196,08:03:00,Tuesday,Finch & Duff.,Mechanical,8,15,n,9425.0
2015-04-07,87,08:04:00,Tuesday,Broadview STN,Utilized Off Route,8,16,N,7787.0
2015-04-07,100,08:06:00,Tuesday,Broadview station,Utilized Off Route,10,13,w,7445.0
2015-04-07,24,08:07:00,Tuesday,Victoria Park Stn,Utilized Off Route,6,12,N,7863.0
2015-04-07,89,08:08:00,Tuesday,Albion Road,Mechanical,5,10,s/b,1513.0
2015-04-07,95,08:09:00,Tuesday,York Mills Stn,Utilized Off Route,9,15,EB,1821.0
2015-04-07,36,08:10:00,Tuesday,Finch station  36F,Utilized Off Route,11,22,W,9109.0
2015-04-07,6,08:10:00,Tuesday,Bay & Bloor,Utilized Off Route,8,16,n/b,1530.0
2015-04-07,54,08:11:00,Tuesday,Eglinton station,Utilized Off Route,9,18,e,7467.0
2015-04-07,196,08:12:00,Tuesday,Downsview Stn.,Utilized Off Route,2,4,n,9441.0
2015-04-07,34,08:13:00,Tuesday,Eglinton station,Utilized Off Route,4,8,e,7485.0
2015-04-07,95,08:21:00,Tuesday,York Mills Stn,Utilized Off Route,10,19,EB,1315.0
2015-04-07,76,08:21:00,Tuesday,Royal York stn,Utilized Off Route,5,8,n,7348.0
2015-04-07,196,08:24:00,Tuesday,Common,Utilized Off Route,2,5,s,8364.0
2015-04-07,60,08:24:00,Tuesday,Finch Station,Utilized Off Route,7,14,W,1286.0
2015-04-07,90,08:24:00,Tuesday,St.Clair W Station,Utilized Off Route,4,8,N,9403.0
2015-04-07,32,08:25:00,Tuesday,Eglinton stn,Utilized Off Route,5,10,e,1325.0
2015-04-07,35,08:25:00,Tuesday,Jane stn,Utilized Off Route,10,20,N,1419.0
2015-04-07,98,08:25:00,Tuesday,Sheppard Stn,Utilized Off Route,15,30,,8174.0
2015-04-07,36,08:26:00,Tuesday,Finch station 36D,Utilized Off Route,11,22,W,9116.0
2015-04-07,53,08:27:00,Tuesday,Finch Station,Utilized Off Route,5,15,e,1741.0
2015-04-07,196,08:27:00,Tuesday,Downsview Stn.,Utilized Off Route,2,7,n,9440.0
2015-04-07,52,08:27:00,Tuesday,bathurst and lawrnce,Utilized Off Route,12,24,w/b,1589.0
2015-04-07,84,08:28:00,Tuesday,Sheppard Station,Utilized Off Route,8,16,W/B,1380.0
2015-04-07,11,08:28:00,Tuesday,Davisville stn,Utilized Off Route,12,24,n/b,8163.0
2015-04-07,41,08:29:00,Tuesday,Keele station,Utilized Off Route,1,1,s/b,9136.0
2015-04-07,199,08:29:00,Tuesday,STC,Utilized Off Route,3,5,WB,1776.0
2015-04-07,195,08:29:00,Tuesday,Jane stn,Utilized Off Route,10,20,N,1266.0
2015-04-07,144,08:30:00,Tuesday,Adelaide and Yonge,Utilized Off Route,1,1,n,7528.0
2015-04-07,29,08:30:00,Tuesday,Dufferin and Bloor,Utilized Off Route,7,14,n/b,9008.0
2015-04-07,39,08:30:00,Tuesday,Finch & Kennedy,Utilized Off Route,4,7,WB,1123.0
2015-04-07,96,08:30:00,Tuesday,wilson at jane,Utilized Off Route,17,34,w,7211.0
2015-04-07,63,08:30:00,Tuesday,Eglinton West stn,Utilized Off Route,12,24,s/b,1233.0
2015-04-07,59,08:32:00,Tuesday,Lawrence West Station,Utilized Off Route,12,24,W/B,1534.0
2015-04-07,17,08:32:00,Tuesday,Warden Stn,Utilized Off Route,14,21,N,7829.0
2015-04-07,54,08:33:00,Tuesday,eglinton station,Utilized Off Route,9,18,e,7518.0
2015-04-07,94,08:34:00,Tuesday,Castlefrank Stn,Utilized Off Route,12,24,W,7877.0
2015-04-07,79,08:35:00,Tuesday,jane and lawernce,Utilized Off Route,9,18,s/b,1054.0
2015-04-07,100,08:35:00,Tuesday,Broadview station,Utilized Off Route,3,32,n,7562.0
2015-04-07,144,08:35:00,Tuesday,Adelaide and Yonge,Utilized Off Route,1,1,n,7486.0
2015-04-07,97,08:37:00,Tuesday,Davisville Stn,Utilized Off Route,30,60,,8166.0
2015-04-07,129,08:38:00,Tuesday,Scarboro Town Centre,Mechanical,7,14,NB,1089.0
2015-04-07,87,08:40:00,Tuesday,Main Stn,Utilized Off Route,9,18,E,7753.0
2015-04-07,53,08:41:00,Tuesday,Finch Station,Utilized Off Route,1,1,e,9094.0
2015-04-07,165,08:42:00,Tuesday,weston at finch,Mechanical,5,11,w,7230.0
2015-04-07,25,08:44:00,Tuesday,Pape station,Utilized Off Route,3,6,n,7482.0
2015-04-07,12,08:45:00,Tuesday,Victoria Park Stn,Utilized Off Route,12,21,E,7847.0
2015-04-07,53,08:48:00,Tuesday,Morningside and Finch,Utilized Off Route,1,1,e,9064.0
2015-04-07,41,08:50:00,Tuesday,Keele Station,Utilized Off Route,1,1,s/b,1624.0
2015-04-07,25,08:57:00,Tuesday,Pape station,Utilized Off Route,3,6,n,7435.0
2015-04-07,54,09:00:00,Tuesday,Eglinton station,Utilized Off Route,6,12,e,7520.0
2015-04-07,97,09:00:00,Tuesday,Yonge St Route,General Delay,40,80,,
2015-04-07,54,09:10:00,Tuesday,Eglinton station,Utilized Off Route,1,1,e,7429.0
2015-04-07,196,09:15:00,Tuesday,Sheppard Stn,Mechanical,7,15,s,9443.0
2015-04-07,116,09:37:00,Tuesday,Kennedy stn,Late Leaving Garage,5,13,eb,7556.0
2015-04-07,24,09:45:00,Tuesday,Victoria Park & Consumers Rd,Mechanical,7,14,S/B,7746.0
2015-04-07,60,10:48:00,Tuesday,Signal Hill,Mechanical,13,26,E,1237.0
2015-04-07,85,11:33:00,Tuesday,Sheppard and Kennedy,Mechanical,8,16,W,9061.0
2015-04-07,20,11:33:00,Tuesday,MAIN STN,Mechanical,18,35,E,7784.0
2015-04-07,54,11:42:00,Tuesday,Eglinton Leslie,Mechanical,6,12,eb,7517.0
2015-04-07,196,11:46:00,Tuesday,Downsview Stn,Utilized Off Route,2,4,E,9401.0
2015-04-07,36,12:01:00,Tuesday,Humberwood loop,Mechanical,6,12,E,9117.0
2015-04-07,21,12:33:00,Tuesday,Scarborough Town Centre,Mechanical,14,28,nb,7744.0
2015-04-07,75,12:57:00,Tuesday,Bloor st,Utilized Off Route,7,14,n,8191.0
2015-04-07,82,12:57:00,Tuesday,Rosedale stn,Mechanical,20,40,s,8346.0
2015-04-07,63,13:00:00,Tuesday,Entire route,General Delay,10,20,B/W,
2015-04-07,69,13:14:00,Tuesday,Warden Stn,Mechanical,11,22,S,7712.0
2015-04-07,37,13:18:00,Tuesday,Humberwood loop,Mechanical,18,36,S/B,8094.0
2015-04-07,133,13:20:00,Tuesday,Morningside and Finch Ave E,Mechanical,7,14,NB,1088.0
2015-04-07,79,13:35:00,Tuesday,Lawrence west / Weston rd,Mechanical,12,24,s,1552.0
2015-04-07,87,13:37:00,Tuesday,Main Station,Mechanical,11,22,EB,7812.0
2015-04-07,190,13:37:00,Tuesday,STC,Mechanical,5,10,WB,7589.0
2015-04-07,196,13:45:00,Tuesday,Downsview Stn,Mechanical,10,20,e,9445.0
2015-04-07,54,13:48:00,Tuesday,Warden and Lawrence,Mechanical,12,24,e,7657.0
2015-04-07,195,14:00:00,Tuesday,Jane and Falstaff,General Delay,20,27,B/w,
2015-04-07,35,14:00:00,Tuesday,Falstaff and Jane.,General Delay,20,27,B/w,
2015-04-07,109,14:00:00,Tuesday,Eglinton wstn / Bathurst,General Delay,7,14,b/w,
2015-04-07,41,14:00:00,Tuesday,Entire Route,General Delay,30,40,B/W,
2015-04-07,63,14:01:00,Tuesday,Ossington Ave. and Davenport Rd.,Mechanical,7,15,N,1581.0
2015-04-07,25,14:08:00,Tuesday,Don Mills Station,Utilized Off Route,3,6,WB,7680.0
2015-04-07,224,14:18:00,Tuesday,Don Mills Station,Mechanical,10,20,NB,7643.0
2015-04-07,35,14:20:00,Tuesday,Jane Stn,Late Leaving Garage,5,10,N/b,1238.0
2015-04-07,54,14:25:00,Tuesday,Laird on Eglinton,Mechanical,12,24,e,7509.0
2015-04-07,45,14:28:00,Tuesday,Kipling and Albion,Mechanical,11,22,nb,8046.0
2015-04-07,43,14:29:00,Tuesday,Kennedy and Steeles,Mechanical,1,1,SB,7666.0
2015-04-07,52,14:45:00,Tuesday,Entire Route,General Delay,25,30,B/W,
2015-04-07,196,14:45:00,Tuesday,Downsview Station,Utilized Off Route,2,4,nb,8161.0
2015-04-07,53,14:50:00,Tuesday,Steeles & Bayview,Mechanical,9,9,W,9091.0
2015-04-07,35,14:55:00,Tuesday,Jane stn,Late Leaving Garage,5,10,N/b,1035.0
2015-04-07,85,14:56:00,Tuesday,Rouge Hill Go,Mechanical,12,24,W,9073.0
2015-04-07,168,14:57:00,Tuesday,DUNDAS WEST STN,Mechanical,7,12,nb,7314.0
2015-04-07,87,14:59:00,Tuesday,Main Station,Late Leaving Garage,6,12,WB,7861.0
2015-04-07,90,15:00:00,Tuesday,St Clair wstn / Eglinton,General Delay,4,9,b/w,
2015-04-07,196,15:00:00,Tuesday,Dufferin and Rimrock,Mechanical,2,4,s,8149.0
2015-04-07,5,15:00:00,Tuesday,On Route,General Delay,25,41,B/W,
2015-04-07,35,15:07:00,Tuesday,Nelson and Boylen,Late Leaving Garage,5,10,N/b,1044.0
2015-04-07,91,15:10:00,Tuesday,Valley Woods and Yorkmills,Mechanical,21,42,NB,7803.0
2015-04-07,7,15:13:00,Tuesday,Bathurs & Alcina,Investigation,8,16,S,9048.0
2015-04-07,116,15:19:00,Tuesday,Morningside & Lawrence,Mechanical,5,13,N,7582.0
2015-04-07,29,15:20:00,Tuesday,Wilson route,General Delay,20,20,7 short turns used,
2015-04-07,32,15:22:00,Tuesday,Pine and Lawrence,Late Leaving Garage,8,16,e/b,1032.0
2015-04-07,21,15:22:00,Tuesday,Scarborough Town Centre,Late Leaving Garage,9,18,nb,7746.0
2015-04-07,35,15:25:00,Tuesday,Jane Stn,Late Leaving Garage,5,10,N/b,1279.0
2015-04-07,34,15:26:00,Tuesday,Kennedy Station,Late Leaving Garage,4,8,WB,7467.0
2015-04-07,52,15:27:00,Tuesday,Terminal 1,Late Leaving Garage,11,16,E/B,
2015-04-07,41,15:28:00,Tuesday,Commons at York Univ.,Late Leaving Garage,14,28,SB,9140.0
2015-04-07,53,15:28:00,Tuesday,Yonge & Steeles,Investigation,4,10,W,9092.0
2015-04-07,59,15:30:00,Tuesday,Culford Lawrence to Lawrence west Station,General Delay,15,30,B/W,
2015-04-07,124,15:30:00,Tuesday,Lawrence Ststion,Late Leaving Garage,6,12,eb,
2015-04-07,61,15:30:00,Tuesday,On Route,General Delay,20,32,B/W,
2015-04-07,102,15:30:00,Tuesday,Warden Station,Late Leaving Garage,6,11,N,7700.0
2015-04-07,73,15:30:00,Tuesday,73 ROYAL YORK N,General Delay,1,1,bw,
2015-04-07,29,15:32:00,Tuesday,Wilson Station,Mechanical,10,20,S,9032.0
2015-04-07,54,15:33:00,Tuesday,Eglinton statin,Investigation,10,20,e,7546.0
2015-04-07,52,15:37:00,Tuesday,Lawrence West Stn,Late Leaving Garage,11,22,W/B,1645.0
2015-04-07,165,15:37:00,Tuesday,Wilson Stn.,Emergency Services,16,26,E,1255.0
2015-04-07,198,15:40:00,Tuesday,Kennedy Stn,Investigation,10,20,E,7544.0
2015-04-07,52,15:41:00,Tuesday,Lawrence Stn,Late Leaving Garage,11,16,W/B,1524.0
2015-04-07,52,15:44:00,Tuesday,Lawrence Stn,Late Leaving Garage,11,22,W/B,1002.0
2015-04-07,52,15:44:00,Tuesday,Westwood Mall,Late Leaving Garage,16,33,E/B,1662.0
2015-04-07,32,15:49:00,Tuesday,Skymark,Late Leaving Garage,8,16,e/b,1204.0
2015-04-07,30,15:52:00,Tuesday,High Park Station,Investigation,21,51,wb,8096.0
2015-04-07,125,15:53:00,Tuesday,Finch Station,Mechanical,10,20,wb,8170.0
2015-04-07,36,16:00:00,Tuesday,Finch Route,General Delay,14,21,w,
2015-04-07,199,16:00:00,Tuesday,Brimley and Finch,Investigation,4,8,E/B,1787.0
2015-04-07,11,16:00:00,Tuesday,Davisville Station,Utilized Off Route,12,24,Nb,8151.0
2015-04-07,10,16:00:00,Tuesday,Don Mills Stn,Late Leaving Garage,15,30,s,9402.0
2015-04-07,94,16:00:00,Tuesday,Wellesley Route,General Delay,20,40,bw,7727.0
2015-04-07,42,16:01:00,Tuesday,Finch Station,Utilized Off Route,12,23,eb,9439.0
2015-04-07,102,16:03:00,Tuesday,Warden Station,Mechanical,11,22,N,8113.0
2015-04-07,102,16:14:00,Tuesday,Warden Station,Mechanical,11,33,57428,8130.0
2015-04-07,44,16:21:00,Tuesday,Kipling station,Utilized Off Route,4,8,sb,8023.0
2015-04-07,133,16:31:00,Tuesday,Neilson and Military Tr,Mechanical,7,14,W,1144.0
2015-04-07,169,16:39:00,Tuesday,Mccowan and Miilner,Investigation,30,60,w,8208.0
2015-04-07,79,16:40:00,Tuesday,Lawrence / Jane,Mechanical,12,24,s,1606.0
2015-04-07,36,16:46:00,Tuesday,Keele/Finch,Investigation,6,12,w,9104.0
2015-04-07,25,16:47:00,Tuesday,Pape Station,Investigation,3,6,NB,7488.0
2015-04-07,23,17:00:00,Tuesday,Dawes rd route,General Delay,10,1,B/W,
2015-04-07,59,17:02:00,Tuesday,Lawrence West Station,Mechanical,13,26,W,1370.0
2015-04-07,95,17:05:00,Tuesday,U of T Scarborough Loop,Mechanical,12,24,WB,1105.0
2015-04-07,122,17:09:00,Tuesday,Valleybrook,Mechanical,16,32,W,8207.0
2015-04-07,60,17:10:00,Tuesday,Steeles/Founders,Mechanical,7,14,E,7230.0
2015-04-07,709,17:15:00,Tuesday,Eglinton stn,Utilized Off Route,1,1,e/b,1672.0
2015-04-07,63,17:15:00,Tuesday,Oakwood Ave. and St. Clair Ave. West,Utilized Off Route,5,10,N,1039.0
2015-04-07,54,17:15:00,Tuesday,Eglinton station,Utilized Off Route,12,24,e,7641.0
2015-04-07,10,17:20:00,Tuesday,Don mills Stn,Utilized Off Route,10,20,e,8155.0
2015-04-07,34,17:26:00,Tuesday,Eglinton Station,Utilized Off Route,4,8,EB,7660.0
2015-04-07,110,17:31:00,Tuesday,Islington at Norseman,Mechanical,24,48,N,7305.0
2015-04-07,132,17:36:00,Tuesday,Sewells and Hupfield,Mechanical,12,24,W,1147.0
2015-04-07,52,17:39:00,Tuesday,Lawrence and Bathurst,Investigation,17,33,W/B,1656.0
2015-04-07,52,17:40:00,Tuesday,Lawrence Stn,Utilized Off Route,11,22,W/B,1050.0
2015-04-07,161,17:45:00,Tuesday,Alliance / Cliff,Mechanical,11,21,w,1607.0
2015-04-07,90,17:47:00,Tuesday,Kenwood,Mechanical,5,10,n,9447.0
2015-04-07,53,17:56:00,Tuesday,Steeles & Waggoners Wells,Investigation,5,10,E,1397.0
2015-04-07,29,17:57:00,Tuesday,Princes gate,Investigation,5,10,N,9025.0
2015-04-07,57,18:05:00,Tuesday,Kennedy Station,Mechanical,8,16,nb,7835.0
2015-04-07,54,18:20:00,Tuesday,SRT,Utilized Off Route,10,20,e,7567.0
2015-04-07,102,18:26:00,Tuesday,Warden Station,Mechanical,15,26,N,7710.0
2015-04-07,88,18:40:00,Tuesday,St. Clair Station,Mechanical,15,30,wb,8382.0
2015-04-07,79,18:50:00,Tuesday,Scarlett / Endenbridge,Mechanical,12,24,n,1627.0
2015-04-07,52,19:00:00,Tuesday,Lawrence Stn,Utilized Off Route,1,1,W/B,1058.0
2015-04-07,95,19:08:00,Tuesday,U of T Scarborough loop,Mechanical,14,28,WB,1745.0
2015-04-07,134,19:30:00,Tuesday,STC,Mechanical,12,24,E,1829.0
2015-04-07,97,20:05:00,Tuesday,Yonge and Wilson,Mechanical,30,60,sb,8166.0
2015-04-07,52,20:17:00,Tuesday,Dixon and Kipling,Emergency Services,15,30,W/B,1234.0
2015-04-07,56,20:45:00,Tuesday,Eglinton and Redpath,Mechanical,30,60,W,8199.0
2015-04-07,71,20:50:00,Tuesday,Runnymede stn,Mechanical,22,44,n,1655.0
2015-04-07,51,20:52:00,Tuesday,Eglinton Station,Utilized Off Route,24,48,N,8388.0
2015-04-07,34,20:56:00,Tuesday,Kennedy STN,Emergency Services,6,12,WB,7510.0
2015-04-07,54,21:24:00,Tuesday,Lawrence & Midland,Mechanical,16,32,EB,7601.0
2015-04-07,59,21:32:00,Tuesday,Lawrence West Station,Mechanical,30,60,W,1291.0
2015-04-07,94,21:53:00,Tuesday,Gerrard and Wellesly Stn,Investigation,15,30,W,7727.0
2015-04-07,97,22:27:00,Tuesday,Sheppard and Yonge,Diversion,61,91,nb,8339.0
2015-04-07,82,22:30:00,Tuesday,Summerhill and Maclennan,Mechanical,20,40,E,8331.0
2015-04-07,36,22:30:00,Tuesday,HUMBERWOOD LOOP,Mechanical,10,18,E/B,1236.0
2015-04-07,97,22:30:00,Tuesday,Davisvlle Station,Utilized Off Route,15,30,n,8341.0
2015-04-07,75,22:30:00,Tuesday,South Drive and Glen,Mechanical,30,60,S,8331.0
2015-04-07,104,22:40:00,Tuesday,wilson Station,Mechanical,20,40,N,8158.0
2015-04-07,1,23:10:00,Tuesday,Yonge and sheppard,Diversion,18,23,n,1677.0
2015-04-07,90,23:38:00,Tuesday,St.clair West Station,Mechanical,10,20,N,8187.0
2015-04-08,1,00:50:00,Wednesday,Yonge and York Mills,Mechanical,3,6,s,1077.0
2015-04-08,320,02:30:00,Wednesday,Richmond and Yonge,Mechanical,4,8,S/B,8394.0
2015-04-08,300,02:40:00,Wednesday,Bloor St W. Brunswick,Investigation,20,40,eb,8070.0
2015-04-08,305,03:55:00,Wednesday,Eglinton and Mason Rd,Emergency Services,30,60,eb,7549.0
2015-04-08,510,04:37:00,Wednesday,Spadina Stn,Late Leaving Garage,1,1,N/B,7765.0
2015-04-08,100,05:00:00,Wednesday,Eglinton yard,Mechanical,1,1,ob,7591.0
2015-04-08,25,05:05:00,Wednesday,Pape stn,Mechanical,25,40,nb,7471.0
2015-04-08,100,05:22:00,Wednesday,Eglinton yard,Mechanical,1,1,ob,7628.0
2015-04-08,96,05:24:00,Wednesday,yorkmills stn,Investigation,14,31,w,7212.0
2015-04-08,320,05:25:00,Wednesday,Yonge and Lawrence,Mechanical,15,30,S,8190.0
2015-04-08,75,05:30:00,Wednesday,Lower jarvis and Esplanade,Diversion,978,992,N,8183.0
2015-04-08,107,05:33:00,Wednesday,Keele & Finch,Late Leaving Garage,18,52,s,9420.0
2015-04-08,47,05:35:00,Wednesday,Queen and Lansdowne,Late Leaving Garage,24,33,n/b,1547.0
2015-04-08,100,05:38:00,Wednesday,Eglinton Yard,Mechanical,1,1,ob,7583.0
2015-04-08,25,05:38:00,Wednesday,Pape stn,Mechanical,4,8,nb,7475.0
2015-04-08,52,05:46:00,Wednesday,Terminal 1,Late Leaving Garage,18,36,s/b,1011.0
2015-04-08,32,05:53:00,Wednesday,Eglinton and Lloyd Manor,Mechanical,8,16,e/b,1543.0
2015-04-08,56,05:54:00,Wednesday,Eglinton Station,Late Leaving Garage,25,36,S,8332.0
2015-04-08,165,05:55:00,Wednesday,go majormackenzie lp,Mechanical,37,62,e,7235.0
2015-04-08,53,05:57:00,Wednesday,Morningside and Staines,Mechanical,0,0,w,9085.0
2015-04-08,84,05:58:00,Wednesday,F/Arrow,Late Leaving Garage,1,14,N,1519.0
2015-04-08,165,06:00:00,Wednesday,yorkmills stn,Mechanical,13,18,w,7225.0
2015-04-08,90,06:07:00,Wednesday,Sy.Clair Station,Mechanical,5,10,N,8207.0
2015-04-08,35,06:08:00,Wednesday,Steeles,Late Leaving Garage,10,20,s,1213.0
2015-04-08,116,06:11:00,Wednesday,Eglinton yard,Mechanical,22,44,e,7539.0
2015-04-08,44,06:16:00,Wednesday,Lakeshore and Kipling,Mechanical,7,16,n/b,8035.0
2015-04-08,96,06:17:00,Wednesday,wilson at jane,Mechanical,5,10,e,7249.0
2015-04-08,110,06:19:00,Wednesday,Islington and Queensway,Mechanical,10,20,n,8089.0
2015-04-08,49,06:20:00,Wednesday,Markland and Bloor,Late Leaving Garage,8,15,E/B,7336.0
2015-04-08,96,06:21:00,Wednesday,humberline lp,Mechanical,22,44,e,7204.0
2015-04-08,70,06:21:00,Wednesday,Coxwell stn,Mechanical,18,36,eb,7480.0
2015-04-08,89,06:22:00,Wednesday,Keele Station,Late Leaving Garage,5,10,s/b,1013.0
2015-04-08,129,06:23:00,Wednesday,Steeles and McCowan,Utilized Off Route,5,10,s,9098.0
2015-04-08,100,06:23:00,Wednesday,Broadview Station,Late Leaving Garage,13,26,,7590.0
2015-04-08,25,06:25:00,Wednesday,FMDM,Mechanical,9,15,S,7501.0
2015-04-08,96,06:25:00,Wednesday,woodbine downs,Mechanical,15,30,e,7216.0
2015-04-08,68,06:27:00,Wednesday,Warden stn,Mechanical,4,8,nb,7632.0
2015-04-08,169,06:27:00,Wednesday,Don Mills Stn.,Mechanical,20,40,n,8324.0
2015-04-08,199,06:28:00,Wednesday,Finch station,Late Leaving Garage,3,6,EB,1764.0
2015-04-08,106,06:39:00,Wednesday,Downsview Stn,Utilized Off Route,7,15,n,8137.0
2015-04-08,88,06:42:00,Wednesday,St.Clair Station,Late Leaving Garage,12,24,E,8353.0
2015-04-08,100,06:45:00,Wednesday,Broadview Station,Late Leaving Garage,3,6,,7508.0
2015-04-08,106,06:46:00,Wednesday,Downsview Stn.,Late Leaving Garage,7,14,n,9444.0
2015-04-08,53,06:50:00,Wednesday,Passmore and Markham,Mechanical,13,24,w,9087.0
2015-04-08,81,06:54:00,Wednesday,Pape Stn,Mechanical,5,10,N/B,7837.0
2015-04-08,29,07:00:00,Wednesday,Wilson stn to Princes Gate,General Delay,12,16,b/w,
2015-04-08,5,07:00:00,Wednesday,Eglinton stn to Elm ave,General Delay,31,43,b/w,
2015-04-08,196,07:02:00,Wednesday,Downsview Stn.,Late Leaving Garage,3,6,s,9017.0
2015-04-08,192,07:04:00,Wednesday,Kipling Station,Mechanical,10,20,N/B,8009.0
2015-04-08,68,07:07:00,Wednesday,Warden stn,Mechanical,4,8,nb,7552.0
2015-04-08,54,07:10:00,Wednesday,Lawrence rt,Mechanical,6,12,eb,7631.0
2015-04-08,168,07:11:00,Wednesday,Dundas W stn,Mechanical,4,9,n,7973.0
2015-04-08,110,07:12:00,Wednesday,Islington Station,Mechanical,24,48,S,7933.0
2015-04-08,129,07:12:00,Wednesday,McCowan and Major MacKenzie,Mechanical,14,27,n,1328.0
2015-04-08,129,07:16:00,Wednesday,McCowan and 14 th Ave,Mechanical,14,27,s,1099.0
2015-04-08,165,07:22:00,Wednesday,weston at bradstock,Mechanical,6,12,e,1232.0
2015-04-08,5,07:24:00,Wednesday,Eglinton stn,Mechanical,12,24,s/b,8358.0
2015-04-08,100,07:30:00,Wednesday,Broadview Station,Utilized Off Route,3,6,,7677.0
2015-04-08,94,07:45:00,Wednesday,YONGE ST.WELLESLEY,Mechanical,12,24,W,7701.0
2015-04-08,196,07:45:00,Wednesday,Common,Mechanical,2,4,s,8366.0
2015-04-08,52,08:00:00,Wednesday,entire route,General Delay,12,35,b/w,
2015-04-08,14,08:00:00,Wednesday,entire route,General Delay,15,45,b/w,
2015-04-08,51,08:00:00,Wednesday,Eglinton stn to Townsend,General Delay,25,37,b/w,
2015-04-08,61,08:00:00,Wednesday,Eglinton stn to Bombay loop,General Delay,15,30,b/w,
2015-04-08,36,08:15:00,Wednesday,Finch station 36D,Mechanical,1,1,B,9107.0
2015-04-08,11,08:21:00,Wednesday,Davisville stn,Utilized Off Route,12,24,e/b,8182.0
2015-04-08,52,08:25:00,Wednesday,lawrence stn,Mechanical,18,36,w/b,1546.0
2015-04-08,97,08:30:00,Wednesday,Lawrence to Davisville on Yonge st,General Delay,30,65,BW,
2015-04-08,53,08:37:00,Wednesday,Passmore and Markham,Mechanical,4,9,w,1820.0
2015-04-08,51,08:37:00,Wednesday,Eglinton stn,Mechanical,14,27,n/b,8161.0
2015-04-08,46,08:41:00,Wednesday,Martin Grove and Waterbury,Mechanical,11,21,S/B,1337.0
2015-04-08,196,08:45:00,Wednesday,Downsview Stn.,Mechanical,2,4,n,9417.0
2015-04-08,105,09:00:00,Wednesday,Duffrin,General Delay,10,25,,
2015-04-08,54,09:15:00,Wednesday,Lawrence Kennedy,Investigation,6,12,wb,7537.0
2015-04-08,196,09:20:00,Wednesday,Downsview Stn,Utilized Off Route,2,8,,9424.0
2015-04-08,95,09:32:00,Wednesday,Ellsmere and Claudius,Mechanical,9,22,e,1817.0
2015-04-08,95,09:39:00,Wednesday,Ellesmere RT Stn,Mechanical,8,16,w,9412.0
2015-04-08,54,09:40:00,Wednesday,Lawreence Greencedar circt,Mechanical,6,12,wb,7491.0
2015-04-08,95,09:44:00,Wednesday,Ellesmere and Markham,Mechanical,8,15,w,1794.0
2015-04-08,96,09:50:00,Wednesday,wilson stn,Investigation,9,18,e,1291.0
2015-04-08,95,10:01:00,Wednesday,Kingston Rd Loop-Ellesmere,Mechanical,13,26,wb,1794.0
2015-04-08,20,10:06:00,Wednesday,MAIN STN,Mechanical,17,35,E,7762.0
2015-04-08,167,10:07:00,Wednesday,PHARMACH/FINCH,Investigation,24,48,S,7786.0
2015-04-08,25,10:08:00,Wednesday,Don Mills and Lawrence,Investigation,6,12,S,7462.0
2015-04-08,108,10:10:00,Wednesday,Jane and Driftwood,Mechanical,18,36,S,1232.0
2015-04-08,104,10:11:00,Wednesday,Wilsion Stn,Mechanical,15,30,,8154.0
2015-04-08,54,10:11:00,Wednesday,Lawrence Warden,Utilized Off Route,6,12,wb,7469.0
2015-04-08,96,10:15:00,Wednesday,wilson at bathurst,Mechanical,9,18,e,1512.0
2015-04-08,94,10:20:00,Wednesday,WELLESLEY STN,Mechanical,10,20,W,7704.0
2015-04-08,24,10:24:00,Wednesday,DON MILLS STATION,Utilized Off Route,30,60,S,7850.0
2015-04-08,54,10:25:00,Wednesday,Lawrence Bennet Circle,Investigation,6,12,wb,7525.0
2015-04-08,85,10:26:00,Wednesday,Malvern gate,Mechanical,8,15,W,9055.0
2015-04-08,7,10:27:00,Wednesday,Bathurst Station,Investigation,9,18,N,9008.0
2015-04-08,196,10:30:00,Wednesday,downsview Stn,Utilized Off Route,2,4,w,9446.0
2015-04-08,131,10:30:00,Wednesday,Tapscott Rd-Blackwell Av,Emergency Services,15,30,eb,1809.0
2015-04-08,79,10:35:00,Wednesday,Entire Route,Mechanical,24,46,B/W,1669.0
2015-04-08,25,10:39:00,Wednesday,Don Mills and Goodview,Investigation,6,12,S,7626.0
2015-04-08,191,10:40:00,Wednesday,Stelles,Mechanical,10,20,S,1559.0
2015-04-08,84,11:00:00,Wednesday,Downsview stn,Mechanical,9,18,W,1326.0
2015-04-08,68,11:14:00,Wednesday,Warden Loop,Mechanical,9,19,sb,7633.0
2015-04-08,41,11:17:00,Wednesday,Keele and Eglinton,Diversion,1,1,b/w,1623.0
2015-04-08,110,11:17:00,Wednesday,Islington/Queensway,Mechanical,9,18,n/b,8066.0
2015-04-08,32,11:22:00,Wednesday,Eglinton and Keele,Diversion,133,143,w/b,
2015-04-08,102,11:28:00,Wednesday,Warden Stn,Utilized Off Route,10,20,N,7772.0
2015-04-08,196,11:33:00,Wednesday,Downsview Stn,Mechanical,2,4,w,9438.0
2015-04-08,68,11:45:00,Wednesday,Warden st clair,Diversion,10,35,bw,7431.0
2015-04-08,47,11:57:00,Wednesday,Queen and Lansdowne,Mechanical,15,30,N/B,1200.0
2015-04-08,196,11:58:00,Wednesday,Downsview Stn,Mechanical,3,7,w,9429.0
2015-04-08,43,12:00:00,Wednesday,43-Kennedy Route,General Delay,9,15,BW,
2015-04-08,23,12:12:00,Wednesday,Donora and Dawes,Investigation,10,20,SB,7843.0
2015-04-08,70,12:13:00,Wednesday,Coxwell station,Emergency Services,18,36,sb,7660.0
2015-04-08,36,12:15:00,Wednesday,Finch and Romfield,Mechanical,6,12,E,1686.0
2015-04-08,29,12:15:00,Wednesday,Dufferin at Hope,Mechanical,4,8,s/b,9025.0
2015-04-08,196,12:26:00,Wednesday,Downsview Stn,Mechanical,2,5,w,9441.0
2015-04-08,68,12:33:00,Wednesday,Warden Stn,Mechanical,9,19,nb,7478.0
2015-04-08,196,12:43:00,Wednesday,Downsview Stn,Mechanical,3,5,w,9435.0
2015-04-08,63,12:44:00,Wednesday,Atlantic Ave. and King St. West,Mechanical,7,15,N,1500.0
2015-04-08,54,12:55:00,Wednesday,Victoria Park on Lawrence,Mechanical,12,24,e,7623.0
2015-04-08,68,13:00:00,Wednesday,68-Warden route,General Delay,9,15,BW,
2015-04-08,109,13:00:00,Wednesday,Eglinton wstn / Bathurst,General Delay,7,14,b/w,
2015-04-08,47,13:00:00,Wednesday,Entire Route,General Delay,15,23,B/W,
2015-04-08,17,13:06:00,Wednesday,Birchmount Rd and McGregor,Investigation,7,20,N,7709.0
2015-04-08,54,13:09:00,Wednesday,Morningside and Lawrence,Mechanical,12,24,w,7525.0
2015-04-08,39,13:10:00,Wednesday,Neilson & Crow Trail,Mechanical,7,13,WB,1140.0
2015-04-08,102,13:10:00,Wednesday,Warden Stn,Mechanical,17,34,N,8109.0
2015-04-08,168,13:12:00,Wednesday,DUNDAS WEST STN,Investigation,10,20,nb,7938.0
2015-04-08,86,13:14:00,Wednesday,Toronto Zoo,Mechanical,10,20,E,7405.0
2015-04-08,192,13:17:00,Wednesday,Kipling station,Mechanical,10,20,nb,8010.0
2015-04-08,22,13:19:00,Wednesday,Coxwell Station,Diversion,8,16,NB,7793.0
2015-04-08,70,13:27:00,Wednesday,coxwell station,Diversion,49,67,w,7649.0
2015-04-08,54,13:30:00,Wednesday,Don Mills on Lawrence,General Delay,10,22,w,
2015-04-08,94,13:30:00,Wednesday,Wellesley Route,General Delay,15,30,bw,7806.0
2015-04-08,47,13:30:00,Wednesday,Lansdowne and Davenport,Investigation,15,30,S/B,1528.0
2015-04-08,198,13:34:00,Wednesday,Eglinton & Markham,Mechanical,10,20,E,7503.0
2015-04-08,50,13:38:00,Wednesday,Mill rd loop,Mechanical,20,4,e/b,8046.0
2015-04-08,5,14:00:00,Wednesday,On Route,General Delay,25,41,SB,
2015-04-08,36,14:00:00,Wednesday,Finch Route,General Delay,10,20,B/w,
2015-04-08,63,14:00:00,Wednesday,Entire Route,General Delay,5,10,B/W,
2015-04-08,89,14:00:00,Wednesday,Entire route,General Delay,20,28,B/W,
2015-04-08,36,14:05:00,Wednesday,Oakdale/Finch,Investigation,6,12,w,9108.0
2015-04-08,46,14:17:00,Wednesday,Steeles loop at Martin Grove,Late Leaving Garage,11,22,S,1236.0
2015-04-08,29,14:19:00,Wednesday,Dundas,Mechanical,5,10,N,9019.0
2015-04-08,709,14:25:00,Wednesday,Dufferin and Bloor,Utilized Off Route,1,1,E/B,1027.0
2015-04-08,104,14:26:00,Wednesday,Wilson Stn,Mechanical,15,30,w,8180.0
2015-04-08,108,14:27:00,Wednesday,Driftwood/Jane,Mechanical,18,36,E,1550.0
2015-04-08,52,14:30:00,Wednesday,Lawrence and Good Sheppard,Diversion,38,53,E/B,
2015-04-08,104,14:30:00,Wednesday,Downsview Stn,Late Leaving Garage,13,26,w,8352.0
2015-04-08,61,14:30:00,Wednesday,On Route,General Delay,20,32,NB,
2015-04-08,44,14:31:00,Wednesday,Colonel Sam smith loop,Utilized Off Route,4,8,nb,7341.0
2015-04-08,84,14:32:00,Wednesday,JSTE,Late Leaving Garage,22,44,E,1364.0
2015-04-08,41,14:33:00,Wednesday,Commons at York Univ,Late Leaving Garage,14,28,SB,9146.0
2015-04-08,191,14:37:00,Wednesday,Kipling Stn.,Utilized Off Route,7,15,N,7930.0
2015-04-08,84,14:38:00,Wednesday,Sheppard Station,Mechanical,22,44,W,1554.0
2015-04-08,161,14:39:00,Wednesday,Jane and Lambton,Late Leaving Garage,9,11,E/B,1609.0
2015-04-08,79,14:39:00,Wednesday,Pine and Lawrence,Late Leaving Garage,12,24,S/B,1621.0
2015-04-08,59,14:40:00,Wednesday,Good Sheppard and Lawrence,Diversion,9,18,E,
2015-04-08,129,14:42:00,Wednesday,STC station,Mechanical,1,1,n,9095.0
2015-04-08,196,14:43:00,Wednesday,Downsview Stn,Mechanical,3,6,w,9445.0
2015-04-08,32,14:45:00,Wednesday,Eglinton west stn,Mechanical,8,21,e/b,1235.0
2015-04-08,199,14:49:00,Wednesday,STC,Mechanical,4,8,E/B,1089.0
2015-04-08,87,14:49:00,Wednesday,Broadview Station,Mechanical,11,22,EB,7782.0
2015-04-08,165,14:49:00,Wednesday,Wilson and Jane,Utilized Off Route,8,16,e,1561.0
2015-04-08,35,14:49:00,Wednesday,Jane and Eglinton,Utilized Off Route,7,14,N/b,1201.0
2015-04-08,709,14:50:00,Wednesday,Eglinton stn,Utilized Off Route,1,1,e/b,1026.0
2015-04-08,129,14:54:00,Wednesday,stc Station,Mechanical,12,24,N,9100.0
2015-04-08,709,14:55:00,Wednesday,Mt Dennis,Utilized Off Route,1,1,e/b,1012.0
2015-04-08,17,14:55:00,Wednesday,Birchmount and Vaux Hall Dr,Investigation,20,40,n,7714.0
2015-04-08,127,14:55:00,Wednesday,Townsley Loop,Late Leaving Garage,19,39,EB,1628.0
2015-04-08,117,14:56:00,Wednesday,Alness and Steeles,Late Leaving Garage,14,28,w,8151.0
2015-04-08,53,14:59:00,Wednesday,Passmore & Markham,Mechanical,6,18,W,1767.0
2015-04-08,67,15:00:00,Wednesday,victoria Park Station,Mechanical,10,20,NB,7499.0
2015-04-08,6,15:00:00,Wednesday,Bay St. and Wellesley St.West,Mechanical,10,20,N,1278.0
2015-04-08,161,15:00:00,Wednesday,Entire Route,General Delay,12,24,B/W,
2015-04-08,41,15:00:00,Wednesday,Entire Route,General Delay,30,42,B/W,
2015-04-08,79,15:00:00,Wednesday,Entire Route,General Delay,25,37,B/W,
2015-04-08,6,15:00:00,Wednesday,Entire Route,General Delay,5,10,B/W,
2015-04-08,26,15:00:00,Wednesday,Entire Route,General Delay,15,30,B/W,
2015-04-08,26,15:02:00,Wednesday,Mount Dennis Garage,Late Leaving Garage,14,28,W,1035.0
2015-04-08,26,15:03:00,Wednesday,Jane Station,Utilized Off Route,13,27,E,1600.0
2015-04-08,116,15:03:00,Wednesday,Morningside & Lawrence,Mechanical,9,10,N,7495.0
2015-04-08,43,15:04:00,Wednesday,Kennedy station,Mechanical,18,36,NB,7487.0
2015-04-08,56,15:05:00,Wednesday,Wiclsteed Av on Laird,Investigation,32,64,WB,8149.0
2015-04-08,35,15:07:00,Wednesday,Jane Stn,Late Leaving Garage,5,10,N/b,1547.0
2015-04-08,45,15:09:00,Wednesday,Kipling station,Mechanical,3,5,nb,7332.0
2015-04-08,132,15:12:00,Wednesday,STC,Late Leaving Garage,12,24,E,1704.0
2015-04-08,41,15:14:00,Wednesday,Commons at York Univ.,Late Leaving Garage,14,28,SB,9136.0
2015-04-08,70,15:14:00,Wednesday,egl yard,Late Leaving Garage,1,1,w,7514.0
2015-04-08,42,15:15:00,Wednesday,Finch Station,Mechanical,12,23,eb,8358.0
2015-04-08,16,15:16:00,Wednesday,McCowan and Hollyhedge,Investigation,10,20,n,7759.0
2015-04-08,34,15:22:00,Wednesday,Eglinton Yard,Late Leaving Garage,1,1,WB,7406.0
2015-04-08,106,15:25:00,Wednesday,Downsview Stn,Late Leaving Garage,8,16,w,8144.0
2015-04-08,35,15:25:00,Wednesday,Jane Stn,Late Leaving Garage,5,10,N/b,1572.0
2015-04-08,32,15:27:00,Wednesday,Pine and Lawrence,Late Leaving Garage,8,16,e/b,1000.0
2015-04-08,41,15:28:00,Wednesday,Commons at York Univ,Late Leaving Garage,14,28,SB,1636.0
2015-04-08,74,15:30:00,Wednesday,St Clair Station,Mechanical,15,30,nb,8394.0
2015-04-08,95,15:32:00,Wednesday,Kingston Rd loop,Mechanical,9,16,w,1293.0
2015-04-08,88,15:34:00,Wednesday,St. Clair Station,Utilized Off Route,15,30,eb,8318.0
2015-04-08,25,15:36:00,Wednesday,Don Mills Station,Mechanical,3,6,NB,7602.0
2015-04-08,42,15:38:00,Wednesday,Finch Station,Mechanical,12,23,eb,8154.0
2015-04-08,7,15:38:00,Wednesday,Eglinton ave,Mechanical,8,16,n,9056.0
2015-04-08,45,15:45:00,Wednesday,Kipling station,Mechanical,3,10,nb,8098.0
2015-04-08,11,15:48:00,Wednesday,Davisville Station,Utilized Off Route,12,24,NB,8310.0
2015-04-08,24,15:48:00,Wednesday,VP at Huntingwood,Investigation,5,10,n,7870.0
2015-04-08,106,15:55:00,Wednesday,Sentinel and Hucknall,Mechanical,10,20,s,8137.0
2015-04-08,116,15:56:00,Wednesday,Morningside & Nighstar,Mechanical,6,12,S,7537.0
2015-04-08,68,15:58:00,Wednesday,Warden Station,Mechanical,6,12,NB,7428.0
2015-04-08,7,15:59:00,Wednesday,St Clair WSTN,Mechanical,8,16,s,9001.0
2015-04-08,35,16:00:00,Wednesday,Steeles to Jane Stn Both ways,General Delay,20,47,B/W,
2015-04-08,195,16:00:00,Wednesday,Jane to Steeles. Both ways,General Delay,20,47,B/W,
2015-04-08,77,16:00:00,Wednesday,Runnymede and St Clair,General Delay,11,32,s/b,
2015-04-08,59,16:08:00,Wednesday,Weston and Oak,Mechanical,13,26,E,1417.0
2015-04-08,116,16:11:00,Wednesday,Morningside & West Hill,Investigation,1,1,N,7572.0
2015-04-08,46,16:17:00,Wednesday,Kipling Station,Mechanical,11,22,N,1275.0
2015-04-08,165,16:25:00,Wednesday,Weston and Sheppard,Mechanical,46,92,w,1804.0
2015-04-08,52,16:30:00,Wednesday,Lawrence West Station,Mechanical,11,16,W/B,1630.0
2015-04-08,29,16:33:00,Wednesday,Queen,Investigation,5,10,S,9022.0
2015-04-08,35,16:38:00,Wednesday,Jane and St.Clair,Diversion,8,16,S/b,1313.0
2015-04-08,42,16:39:00,Wednesday,Victoria Park and Tempo,Mechanical,11,33,eb,8358.0
2015-04-08,90,16:49:00,Wednesday,St Clair wst,Utilized Off Route,5,10,n,8372.0
2015-04-08,75,16:50:00,Wednesday,King st,Utilized Off Route,7,14,n,8147.0
2015-04-08,196,16:54:00,Wednesday,Sheppard Station,Utilized Off Route,7,15,wb,9401.0
2015-04-08,195,16:56:00,Wednesday,"Jane and St,Clair",Diversion,49,59,s,7918.0
2015-04-08,196,17:00:00,Wednesday,Downsview Station,Utilized Off Route,2,4,nb,9445.0
2015-04-08,64,17:00:00,Wednesday,Gerrard and Main St,Diversion,1,1,NB,8118.0
2015-04-08,161,17:04:00,Wednesday,Ossington Stn,Investigation,11,22,W/B,1624.0
2015-04-08,135,17:05:00,Wednesday,Gerrard and Main,Diversion,10,35,e,7737.0
2015-04-08,81,17:16:00,Wednesday,PAPE STATION,Mechanical,10,20,W,7818.0
2015-04-08,81,17:16:00,Wednesday,Pape Stations,Utilized Off Route,7,14,B/W,8109.0
2015-04-08,102,17:20:00,Wednesday,Warden Station,Utilized Off Route,11,22,B/W,7825.0
2015-04-08,52,17:23:00,Wednesday,Westwood Mall,Mechanical,16,32,E/B,1546.0
2015-04-08,46,17:24:00,Wednesday,Albion and Martin Grove,Mechanical,11,22,S,1375.0
2015-04-08,60,17:28:00,Wednesday,Yonge/Centre,Mechanical,7,14,W,1261.0
2015-04-08,168,17:30:00,Wednesday,SB 168 ROUTE,General Delay,15,10,sb,
2015-04-08,29,17:47:00,Wednesday,Eglinton,Mechanical,5,10,S,9035.0
2015-04-08,35,17:50:00,Wednesday,Jane and Sheppard,Mechanical,5,10,N/b,1354.0
2015-04-08,25,17:52:00,Wednesday,Don Mills and Barber Greene,Mechanical,4,8,NB,7438.0
2015-04-08,116,17:53:00,Wednesday,Kennedy Stn,Mechanical,6,12,E,7527.0
2015-04-08,44,17:54:00,Wednesday,Colonel Sam Smith Loop,Mechanical,4,8,nb,8040.0
2015-04-08,54,17:57:00,Wednesday,Markham on Lawrence,Investigation,11,22,e,7624.0
2015-04-08,7,18:08:00,Wednesday,Bathurst stn,Mechanical,8,16,n,9042.0
2015-04-08,60,18:10:00,Wednesday,York Univ.,Mechanical,11,22,E,1682.0
2015-04-08,55,18:15:00,Wednesday,Gooch Ave and Magwood Crt,Diversion,45,75,NB,1515.0
2015-04-08,195,18:16:00,Wednesday,Jane and Weston,Mechanical,10,20,N,1318.0
2015-04-08,160,18:17:00,Wednesday,Wilson stn,Mechanical,21,42,n,8321.0
2015-04-08,53,18:28:00,Wednesday,Yonge & Cummer,Mechanical,5,10,E,1785.0
2015-04-08,111,18:35:00,Wednesday,Kipling station,Mechanical,8,20,N,7341.0
2015-04-08,37,18:40:00,Wednesday,Islington at Central Park Rdway,Investigation,9,19,N,7934.0
2015-04-08,7,18:46:00,Wednesday,Finch,Mechanical,7,14,n,9002.0
2015-04-08,25,19:00:00,Wednesday,Finch and Don Mills,Emergency Services,3,6,NB,7544.0
2015-04-08,116,19:08:00,Wednesday,Morningside & Lawrence,Mechanical,10,20,N,7441.0
2015-04-08,196,19:30:00,Wednesday,Downsview stn,Utilized Off Route,2,4,n,8191.0
2015-04-08,36,19:44:00,Wednesday,Finch Station,Mechanical,6,12,w,1207.0
2015-04-08,129,19:51:00,Wednesday,Scar Town,Mechanical,6,12,N,1742.0
2015-04-08,70,20:15:00,Wednesday,Coxwell station,Mechanical,18,36,s,7471.0
2015-04-08,91,21:53:00,Wednesday,GERRARD ST AND WELLESLY STN,Investigation,1,1,W,7727.0
2015-04-08,52,23:05:00,Wednesday,Lawrence west /Ralph,Investigation,21,42,w,1648.0
2015-04-08,52,23:59:00,Wednesday,Lawrence west / Jane,Mechanical,21,42,w,1069.0
2015-04-09,46,00:35:00,Thursday,BLOOR AND KIPLING,Mechanical,30,60,N/b,1267.0
2015-04-09,116,00:38:00,Thursday,Eglinton & MCCowan,Mechanical,10,20,EB,7555.0
2015-04-09,192,01:15:00,Thursday,Kipling station,Investigation,20,40,N,8002.0
2015-04-09,192,01:38:00,Thursday,Dundas at Shaver,Investigation,20,40,N,8009.0
2015-04-09,45,01:54:00,Thursday,Kipling Station,Utilized Off Route,12,24,N,8082.0
2015-04-09,310,02:00:00,Thursday,bathurst and sheppard,Diversion,30,135,b/w,9038.0
2015-04-09,29,04:25:00,Thursday,Dufferin and St Clair,Mechanical,10,15,s/b,9001.0
2015-04-09,6,04:46:00,Thursday,Bedford and Davenport,Late Leaving Garage,0,20,s/b,1647.0
2015-04-09,25,05:05:00,Thursday,Pape stn,Mechanical,18,36,nb,7471.0
2015-04-09,51,05:10:00,Thursday,Eglinton Stn.,Late Leaving Garage,20,20,n,8170.0
2015-04-09,53,05:17:00,Thursday,Passmore and Markham,Mechanical,5,10,w,1826.0
2015-04-09,100,05:22:00,Thursday,Eglinton yard,Mechanical,1,1,ob,7628.0
2015-04-09,109,05:30:00,Thursday,Rajah and neptune,Diversion,1208,1223,E,8365.0
2015-04-09,75,05:30:00,Thursday,Lower Jarvis and Esplanade,Diversion,978,992,N,8183.0
2015-04-09,84,05:30:00,Thursday,Shep /Arrow,Late Leaving Garage,10,20,E,1417.0
2015-04-09,35,05:30:00,Thursday,Jane Stn,Late Leaving Garage,10,20,N,1564.0
2015-04-09,129,05:41:00,Thursday,Steeles and McCowan,Late Leaving Garage,4,9,s,1091.0
2015-04-09,10,05:43:00,Thursday,Brian Drive/ Van Horne,Late Leaving Garage,15,30,n,8140.0
2015-04-09,100,05:45:00,Thursday,Eglinton Station,Late Leaving Garage,1,1,SB,7628.0
2015-04-09,77,05:50:00,Thursday,Runnymede stn,Late Leaving Garage,15,25,s/b,1018.0
2015-04-09,29,05:51:00,Thursday,Princes Gate,Late Leaving Garage,8,16,n/b,9007.0
2015-04-09,116,05:54:00,Thursday,Morningside and Staines,Utilized Off Route,6,12,W,7491.0
2015-04-09,86,05:57:00,Thursday,Eglinton yard,Mechanical,17,1,e,7473.0
2015-04-09,59,06:00:00,Thursday,Lawrence and Benton Rd.,Diversion,58,70,W/B,1261.0
2015-04-09,7,06:00:00,Thursday,Village Gate,Late Leaving Garage,8,15,n,9054.0
2015-04-09,127,06:02:00,Thursday,Davenport and Howland,Mechanical,17,34,e/b,1655.0
2015-04-09,131,06:08:00,Thursday,Nugget and Shorting,Mechanical,9,17,w,1108.0
2015-04-09,116,06:10:00,Thursday,Kingston Rd. and Saunders,Emergency Services,6,12,W,7477.0
2015-04-09,129,06:15:00,Thursday,McCowan and Sandhurst Cir North,Mechanical,5,9,n,1721.0
2015-04-09,25,06:19:00,Thursday,FMDM,Late Leaving Garage,9,14,S,7609.0
2015-04-09,70,06:21:00,Thursday,Coxwell stn,Mechanical,18,36,eb,7480.0
2015-04-09,45,06:21:00,Thursday,KIPLING STN,Mechanical,22,43,N,8061.0
2015-04-09,32,06:27:00,Thursday,Skymark,Late Leaving Garage,5,11,e/b,1413.0
2015-04-09,76,06:29:00,Thursday,Queenway and Royal York,Late Leaving Garage,27,54,s,8020.0
2015-04-09,105,06:30:00,Thursday,Confederation pkwy/ Duff,Late Leaving Garage,17,47,n,9424.0
2015-04-09,95,06:30:00,Thursday,Ellesmere R.T. Station,Mechanical,1,1,w,9402.0
2015-04-09,199,06:34:00,Thursday,Finch station,Late Leaving Garage,3,6,EB,1097.0
2015-04-09,54,06:35:00,Thursday,Eglinton stn,Mechanical,1,1,ob,7427.0
2015-04-09,6,06:35:00,Thursday,Queens quay and Freeland,Mechanical,8,16,W/B,1666.0
2015-04-09,84,06:41:00,Thursday,Bradstock and Weston,Mechanical,8,17,E/B,1417.0
2015-04-09,41,06:53:00,Thursday,Keele Station,Mechanical,15,30,N/B,9152.0
2015-04-09,142,07:00:00,Thursday,Bombay loop,Late Leaving Garage,4,34,s/b,8381.0
2015-04-09,61,07:02:00,Thursday,Bombay loop,Utilized Off Route,1,1,s/b,8358.0
2015-04-09,59,07:04:00,Thursday,Lawrence West Station,Mechanical,12,24,W/B,1261.0
2015-04-09,36,07:06:00,Thursday,Humberwood loop,Late Leaving Garage,5,11,E,9127.0
2015-04-09,68,07:07:00,Thursday,Warden stn,Mechanical,4,8,nb,7552.0
2015-04-09,36,07:07:00,Thursday,Finch station 36F,Late Leaving Garage,12,23,W,1791.0
2015-04-09,42,07:08:00,Thursday,Finch Stn,Late Leaving Garage,6,12,E,8187.0
2015-04-09,36,07:09:00,Thursday,Finch station,Mechanical,6,11,W,9109.0
2015-04-09,54,07:10:00,Thursday,Lawrence rt,Mechanical,6,12,eb,7631.0
2015-04-09,34,07:13:00,Thursday,Kennedy Station,Mechanical,4,8,WB,7602.0
2015-04-09,60,07:21:00,Thursday,Carpenter Road on Steeles Ave. West,Mechanical,7,14,W,1683.0
2015-04-09,106,07:21:00,Thursday,Downview Stn.,Utilized Off Route,7,11,n,8337.0
2015-04-09,107,07:30:00,Thursday,Downsview-MajorMack,General Delay,9,20,N/S,
2015-04-09,86,07:50:00,Thursday,Kingston Rd and Lawrence,Mechanical,15,30,e,7593.0
2015-04-09,41,07:53:00,Thursday,Keele and Densley,Mechanical,11,22,n/b,1065.0
2015-04-09,105,07:55:00,Thursday,Downsview Stn.,Mechanical,28,56,n,9415.0
2015-04-09,61,08:00:00,Thursday,Eglinton stn to Bombay loop,General Delay,13,23,b/w,
2015-04-09,103,08:00:00,Thursday,Eglinton stn to Doncliff loop,General Delay,14,34,b/w,
2015-04-09,51,08:00:00,Thursday,Eglinton stn to Townsend,General Delay,20,34,b/w,
2015-04-09,24,08:00:00,Thursday,VP ROUTE,General Delay,10,0,BW,
2015-04-09,94,08:00:00,Thursday,WELLESLEY ROUTE,General Delay,20,0,BW,
2015-04-09,57,08:00:00,Thursday,Midland & Lawerence.,General Delay,12,1,B/W,
2015-04-09,21,08:00:00,Thursday,Brimley & Largo,General Delay,10,1,B/W,
2015-04-09,5,08:00:00,Thursday,Eglinton stn to Elm ave,General Delay,34,46,b/w,
2015-04-09,199,08:00:00,Thursday,Finch station to STC,General Delay,8,12,B/W,1814.0
2015-04-09,39,08:00:00,Thursday,Finch station to Neilson & Crow Trail,General Delay,8,12,B/W,1750.0
2015-04-09,86,08:00:00,Thursday,Scarborough Route,General Delay,10,1,B/W,
2015-04-09,33,08:00:00,Thursday,Forrest Hill,General Delay,15,20,BW,8334.0
2015-04-09,116,08:00:00,Thursday,Morningside Route,General Delay,8,1,B/W,
2015-04-09,198,08:00:00,Thursday,Scarborough Rocket,General Delay,8,0,B/W,
2015-04-09,105,08:00:00,Thursday,Downsview-MajorMack,General Delay,14,25,n,
2015-04-09,45,08:08:00,Thursday,KIPLING STN,Mechanical,6,12,N,8061.0
2015-04-09,131,08:11:00,Thursday,Brimley and Largo Lane,Investigation,7,15,n,1794.0
2015-04-09,68,08:15:00,Thursday,Warden stn,Utilized Off Route,4,8,nb,7672.0
2015-04-09,34,08:21:00,Thursday,Kennedy station,Mechanical,4,8,WB,7443.0
2015-04-09,196,08:29:00,Thursday,Downsview Stn.,Mechanical,5,7,n,9419.0
2015-04-09,97,08:30:00,Thursday,`Yonge Blvd to Lawrence,General Delay,30,60,BW,
2015-04-09,29,08:30:00,Thursday,Dufferin at Queen,Mechanical,7,14,n/b,9025.0
2015-04-09,10,08:45:00,Thursday,Pleasant View/ Clipper,Diversion,15,30,W,8143.0
2015-04-09,54,08:54:00,Thursday,Lawrence rt,Mechanical,6,12,wb,7629.0
2015-04-09,133,08:59:00,Thursday,Tapscott and Blackwell,Investigation,10,20,eb,1737.0
2015-04-09,124,09:00:00,Thursday,Sunnybrook Route,General Delay,6,13,BW,
2015-04-09,165,09:00:00,Thursday,weston at lovilla,General Delay,10,18,w,
2015-04-09,60,09:02:00,Thursday,Founders Road on Steeles,Mechanical,7,14,E,1263.0
2015-04-09,196,09:04:00,Thursday,Sheppard Stn,Utilized Off Route,4,12,,8136.0
2015-04-09,196,09:10:00,Thursday,Downsview Stn.,Utilized Off Route,3,5,n,9419.0
2015-04-09,96,09:10:00,Thursday,wilson at clayson,Mechanical,6,11,e,7204.0
2015-04-09,35,09:15:00,Thursday,Jstee,Late Leaving Garage,10,20,N,1294.0
2015-04-09,71,09:21:00,Thursday,Mt Dennis division,Mechanical,20,40,s/b,1660.0
2015-04-09,165,09:34:00,Thursday,weston at sheppard,Mechanical,9,18,e,1232.0
2015-04-09,54,10:06:00,Thursday,Eglinton stn,Mechanical,6,12,eb,7416.0
2015-04-09,199,10:19:00,Thursday,STC,Mechanical,5,10,WB,1143.0
2015-04-09,29,10:35:00,Thursday,Dufferin at Bridgeland,Mechanical,4,8,s/b,9014.0
2015-04-09,196,10:38:00,Thursday,Downsview Stn,Mechanical,3,5,n,9038.0
2015-04-09,41,10:46:00,Thursday,Keele and Eglinton,Investigation,8,17,S,9140.0
2015-04-09,196,10:52:00,Thursday,Sheppard & Yonge St,Utilized Off Route,10,22,,9417.0
2015-04-09,21,10:52:00,Thursday,STC,Mechanical,14,28,N.B,7860.0
2015-04-09,88,11:00:00,Thursday,South leaside route,General Delay,15,30,,
2015-04-09,85,11:06:00,Thursday,Sheppard and Don Mills,Utilized Off Route,7,14,eb,9100.0
2015-04-09,95,11:12:00,Thursday,York Mills Station,Utilized Off Route,9,18,eb,1785.0
2015-04-09,54,11:27:00,Thursday,Lawrence Moringside,Emergency Services,12,24,wb,7582.0
2015-04-09,79,11:28:00,Thursday,scarlett and east,Investigation,26,52,s/b,1278.0
2015-04-09,112,11:29:00,Thursday,RENFORTH  & CARLINGVIEW,Mechanical,20,40,S,7934.0
2015-04-09,36,11:30:00,Thursday,Finch (Weston to Jane),General Delay,15,21,B,9106.0
2015-04-09,34,11:47:00,Thursday,Eglinton and Rosemount Dr,Mechanical,7,15,WB,7627.0
2015-04-09,7,11:53:00,Thursday,Bathurst and St. Clair,Investigation,9,18,N,9019.0
2015-04-09,134,11:57:00,Thursday,Centennial College,Mechanical,6,13,w,1074.0
2015-04-09,106,12:00:00,Thursday,Downsview Stn,Mechanical,10,20,n,9442.0
2015-04-09,53,12:05:00,Thursday,Steeles and Ferrier,Mechanical,6,11,e,1133.0
2015-04-09,7,12:07:00,Thursday,Bathurst Station,Mechanical,9,18,N,9023.0
2015-04-09,54,12:10:00,Thursday,Lawrence Birchmount,Mechanical,6,12,wb,7467.0
2015-04-09,35,12:14:00,Thursday,Jane and Yorkgate,Mechanical,10,20,S/b,1687.0
2015-04-09,56,12:20:00,Thursday,Eglinton Stn.,Mechanical,15,30,N,8169.0
2015-04-09,168,12:22:00,Thursday,DUNDAS WEST STN,Investigation,10,20,nb,8063.0
2015-04-09,7,12:28:00,Thursday,Bathurst and Baycreat,Mechanical,9,18,N,9052.0
2015-04-09,196,12:28:00,Thursday,Downsview Stn,Mechanical,2,5,n,8133.0
2015-04-09,106,12:30:00,Thursday,Downsview Stn,Mechanical,10,20,n,9433.0
2015-04-09,199,12:32:00,Thursday,Finch & Bridletowne Circle W.,Mechanical,4,9,EB,1113.0
2015-04-09,102,12:53:00,Thursday,Warden Station,Utilized Off Route,17,34,N,7770.0
2015-04-09,85,12:54:00,Thursday,Sheppard and Reidmount,Mechanical,23,46,EB,9057.0
2015-04-09,90,13:00:00,Thursday,Eglinton wstn / Bathurst,General Delay,6,12,b/w,
2015-04-09,52,13:14:00,Thursday,Pilico & Lawrence,Mechanical,15,30,w/b,1590.0
2015-04-09,124,13:34:00,Thursday,Lawrence Stn,Late Leaving Garage,7,14,,8163.0
2015-04-09,85,13:34:00,Thursday,Sheppard @ Morningside,Mechanical,8,15,W,9080.0
2015-04-09,7,13:39:00,Thursday,Lawrence/Bathurst,Mechanical,8,16,s,8217.0
2015-04-09,196,13:56:00,Thursday,Downsview Stn,Utilized Off Route,3,5,n,9446.0
2015-04-09,41,14:00:00,Thursday,Entire Route,General Delay,30,40,B/W,
2015-04-09,52,14:05:00,Thursday,Pine & Lawrence,Mechanical,15,30,w/b,1013.0
2015-04-09,32,14:11:00,Thursday,Michael Power,Late Leaving Garage,0,5,e/b,1014.0
2015-04-09,32,14:21:00,Thursday,Eglinton stn,Late Leaving Garage,10,18,w/b,1525.0
2015-04-09,26,14:24:00,Thursday,Mt Dennis Garage POD St George stn,Mechanical,12,24,W,1024.0
2015-04-09,160,14:24:00,Thursday,Wilson stn Lower,Mechanical,15,30,n,8352.0
2015-04-09,97,14:24:00,Thursday,St Clair Stn,Late Leaving Garage,30,60,N,8179.0
2015-04-09,35,14:25:00,Thursday,Jane and Adesso,Mechanical,6,12,S/b,1275.0
2015-04-09,165,14:27:00,Thursday,Albion and Weston,Mechanical,7,16,E,7251.0
2015-04-09,94,14:30:00,Thursday,Wellesley Route,General Delay,10,20,bw,7777.0
2015-04-09,172,14:35:00,Thursday,Birchmount Garage,Late Leaving Garage,16,32,S,7843.0
2015-04-09,771,14:40:00,Thursday,Wilson Station,Utilized Off Route,1,1,W,9411.0
2015-04-09,89,14:52:00,Thursday,Albion and Weston,Late Leaving Garage,9,16,SB,1647.0
2015-04-09,21,14:54:00,Thursday,Scarborough Town Center,Mechanical,13,26,S,7804.0
2015-04-09,122,14:55:00,Thursday,Roywood and Fenside,Mechanical,15,27,W,8356.0
2015-04-09,161,15:00:00,Thursday,Entire Route,General Delay,12,24,B/W,
2015-04-09,11,15:00:00,Thursday,On Route,General Delay,25,37,NB,
2015-04-09,63,15:00:00,Thursday,Route 63,General Delay,20,30,BW,
2015-04-09,47,15:00:00,Thursday,Entire Route,General Delay,10,17,B/W,
2015-04-09,709,15:00:00,Thursday,Eglinton stn,Late Leaving Garage,1,1,e/b,1019.0
2015-04-09,709,15:00:00,Thursday,Eglinton west stn,Late Leaving Garage,1,1,e/b,1044.0
2015-04-09,709,15:00:00,Thursday,Eglinton stn,Late Leaving Garage,1,1,e/b,1062.0
2015-04-09,79,15:00:00,Thursday,Entire Route,General Delay,10,22,B/W,
2015-04-09,36,15:00:00,Thursday,Finch Route,General Delay,12,24,B/W,
2015-04-09,95,15:00:00,Thursday,York Mills and Scarsdale,General Delay,20,1,BW,
2015-04-09,129,15:02:00,Thursday,STC Station,Mechanical,7,12,n,1105.0
2015-04-09,60,15:02:00,Thursday,Finch Station,Late Leaving Garage,10,1,W,1298.0
2015-04-09,24,15:06:00,Thursday,VP at McNicoll,Investigation,8,16,s,7741.0
2015-04-09,86,15:08:00,Thursday,Kingston & Poplar,Investigation,14,28,W,7548.0
2015-04-09,71,15:10:00,Thursday,Runnymede stn,Late Leaving Garage,10,20,s/b,1595.0
2015-04-09,84,15:11:00,Thursday,Sheppard Station,Late Leaving Garage,22,44,W,1686.0
2015-04-09,117,15:11:00,Thursday,Downsview Stn,Late Leaving Garage,11,22,n,8379.0
2015-04-09,60,15:13:00,Thursday,Finch Station,Late Leaving Garage,11,22,W,1519.0
2015-04-09,129,15:15:00,Thursday,STC Station,Mechanical,4,9,n,1805.0
2015-04-09,165,15:19:00,Thursday,York Mills Stn.,Utilized Off Route,8,16,W,1371.0
2015-04-09,102,15:22:00,Thursday,Warden Station,Late Leaving Garage,11,22,n,7744.0
2015-04-09,95,15:23:00,Thursday,Kingston rd loop,Mechanical,9,18,w,1826.0
2015-04-09,26,15:30:00,Thursday,Route 26,General Delay,12,24,BW,
2015-04-09,771,15:32:00,Thursday,Wilson Station,Utilized Off Route,1,1,S,9447.0
2015-04-09,32,15:34:00,Thursday,Eglinton west stn,Mechanical,8,16,e/b,1516.0
2015-04-09,105,15:38:00,Thursday,Downsview Stn,Late Leaving Garage,0,15,n,9415.0
2015-04-09,42,15:38:00,Thursday,Finch Station,Mechanical,10,10,eb,8307.0
2015-04-09,135,15:40:00,Thursday,Danforth and Warden,Mechanical,10,20,s,7844.0
2015-04-09,68,15:45:00,Thursday,warden and BridleTown Cres South,Diversion,45,52,SB,
2015-04-09,300,15:46:00,Thursday,danforth and Danforth,Mechanical,20,40,EB,7943.0
2015-04-09,5,15:50:00,Thursday,Eglinton/Oriole Parkway,General Delay,25,41,NB,
2015-04-09,57,15:51:00,Thursday,Gilder and Midland,Investigation,8,16,S,7871.0
2015-04-09,86,15:56:00,Thursday,Meadowvale Loop,Mechanical,10,0,S,7626.0
2015-04-09,129,15:58:00,Thursday,Scar Town,Mechanical,5,9,N,1133.0
2015-04-09,53,16:00:00,Thursday,Finch Stn,Mechanical,5,10,E,1113.0
2015-04-09,191,16:00:00,Thursday,191 route,General Delay,10,20,B/W,
2015-04-09,34,16:00:00,Thursday,Yonge St to Brentcliffe,General Delay,10,15,BW,
2015-04-09,23,16:00:00,Thursday,Dawes rd route,General Delay,1,1,B/W,
2015-04-09,122,16:00:00,Thursday,Graydon Hall route,General Delay,15,25,B,
2015-04-09,29,16:01:00,Thursday,Wilson Station,Mechanical,5,10,S,9003.0
2015-04-09,771,16:01:00,Thursday,Wilson Station,Utilized Off Route,1,1,S,9411.0
2015-04-09,102,16:03:00,Thursday,warden station,Utilized Off Route,11,22,n,7765.0
2015-04-09,87,16:05:00,Thursday,Main Station,Mechanical,5,10,EB,7743.0
2015-04-09,191,16:07:00,Thursday,Kipling Station,Mechanical,5,10,n,7949.0
2015-04-09,87,16:12:00,Thursday,Goodwood Park and Eastdale,Investigation,6,12,WB,7782.0
2015-04-09,64,16:15:00,Thursday,Goodwood Park and Eastdale,Investigation,8,16,NB,7704.0
2015-04-09,196,16:23:00,Thursday,Downsview Station,Utilized Off Route,4,7,nb,8320.0
2015-04-09,107,16:25:00,Thursday,Sheppard at Kodiak,Investigation,22,44,n,8181.0
2015-04-09,24,16:26:00,Thursday,VP Stn.,Investigation,14,28,n,7871.0
2015-04-09,29,16:42:00,Thursday,Springhurst loop,Mechanical,5,10,N,9040.0
2015-04-09,123,16:47:00,Thursday,Evans at Gair Dr.,Mechanical,18,36,N,7326.0
2015-04-09,116,16:55:00,Thursday,Morningside & Kingston,Mechanical,22,45,S,7442.0
2015-04-09,196,16:57:00,Thursday,Downsview Stn,Utilized Off Route,3,5,n,9445.0
2015-04-09,24,17:00:00,Thursday,VP Route,General Delay,10,20,bw,7871.0
2015-04-09,35,17:00:00,Thursday,Jane and Lawrence,Mechanical,5,10,S/b,1035.0
2015-04-09,68,17:02:00,Thursday,Warden and Finch Ave,Mechanical,6,13,NB,7629.0
2015-04-09,52,17:10:00,Thursday,Jane & Lawrence,Mechanical,11,22,w/b,1536.0
2015-04-09,196,17:12:00,Thursday,Downsview Stn,Utilized Off Route,3,5,n,8158.0
2015-04-09,42,17:30:00,Thursday,Mc Nicoll and Midland,General Delay,10,12,bw,
2015-04-09,52,17:30:00,Thursday,Yonge & Lawrence,Mechanical,11,16,w/b,1277.0
2015-04-09,60,17:34:00,Thursday,Signet and Steeles Ave West,Mechanical,11,22,W,1422.0
2015-04-09,129,17:35:00,Thursday,Scar Town,Utilized Off Route,5,9,N,9091.0
2015-04-09,553,17:36:00,Thursday,Wilsopn Station,Utilized Off Route,1,1,S,9030.0
2015-04-09,131,17:38:00,Thursday,Morningside and Morningview,Diversion,8,16,WB,1352.0
2015-04-09,29,17:38:00,Thursday,Bloor,Investigation,5,10,S,9056.0
2015-04-09,52,17:43:00,Thursday,Caledonia & Lawrence,Mechanical,11,22,w/b,1021.0
2015-04-09,45,17:47:00,Thursday,KIPLING STN,Mechanical,8,16,n/b,7341.0
2015-04-09,12,17:48:00,Thursday,VP Station,Investigation,8,16,S,7846.0
2015-04-09,96,17:50:00,Thursday,Albion and Weston,Mechanical,19,38,E,7212.0
2015-04-09,196,17:59:00,Thursday,Murray Ross and Columbia,Mechanical,3,5,N,9441.0
2015-04-09,53,18:00:00,Thursday,Finch Stn to Staines,General Delay,10,15,B/W,
2015-04-09,116,18:05:00,Thursday,Kenendy Stn,Mechanical,6,12,E,7643.0
2015-04-09,47,18:05:00,Thursday,Queen and Lansdowne,Utilized Off Route,26,52,N/B,1406.0
2015-04-09,47,18:11:00,Thursday,Lansdowne Stn,Utilized Off Route,26,52,N/B,1506.0
2015-04-09,7,18:11:00,Thursday,Joicy /  Bathurst,Mechanical,7,14,n,9025.0
2015-04-09,102,18:20:00,Thursday,Warden station,Mechanical,16,32,n,7712.0
2015-04-09,53,18:20:00,Thursday,Steeles & Woodbine,Mechanical,5,10,E,1827.0
2015-04-09,102,18:26:00,Thursday,Warden Station,Mechanical,16,30,n,7744.0
2015-04-09,120,18:29:00,Thursday,Northover Sheppard,Mechanical,22,44,S,1521.0
2015-04-09,107,18:31:00,Thursday,Teston,Mechanical,24,48,s,8367.0
2015-04-09,108,18:51:00,Thursday,Sheppard Ave West and Bakerfield,Mechanical,15,30,W,1266.0
2015-04-09,75,18:51:00,Thursday,Sherb./King,Utilized Off Route,7,14,s,8183.0
2015-04-09,75,18:51:00,Thursday,King,Utilized Off Route,7,14,S,8183.0
2015-04-09,90,18:56:00,Thursday,St Clair wstn,Utilized Off Route,8,16,n,8206.0
2015-04-09,32,18:57:00,Thursday,Lawrence and Jane,Utilized Off Route,1,1,e/b,1233.0
2015-04-09,47,19:00:00,Thursday,Caledonia Rd. and Lawrence Ave.West,Mechanical,13,26,N,1582.0
2015-04-09,6,19:00:00,Thursday,Bay & King,Utilized Off Route,10,20,n/b,1056.0
2015-04-09,32,19:00:00,Thursday,Marlee and Eglinton,Mechanical,8,15,e/b,1657.0
2015-04-09,29,19:20:00,Thursday,Eglinton,Mechanical,5,10,S,9035.0
2015-04-09,165,19:20:00,Thursday,Wilson Stn.,Mechanical,10,30,N,1231.0
2015-04-09,190,19:21:00,Thursday,STC,Mechanical,5,10,WB,7476.0
2015-04-09,553,19:21:00,Thursday,Wilson Station,Utilized Off Route,1,1,S,9003.0
2015-04-09,24,19:37:00,Thursday,VP at Steeles,Emergency Services,11,22,s,7720.0
2015-04-09,7,19:42:00,Thursday,Bathurst stn,Utilized Off Route,9,18,n,9002.0
2015-04-09,7,19:58:00,Thursday,Bathurst stn,Mechanical,10,20,n,9001.0
2015-04-09,73,20:08:00,Thursday,Albion at sanagan,Mechanical,18,30,S,8027.0
2015-04-09,45,20:29:00,Thursday,Steeles Loop,Mechanical,9,18,S,8028.0
2015-04-09,104,20:32:00,Thursday,104 route,General Delay,10,20,b/w,
2015-04-09,109,20:41:00,Thursday,Marlee and Viewmount,Mechanical,15,30,s,8392.0
2015-04-09,36,20:51:00,Thursday,JOHN GARLAND BLVD,Emergency Services,8,16,W/B,9106.0
2015-04-09,34,21:32:00,Thursday,Eglinton & MT Pleasant,Mechanical,6,12,EB,7595.0
2015-04-09,36,21:39:00,Thursday,FINCH AND HWY 27,Diversion,1,1,W/B,1992.0
2015-04-09,199,21:42:00,Thursday,Scar Town,Utilized Off Route,8,15,W,1753.0
2015-04-09,191,21:44:00,Thursday,hwy 27 and finch,Diversion,14,127,w/b,7942.0
2015-04-09,126,22:15:00,Thursday,St.Clair West Station,Mechanical,30,60,S,1547.0
2015-04-09,54,22:29:00,Thursday,Lawrence E RT,Mechanical,8,16,WB,7622.0
2015-04-09,165,22:35:00,Thursday,go loop,Mechanical,12,24,s/b,1297.0
2015-04-09,100,23:00:00,Thursday,Don Mille & Eglinton,Utilized Off Route,10,20,WB,7456.0
2015-04-09,196,23:00:00,Thursday,Sheppard Station,Utilized Off Route,17,34,W,9413.0
2015-04-09,29,23:02:00,Thursday,Wilson Station,Utilized Off Route,9,18,s,9008.0
2015-04-09,84,23:05:00,Thursday,sheppard stn,Utilized Off Route,12,36,w/b,1288.0
2015-04-09,39,23:08:00,Thursday,Finch station,Utilized Off Route,6,12,E,1140.0
2015-04-09,25,23:08:00,Thursday,Don Mills & Steeles,Utilized Off Route,12,24,EB,7594.0
2015-04-09,42,23:20:00,Thursday,Finch Station,Mechanical,20,40,E,8390.0
2015-04-09,84,23:28:00,Thursday,tuscan gate and sheppard,Mechanical,12,24,w/b,1360.0
2015-04-10,98,00:00:00,Friday,Senlac,Mechanical,30,60,s,8147.0
2015-04-10,196,00:12:00,Friday,Donwsview Station,Utilized Off Route,10,20,N,8193.0
2015-04-10,37,00:55:00,Friday,Steeles/Islington loop,Mechanical,30,60,s/b,7971.0
2015-04-10,35,01:55:00,Friday,jane stn,Utilized Off Route,12,24,n/b,1227.0
2015-04-10,320,02:00:00,Friday,yonge and dundas,Utilized Off Route,4,8,n/b,8211.0
2015-04-10,107,02:50:00,Friday,St Basel School,Late Leaving Garage,30,60,n,9448.0
2015-04-10,300,02:54:00,Friday,YNG St-Bloor St,Mechanical,20,40,wb,7579.0
2015-04-10,196,03:04:00,Friday,Downsview Stn.,Utilized Off Route,2,6,n,9404.0
2015-04-10,320,03:20:00,Friday,Yonge & Eglinton,Mechanical,4,8,S,7469.0
2015-04-10,169,03:40:00,Friday,Sheppard & patrick,Diversion,23,26,n,8381.0
2015-04-10,41,04:50:00,Friday,Keele stn,Late Leaving Garage,20,30,s/b,9147.0
2015-04-10,34,04:55:00,Friday,Eglinton Station,Investigation,15,1,e,7558.0
2015-04-10,224,05:11:00,Friday,Eglinton yard,Mechanical,1,1,ob,7472.0
2015-04-10,68,05:16:00,Friday,Eglinton Yard,Mechanical,1,1,ob,7506.0
2015-04-10,116,05:20:00,Friday,Elinton yard,Mechanical,7,14,e,7458.0
2015-04-10,75,05:30:00,Friday,Lower Jarvis and Esplanade,Diversion,978,992,N,8335.0
2015-04-10,109,05:30:00,Friday,Neptune and Rajah,Diversion,1208,1223,E,8316.0
2015-04-10,95,05:30:00,Friday,Kingston Rd. Loop,Late Leaving Garage,7,14,WB,1301.0
2015-04-10,85,05:33:00,Friday,Meadowvale loop,Late Leaving Garage,4,15,W,9098.0
2015-04-10,7,05:39:00,Friday,Village gate and Steeles,Late Leaving Garage,21,50,S,9025.0
2015-04-10,116,05:41:00,Friday,Morningside and Staines,Mechanical,7,14,s,7613.0
2015-04-10,35,05:41:00,Friday,Hullmar,Mechanical,10,20,S,1339.0
2015-04-10,37,05:44:00,Friday,Rexdale and Islington,Mechanical,15,45,s,8019.0
2015-04-10,84,05:48:00,Friday,Shepp Stn,Late Leaving Garage,10,20,E,1685.0
2015-04-10,29,05:51:00,Friday,Princess gate,Late Leaving Garage,6,14,n,9003.0
2015-04-10,39,05:53:00,Friday,Finch/Baldoon,Mechanical,4,8,EB,1795.0
2015-04-10,116,05:54:00,Friday,Morningside and Staines,Utilized Off Route,7,14,s,7538.0
2015-04-10,199,05:55:00,Friday,Scarborough Town Center,Mechanical,3,6,WB,1721.0
2015-04-10,96,05:56:00,Friday,YKMS,Late Leaving Garage,22,44,W,7200.0
2015-04-10,95,05:58:00,Friday,Exiting Wilson garage,Mechanical,1,1,w,9444.0
2015-04-10,52,06:00:00,Friday,lawrence stn,Late Leaving Garage,12,24,w/b,1218.0
2015-04-10,7,06:08:00,Friday,Bathurst and Wilson,Late Leaving Garage,8,14,S,9019.0
2015-04-10,85,06:09:00,Friday,Meadowvale loop,Late Leaving Garage,6,11,W,9100.0
2015-04-10,52,06:10:00,Friday,lawrence stn,Late Leaving Garage,12,24,w/b,1031.0
2015-04-10,98,06:17:00,Friday,Sheppard Station,Mechanical,30,60,E,8200.0
2015-04-10,54,06:18:00,Friday,Edglinton yard,Mechanical,1,1,ob,7660.0
2015-04-10,25,06:19:00,Friday,Pape Stn,Mechanical,3,6,N,7675.0
2015-04-10,196,06:20:00,Friday,Downsview Stn.,Late Leaving Garage,6,11,n,9409.0
2015-04-10,29,06:21:00,Friday,Wilson stn,Mechanical,8,16,s/b,9040.0
2015-04-10,21,06:25:00,Friday,Kennedy Stn,Mechanical,20,40,N/B,7805.0
2015-04-10,117,06:30:00,Friday,Downsview St.,Late Leaving Garage,10,20,n,8358.0
2015-04-10,68,06:31:00,Friday,Warden stn,Mechanical,5,27,nb,7557.0
2015-04-10,32,06:32:00,Friday,Pine and Lawrence,Late Leaving Garage,5,10,e/b,1052.0
2015-04-10,32,06:33:00,Friday,Eglinton stn,Late Leaving Garage,5,10,w/b,1413.0
2015-04-10,32,06:35:00,Friday,Eglinton and Bathurst,Investigation,5,10,w/b,1649.0
2015-04-10,89,06:37:00,Friday,Keele station,Late Leaving Garage,5,10,n/b,1659.0
2015-04-10,54,06:37:00,Friday,Star Spray Loop,Mechanical,5,9,wb,7434.0
2015-04-10,104,06:38:00,Friday,Downsview Stn.,Mechanical,13,26,n,8362.0
2015-04-10,63,06:38:00,Friday,Eglinton West stn,Late Leaving Garage,4,8,s/b,1250.0
2015-04-10,49,06:39:00,Friday,MARKLAND,Late Leaving Garage,7,14,E,7948.0
2015-04-10,41,06:41:00,Friday,Commens,Late Leaving Garage,13,26,s/b,1655.0
2015-04-10,88,06:42:00,Friday,St. Clair Station,Late Leaving Garage,12,24,E,9438.0
2015-04-10,60,06:43:00,Friday,Arrow Rd. Garage to Finch Station,Late Leaving Garage,7,15,W/B,9106.0
2015-04-10,32,06:44:00,Friday,Eglinton and Bathurst,Diversion,76,81,w/b,
2015-04-10,112,06:45:00,Friday,KIPLING STATION,Mechanical,20,40,N,8086.0
2015-04-10,106,06:46:00,Friday,Downsview Stn.,Mechanical,7,14,n,8214.0
2015-04-10,84,06:50:00,Friday,Shepp Stn,Late Leaving Garage,15,30,W,1410.0
2015-04-10,124,06:53:00,Friday,Lawrence Station,Late Leaving Garage,6,13,E,8322.0
2015-04-10,88,06:54:00,Friday,St.Clair stn,Mechanical,12,24,e/b,9446.0
2015-04-10,29,07:00:00,Friday,Wilson stn to Princes gate,General Delay,16,20,b/w,
2015-04-10,68,07:06:00,Friday,Sheppard Warden,Diversion,9,13,nb,7596.0
2015-04-10,32,07:06:00,Friday,Eglinton and Lascelles,Mechanical,5,10,w/b,1202.0
2015-04-10,26,07:15:00,Friday,St.George stn,Late Leaving Garage,14,29,w/b,1277.0
2015-04-10,11,07:16:00,Friday,Davisville stn,Mechanical,10,20,n/b,8135.0
2015-04-10,165,07:19:00,Friday,YKMS,Mechanical,15,30,W,1386.0
2015-04-10,196,07:19:00,Friday,Downsview Stn.,Mechanical,3,8,n,8371.0
2015-04-10,54,07:20:00,Friday,Lawrence Don Mills,Mechanical,6,12,WB,7546.0
2015-04-10,196,07:21:00,Friday,Downsview Stn.,Utilized Off Route,6,8,n,8338.0
2015-04-10,199,07:24:00,Friday,Finch/Birchmount,Mechanical,2,4,EB,1763.0
2015-04-10,129,07:35:00,Friday,McCowan and Bur Oak,Mechanical,14,27,n,9057.0
2015-04-10,106,07:42:00,Friday,Downsview Stn,Mechanical,6,12,n,9443.0
2015-04-10,169,07:45:00,Friday,Huntingwood,General Delay,35,45,E/W,
2015-04-10,95,07:45:00,Friday,York Mills Rd and Valley Woods Rd,Mechanical,8,16,w,8337.0
2015-04-10,5,08:00:00,Friday,Eglinton stn to Elm ave,General Delay,20,32,b/w,
2015-04-10,57,08:00:00,Friday,Midland Route,General Delay,10,1,B/W,
2015-04-10,21,08:00:00,Friday,Brimley & Ellesmere,General Delay,10,1,S/B,
2015-04-10,33,08:00:00,Friday,Forrest Hill,General Delay,15,20,BW,8310.0
2015-04-10,53,08:05:00,Friday,Markham & Passmore,Mechanical,3,8,WB,1753.0
2015-04-10,61,08:18:00,Friday,Avenue rd and Lawrence,Mechanical,10,20,s/b,8167.0
2015-04-10,7,08:23:00,Friday,Bathurst and Prince Charles,Mechanical,9,18,S,9019.0
2015-04-10,97,08:24:00,Friday,Yonge St,General Delay,30,60,,
2015-04-10,169,08:27:00,Friday,DonMills Stn,Mechanical,35,40,w,8352.0
2015-04-10,106,08:27:00,Friday,Downsview Stn.,Mechanical,7,14,n,9435.0
2015-04-10,32,08:40:00,Friday,Skymark,Mechanical,5,10,e/b,1000.0
2015-04-10,106,08:45:00,Friday,Downsview Stn.,Utilized Off Route,10,20,n,8352.0
2015-04-10,106,09:06:00,Friday,Downsview Stn.,Mechanical,7,14,n,8173.0
2015-04-10,11,09:10:00,Friday,Davisville stn,Utilized Off Route,12,24,n/b,8143.0
2015-04-10,125,09:13:00,Friday,Hilda and Steeles,Mechanical,8,16,,8217.0
2015-04-10,47,09:35:00,Friday,Bridgeland & Caledonia,Mechanical,15,30,s/b,1598.0
2015-04-10,196,09:36:00,Friday,Sheppard stn,Utilized Off Route,7,14,,9411.0
2015-04-10,123,09:51:00,Friday,Long Branch Loop,Mechanical,18,36,N,7307.0
2015-04-10,199,10:06:00,Friday,Finch/Bayview,Investigation,5,10,WB,1712.0
2015-04-10,35,10:10:00,Friday,GRANDRAVINE,Investigation,10,20,n,1336.0
2015-04-10,52,10:20:00,Friday,dufferin and lawrence,Emergency Services,15,30,w/b,1287.0
2015-04-10,54,10:44:00,Friday,Lawrence Warden ave,Mechanical,6,12,wb,7583.0
2015-04-10,6,10:46:00,Friday,Davenport and Avenue Rd,Mechanical,10,20,W/B,1040.0
2015-04-10,86,11:05:00,Friday,Eglinton and Markham,Mechanical,10,20,e,7652.0
2015-04-10,32,11:24:00,Friday,Eglinton and Scott,Investigation,13,26,e/b,1041.0
2015-04-10,41,11:24:00,Friday,Canarctic and Keele,Mechanical,9,18,s,9148.0
2015-04-10,161,11:35:00,Friday,Cordella and Louvain,Diversion,85,68,S,1244.0
2015-04-10,21,11:40:00,Friday,Brimley & Steeles,Mechanical,14,28,N/B,7867.0
2015-04-10,190,11:40:00,Friday,Sheppard and Midland,Diversion,26,36,W,7559.0
2015-04-10,85,11:44:00,Friday,Sheppard and Midland,Diversion,20,27,W,9074.0
2015-04-10,168,11:49:00,Friday,Dundas W stn,Mechanical,10,20,n,7303.0
2015-04-10,196,12:35:00,Friday,Downsview Stn,Mechanical,3,5,n,9410.0
2015-04-10,41,12:43:00,Friday,Keele and Murray Ross,Diversion,67,76,N/B,9144.0
2015-04-10,196,12:43:00,Friday,Downsview Stn.,Mechanical,3,5,n,9410.0
2015-04-10,191,12:45:00,Friday,Kipling Stn.,Mechanical,7,15,N,7918.0
2015-04-10,54,12:50:00,Friday,Eglinton Leslie,Mechanical,6,12,wb,7447.0
2015-04-10,107,12:54:00,Friday,Murray Ross/ Keele St.,Diversion,32,64,N,8378.0
2015-04-10,107,13:00:00,Friday,Downsview-Teston,General Delay,32,40,N/S,
2015-04-10,60,13:00:00,Friday,Entire 60 Steeles West Route (York U to FSTN),General Delay,10,20,B/W,
2015-04-10,85,13:00:00,Friday,Don Mills Stn to Rouge Hill Go,General Delay,10,17,E/W,
2015-04-10,67,13:01:00,Friday,Craigton / Pharmacy,Mechanical,15,30,NB,7484.0
2015-04-10,191,13:05:00,Friday,MARTIN Grove loop,Mechanical,5,10,S,7931.0
2015-04-10,95,13:18:00,Friday,Brimly and Ellesmere,Diversion,10,18,West,1829.0
2015-04-10,165,13:32:00,Friday,Wilson and Keele,Mechanical,9,18,E,7227.0
2015-04-10,106,13:45:00,Friday,Downsview Stn.,Mechanical,10,20,n,8352.0
2015-04-10,199,14:09:00,Friday,Finch Station,Mechanical,5,10,EB,1783.0
2015-04-10,88,14:23:00,Friday,Wilson Garage,Late Leaving Garage,7,15,,8322.0
2015-04-10,47,14:30:00,Friday,Entire Route,General Delay,12,19,B/W,
2015-04-10,6,14:30:00,Friday,davenport,Late Leaving Garage,10,20,s/b,1028.0
2015-04-10,98,14:42:00,Friday,Sheppard Station,Mechanical,15,30,nb,8331.0
2015-04-10,47,14:46:00,Friday,Yorkdale Stn,Utilized Off Route,26,51,W/B,1543.0
2015-04-10,31,14:49:00,Friday,Greenwood Stn.,Late Leaving Garage,7,15,n,7700.0
2015-04-10,54,14:50:00,Friday,Lawrence and Carnforth,Mechanical,6,12,,7646.0
2015-04-10,85,14:50:00,Friday,Don Mills Stn,Late Leaving Garage,12,24,E,9092.0
2015-04-10,84,14:53:00,Friday,Saint Basil Collegiate,Mechanical,8,19,E,9432.0
2015-04-10,771,14:54:00,Friday,Wilson Station,Utilized Off Route,1,1,N,9401.0
2015-04-10,47,14:55:00,Friday,Yorkdale Stn,Late Leaving Garage,11,37,W/B,1568.0
2015-04-10,70,15:00:00,Friday,70 O connor Route,General Delay,10,17,,
2015-04-10,79,15:00:00,Friday,Entire Route,General Delay,12,24,B/W,
2015-04-10,52,15:01:00,Friday,Church and Jane,Late Leaving Garage,17,17,E/B,1548.0
2015-04-10,32,15:01:00,Friday,Skymark,Late Leaving Garage,8,16,e/b,1516.0
2015-04-10,60,15:02:00,Friday,Finch Station,Late Leaving Garage,10,1,W,1554.0
2015-04-10,79,15:03:00,Friday,Pine and Lawrence,Late Leaving Garage,12,24,S/B,1014.0
2015-04-10,95,15:06:00,Friday,Kingston rd loop,Mechanical,9,18,w,1753.0
2015-04-10,95,15:07:00,Friday,York Mills stn,Late Leaving Garage,1,1,e,1729.0
2015-04-10,63,15:10:00,Friday,eglinton and oakwood,Utilized Off Route,5,10,s/b,1226.0
2015-04-10,41,15:12:00,Friday,Keele stn,Mechanical,13,13,n/b,1235.0
2015-04-10,47,15:20:00,Friday,Earlscourt Loop,Utilized Off Route,13,26,S/B,1605.0
2015-04-10,88,15:20:00,Friday,st. Clair Station,Utilized Off Route,15,30,eb,9438.0
2015-04-10,191,15:20:00,Friday,Kipling Station,Mechanical,5,10,S,7917.0
2015-04-10,90,15:25:00,Friday,St. Clair West Station,Utilized Off Route,1,10,e,9417.0
2015-04-10,54,15:26:00,Friday,Lawtrence and Don Mills,Mechanical,4,8,,7653.0
2015-04-10,41,15:29:00,Friday,Commons,Mechanical,13,27,s/b,9146.0
2015-04-10,21,15:30:00,Friday,SCARBOROUGH TOWN CENTER,Utilized Off Route,12,24,B/W,7793.0
2015-04-10,165,15:30:00,Friday,York Mills Stn.,Utilized Off Route,17,25,W,1276.0
2015-04-10,169,15:30:00,Friday,DonMills Stn- STC,General Delay,30,60,E/W,
2015-04-10,25,15:32:00,Friday,Mortimer and Pape,Investigation,3,6,WB,7507.0
2015-04-10,35,15:32:00,Friday,Jane Stn,Utilized Off Route,5,10,,1269.0
2015-04-10,24,15:35:00,Friday,VP at Sheppard,Diversion,660,668,bw,7799.0
2015-04-10,32,15:36:00,Friday,Eglinton and Oakwood,Investigation,8,16,w/b,1413.0
2015-04-10,11,15:38:00,Friday,Steeles Loop,Mechanical,12,24,SB,8336.0
2015-04-10,190,15:38:00,Friday,Victoria Park and Sheppard,General Delay,20,30,BW,
2015-04-10,224,15:38:00,Friday,Victoria Park and Sheppard,Diversion,310,314,BW,
2015-04-10,165,15:40:00,Friday,Wilson Stn.,Utilized Off Route,8,23,W,1292.0
2015-04-10,53,15:40:00,Friday,Finch Station,Utilized Off Route,5,10,EB,1780.0
2015-04-10,60,15:41:00,Friday,Finch Station,Utilized Off Route,11,22,W,1791.0
2015-04-10,771,15:42:00,Friday,Wilson Station,Utilized Off Route,1,1,S,9415.0
2015-04-10,68,15:42:00,Friday,Warden Station,Mechanical,11,29,NB,7685.0
2015-04-10,7,15:42:00,Friday,Bathurst and York Downs,Utilized Off Route,7,14,s,9024.0
2015-04-10,98,15:42:00,Friday,sheppard Station,Utilized Off Route,15,30,nb,8300.0
2015-04-10,709,15:42:00,Friday,Eglinton stn,Utilized Off Route,1,1,e/b,1064.0
2015-04-10,34,15:43:00,Friday,Eglinton Stn,Utilized Off Route,7,14,,7474.0
2015-04-10,34,15:43:00,Friday,Eglinton Stn,Utilized Off Route,7,14,,7615.0
2015-04-10,35,15:44:00,Friday,Jane and Steeles,Investigation,7,14,,1336.0
2015-04-10,95,15:44:00,Friday,Yorkmills Station,Utilized Off Route,9,18,East,1104.0
2015-04-10,39,15:45:00,Friday,Finch Station,Utilized Off Route,3,6,EB,1803.0
2015-04-10,60,15:45:00,Friday,Finch Station,Utilized Off Route,11,22,W,1538.0
2015-04-10,24,15:45:00,Friday,VP at Sheppard,General Delay,30,60,bw,7799.0
2015-04-10,196,15:45:00,Friday,Sheppard station,Utilized Off Route,7,14,W,8348.0
2015-04-10,53,15:46:00,Friday,Tapscott & Steeles,Mechanical,5,10,WB,1743.0
2015-04-10,36,15:46:00,Friday,Finch Station,Utilized Off Route,6,12,w,9117.0
2015-04-10,37,15:46:00,Friday,Steeles Loop,Utilized Off Route,9,18,S/B,8067.0
2015-04-10,68,15:46:00,Friday,Steeles / Warden,Investigation,18,28,NB,7684.0
2015-04-10,100,15:47:00,Friday,Eglinton and Bayview,Utilized Off Route,6,12,,7651.0
2015-04-10,36,15:47:00,Friday,Finch station,Utilized Off Route,6,12,w,9121.0
2015-04-10,709,15:47:00,Friday,Eglinton and Keele,Utilized Off Route,1,1,e/b,1240.0
2015-04-10,199,15:48:00,Friday,Finch Station,Utilized Off Route,4,8,EB,1098.0
2015-04-10,32,15:48:00,Friday,Eglinton and Dufferin,Utilized Off Route,8,16,e/b,1007.0
2015-04-10,85,15:48:00,Friday,Sheppard Stn,Utilized Off Route,16,32,E,1089.0
2015-04-10,87,15:49:00,Friday,Broadview Stn,Utilized Off Route,6,15,N,7703.0
2015-04-10,122,15:50:00,Friday,York Mills Station,Utilized Off Route,16,32,E,1796.0
2015-04-10,110,15:50:00,Friday,Long Branch,Utilized Off Route,24,48,S/B,7934.0
2015-04-10,199,15:50:00,Friday,Finch Station,Utilized Off Route,4,8,EB,1712.0
2015-04-10,54,15:50:00,Friday,Eglinton Stn,Utilized Off Route,4,8,,7517.0
2015-04-10,41,15:50:00,Friday,Commons,Mechanical,13,27,s/b,9139.0
2015-04-10,53,15:50:00,Friday,Finch Station,Utilized Off Route,5,10,EB,1074.0
2015-04-10,7,15:51:00,Friday,Bathurst and Bainbridge,Utilized Off Route,8,16,n,9052.0
2015-04-10,54,15:53:00,Friday,Eglinton Division,Utilized Off Route,4,8,,7557.0
2015-04-10,36,15:54:00,Friday,jane/Finch,Investigation,6,12,w,9107.0
2015-04-10,68,15:54:00,Friday,Warden Loop,Utilized Off Route,6,12,sb,7573.0
2015-04-10,44,15:55:00,Friday,KIPLING STN,Utilized Off Route,4,7,s/b,7334.0
2015-04-10,41,15:55:00,Friday,Keele & Finch,Utilized Off Route,10,20,n/b,9151.0
2015-04-10,86,15:56:00,Friday,Meadowvale Loop,Late Leaving Garage,10,1,S,7612.0
2015-04-10,42,15:56:00,Friday,Finch Station,Utilized Off Route,23,46,eb,8339.0
2015-04-10,41,15:57:00,Friday,Commons,Mechanical,14,27,s/b,1031.0
2015-04-10,59,15:57:00,Friday,Lawrence west station,Mechanical,13,26,W,1263.0
2015-04-10,17,15:57:00,Friday,Warden Station,Utilized Off Route,8,16,NB,7863.0
2015-04-10,131,15:59:00,Friday,Scarb Town Ctr Stn,Utilized Off Route,8,16,North,1767.0
2015-04-10,54,15:59:00,Friday,Lawrence and Don Mills,Mechanical,4,8,,7582.0
2015-04-10,709,15:59:00,Friday,Eglinton and Keele,Utilized Off Route,1,1,e/b,1547.0
2015-04-10,39,16:00:00,Friday,Entire Route,General Delay,30,1,BW,
2015-04-10,780,16:00:00,Friday,Lawrence SRT,Utilized Off Route,1,1,,7499.0
2015-04-10,53,16:00:00,Friday,Finch Station,General Delay,30,40,bw,
2015-04-10,25,16:00:00,Friday,Don Mills Station,Utilized Off Route,3,6,,7675.0
2015-04-10,11,16:00:00,Friday,Davisville station,Utilized Off Route,12,24,NB,8336.0
2015-04-10,24,16:00:00,Friday,Victoria Park and Finch,Utilized Off Route,8,16,SB,7704.0
2015-04-10,161,16:00:00,Friday,Entire Route,General Delay,12,24,B/W,
2015-04-10,94,16:00:00,Friday,Wellesley Route,General Delay,10,20,bw,7825.0
2015-04-10,98,16:00:00,Friday,Sheppard Station,General Delay,10,25,bw,
2015-04-10,54,16:00:00,Friday,54 Lawrence East Route,General Delay,12,16,,
2015-04-10,199,16:00:00,Friday,Entire Route,General Delay,30,1,BW,
2015-04-10,76,16:00:00,Friday,LAKESHORE AND MIMICO,Utilized Off Route,5,10,nb,7961.0
2015-04-10,84,16:01:00,Friday,Sheppard station,Utilized Off Route,11,22,W,1410.0
2015-04-10,24,16:01:00,Friday,VP Stn.,Late Leaving Garage,15,30,n,8127.0
2015-04-10,52,16:01:00,Friday,Lawrence Station,Utilized Off Route,11,22,w/B,1621.0
2015-04-10,85,16:02:00,Friday,Don Mills Stn,Mechanical,12,24,E,9072.0
2015-04-10,95,16:03:00,Friday,Yorkmills Station,Utilized Off Route,12,24,East,1747.0
2015-04-10,102,16:03:00,Friday,Warden Station,Utilized Off Route,11,22,NB,7755.0
2015-04-10,96,16:04:00,Friday,Wilson Stn.,Utilized Off Route,19,38,W,1322.0
2015-04-10,39,16:07:00,Friday,Finch Station,Utilized Off Route,3,6,EB,1719.0
2015-04-10,52,16:09:00,Friday,Royal Yoek and Dixon,Mechanical,11,22,E/B,1542.0
2015-04-10,81,16:15:00,Friday,Thorncliff and Overlea,Utilized Off Route,7,14,B/W,7706.0
2015-04-10,54,16:24:00,Friday,Eglinton and Bruce Park,Emergency Services,4,8,,7680.0
2015-04-10,35,16:25:00,Friday,Murray Ross and Steeles,Mechanical,5,10,,1201.0
2015-04-10,84,16:26:00,Friday,Weston and Bradstock,Mechanical,11,22,E,1332.0
2015-04-10,85,16:30:00,Friday,Sheppard Stn to Rouge Hill Go,General Delay,15,21,E/W,
2015-04-10,167,16:30:00,Friday,Pharmacy North Route,General Delay,10,20,bw,7841.0
2015-04-10,709,16:30:00,Friday,Eglinton west stn,Utilized Off Route,1,1,e/b,1202.0
2015-04-10,35,16:40:00,Friday,Jane and Steeles,Investigation,5,10,,1585.0
2015-04-10,110,16:40:00,Friday,Islington Station,Utilized Off Route,12,24,S/B,8049.0
2015-04-10,196,16:42:00,Friday,Downsview Station,Utilized Off Route,3,6,N,9423.0
2015-04-10,196,16:42:00,Friday,Downsview Station,Utilized Off Route,3,6,N,9423.0
2015-04-10,34,16:54:00,Friday,Kennedy Stn,Utilized Off Route,4,8,W,7485.0
2015-04-10,224,16:55:00,Friday,Sheppard and Yorkland,Investigation,10,20,EB,7523.0
2015-04-10,196,17:00:00,Friday,Downsview Stn.,Utilized Off Route,5,8,E/W,8385.0
2015-04-10,25,17:00:00,Friday,Steeles and Don Mills,Utilized Off Route,3,6,NB,7420.0
2015-04-10,709,17:00:00,Friday,Eglinton and Yonge,Utilized Off Route,1,1,e/b,1016.0
2015-04-10,54,17:00:00,Friday,Eglinton and Laird,Mechanical,4,8,,7623.0
2015-04-10,70,17:17:00,Friday,Coxwell and Mortimer,Investigation,8,16,,7408.0
2015-04-10,102,17:20:00,Friday,Warden Station,Utilized Off Route,11,22,NB,7797.0
2015-04-10,95,17:24:00,Friday,Yorkmills Station,Utilized Off Route,13,26,East,1328.0
2015-04-10,7,17:25:00,Friday,Greenwin Village and Bison,Investigation,8,16,s,9012.0
2015-04-10,53,17:27:00,Friday,Finch Station,Utilized Off Route,7,15,EB,9075.0
2015-04-10,54,17:30:00,Friday,Lawrence East SRT,Utilized Off Route,4,8,,7634.0
2015-04-10,53,17:30:00,Friday,Finch Station,Utilized Off Route,5,10,EB,1352.0
2015-04-10,104,17:30:00,Friday,Wilson Heights and Sheppard,Investigation,13,26,s,8191.0
2015-04-10,84,17:40:00,Friday,Jane and Sheppard,Mechanical,22,44,E,1212.0
2015-04-10,95,17:43:00,Friday,Yorkmills Station,Utilized Off Route,12,24,East,1119.0
2015-04-10,16,18:08:00,Friday,Warden Station,Mechanical,9,18,NB,7699.0
2015-04-10,47,18:09:00,Friday,rideau and lansdowne,Investigation,26,52,s/b,1012.0
2015-04-10,38,18:20:00,Friday,Ellesmere @ Markham,Mechanical,12,24,W,1084.0
2015-04-10,54,18:25:00,Friday,Coxwell Stn,Utilized Off Route,4,8,,7641.0
2015-04-10,102,18:26:00,Friday,Warden Station,Mechanical,15,30,SB,8119.0
2015-04-10,196,18:27:00,Friday,Downsview Station,Utilized Off Route,3,6,n,9400.0
2015-04-10,95,18:30:00,Friday,Old Young and Yorkmills,Mechanical,7,14,East,1147.0
2015-04-10,47,18:32:00,Friday,wade and lansdowne,Investigation,26,52,s/b,1513.0
2015-04-10,84,18:34:00,Friday,Arrow and Sheppard,Utilized Off Route,1,1,E,1395.0
2015-04-10,25,18:35:00,Friday,Pape Stn,Utilized Off Route,3,6,,7498.0
2015-04-10,60,18:36:00,Friday,Jane and Steeles,Investigation,12,24,W,1230.0
2015-04-10,102,18:45:00,Friday,Warden and Danforth rd,Mechanical,10,20,NB,7745.0
2015-04-10,110,18:45:00,Friday,Islington stn,Utilized Off Route,12,23,s/b,8049.0
2015-04-10,25,18:45:00,Friday,Pape Stn,Utilized Off Route,1,1,,7643.0
2015-04-10,801,18:50:00,Friday,Wilson Station,Utilized Off Route,1,1,S,9002.0
2015-04-10,143,18:55:00,Friday,Binghan Loop,Utilized Off Route,0,0,NB,7696.0
2015-04-10,95,18:57:00,Friday,Birchmount and Ellesmere,Mechanical,12,24,West,1829.0
2015-04-10,102,19:10:00,Friday,Warden Stn,Utilized Off Route,0,0,nb,7853.0
2015-04-10,52,19:10:00,Friday,Lawrence and Dufferin,Utilized Off Route,1,1,w/B,1066.0
2015-04-10,165,19:10:00,Friday,Wilson Stn.,Mechanical,10,20,E,1323.0
2015-04-10,57,19:13:00,Friday,Steeles and Midland,Utilized Off Route,0,0,SB,7838.0
2015-04-10,804,19:15:00,Friday,Arrow garage,Utilized Off Route,1,1,E,7918.0
2015-04-10,84,19:20:00,Friday,Sheppard Station,Utilized Off Route,2,7,W,1329.0
2015-04-10,46,19:23:00,Friday,Kipling stn.,Utilized Off Route,1,1,N,1288.0
2015-04-10,95,19:27:00,Friday,Sheppard Station,Utilized Off Route,1,1,east,1771.0
2015-04-10,144,19:30:00,Friday,Concorde Place,Utilized Off Route,1,1,,7658.0
2015-04-10,17,19:32:00,Friday,Warden Station,Utilized Off Route,0,0,NB,7734.0
2015-04-10,52,19:33:00,Friday,Lawrence Station,Utilized Off Route,1,1,w/B,1669.0
2015-04-10,25,19:36:00,Friday,Fairview Mall and Don Mils Road,Investigation,4,8,NB,7436.0
2015-04-10,110,19:55:00,Friday,Lakeshore,Mechanical,12,23,n/b,8049.0
2015-04-10,85,19:56:00,Friday,Sheppard Stn,Utilized Off Route,1,1,N,9092.0
2015-04-10,100,20:18:00,Friday,Overlea Blvd & Thorncliffe Park E,Investigation,9,16,EB,7466.0
2015-04-10,103,20:40:00,Friday,Eglinton station,Utilized Off Route,20,40,N,8387.0
2015-04-10,116,20:45:00,Friday,Morningside and Miltry Trail,Mechanical,10,20,NB,7538.0
2015-04-10,801,20:52:00,Friday,Sheppard Station,Utilized Off Route,1,1,S,8305.0
2015-04-10,196,20:58:00,Friday,Downsview Station,Utilized Off Route,7,14,N,8188.0
2015-04-10,36,21:10:00,Friday,jane and finch,Diversion,8,266,b/w,1379.0
2015-04-10,199,21:21:00,Friday,Finch and Kenneth,Mechanical,7,14,WB,1799.0
2015-04-10,199,21:40:00,Friday,Finch and Mccowan,Investigation,7,14,WB,1372.0
2015-04-10,86,21:45:00,Friday,Kennedy Station,Utilized Off Route,10,20,EB,7675.0
2015-04-10,24,21:45:00,Friday,Victoria park Station,Mechanical,10,20,NB,7717.0
2015-04-10,130,22:15:00,Friday,Pebblewood Ave (1 Blcok North of McNicoll),Mechanical,20,40,NB,1819.0
2015-04-10,85,22:15:00,Friday,Allanford Rd and Sheppard Ave E,Mechanical,8,16,EB,9068.0
2015-04-10,32,22:55:00,Friday,Eglinton west / Ennerdale,Investigation,8,16,w,1011.0
2015-04-10,32,23:30:00,Friday,Eglinton west /Westoverhill,Mechanical,8,16,e,1573.0
2015-04-10,23,23:35:00,Friday,Dawes and Grower,Investigation,15,30,SB,7727.0
2015-04-11,123,00:29:00,Saturday,Longbranch loop,Utilized Off Route,15,30,s/b,8032.0
2015-04-11,97,00:40:00,Saturday,Eglinton & Yonge,Investigation,30,60,Sb,8396.0
2015-04-11,196,00:52:00,Saturday,Downsview Station,Mechanical,10,20,N,8352.0
2015-04-11,53,01:13:00,Saturday,Finch station,Mechanical,26,41,E,1096.0
2015-04-11,17,01:17:00,Saturday,Birchmount and Comstock,Mechanical,22,0,SB,7837.0
2015-04-11,52,01:35:00,Saturday,Lawrence west stn,Investigation,30,60,w,1562.0
2015-04-11,116,01:57:00,Saturday,Morningside and Nightstar,Investigation,1,1,SB,7656.0
2015-04-11,329,03:10:00,Saturday,wilson stn,Mechanical,30,60,s/b,9045.0
2015-04-11,320,03:23:00,Saturday,yonge and yorkmills,Mechanical,4,8,n/b,8355.0
2015-04-11,320,03:50:00,Saturday,yonge and eglinton,Mechanical,4,8,n/b,8362.0
2015-04-11,320,03:58:00,Saturday,queenspark wellsley,Investigation,0,0,n/b,8300.0
2015-04-11,320,04:52:00,Saturday,yonge and cummer,Emergency Services,4,8,n/b,1802.0
2015-04-11,52,05:06:00,Saturday,Lawrence and Weston,Late Leaving Garage,10,26,E/B,1028.0
2015-04-11,192,05:07:00,Saturday,Kipling Station,Late Leaving Garage,0,0,,8010.0
2015-04-11,85,05:15:00,Saturday,Medowvale Loop,Mechanical,15,30,WB,1722.0
2015-04-11,6,05:25:00,Saturday,Bay and Wellington,Diversion,15,45,B/W,1506.0
2015-04-11,300,05:31:00,Saturday,East Mall,Mechanical,30,60,EB,8117.0
2015-04-11,107,05:57:00,Saturday,Wilson Stn,Late Leaving Garage,0,13,n,8185.0
2015-04-11,132,06:00:00,Saturday,STC,Late Leaving Garage,30,60,EB,1093.0
2015-04-11,71,06:04:00,Saturday,Mount Dennis Garage,Late Leaving Garage,24,24,S/B,1660.0
2015-04-11,64,06:32:00,Saturday,Main Station,Late Leaving Garage,15,30,NB,7749.0
2015-04-11,161,07:29:00,Saturday,Jane and Alliance,Mechanical,13,26,E/B,1019.0
2015-04-11,29,07:41:00,Saturday,Wilson Station,Late Leaving Garage,6,12,s,9013.0
2015-04-11,191,07:45:00,Saturday,Steeles and Martin Grove loop,Late Leaving Garage,15,30,S,7942.0
2015-04-11,63,07:46:00,Saturday,Ossington Stn,Mechanical,8,16,N/B,1000.0
2015-04-11,12,08:14:00,Saturday,Victoria Park stn,Mechanical,10,20,E/B,7840.0
2015-04-11,196,08:17:00,Saturday,Downsview Stn,Mechanical,15,30,,8326.0
2015-04-11,79,08:35:00,Saturday,Lawrence and Ralph,Diversion,38,63,B/W,1029.0
2015-04-11,52,08:40:00,Saturday,Lawrence Ave between Weston and Jane,Diversion,35,59,e,1580.0
2015-04-11,52,08:40:00,Saturday,Lawrence Ave W between Jane St and Weston Rd,Diversion,35,59,w,1411.0
2015-04-11,199,08:44:00,Saturday,Finch station,Late Leaving Garage,8,16,EB,1756.0
2015-04-11,79,08:45:00,Saturday,Entire Route,General Delay,12,37,B/W,
2015-04-11,24,08:46:00,Saturday,Steeles and Victoria Park,Mechanical,10,20,SB,7872.0
2015-04-11,199,08:46:00,Saturday,STC,Late Leaving Garage,8,16,WB,1140.0
2015-04-11,54,08:48:00,Saturday,Eglinton Garage,Late Leaving Garage,14,30,EB,7486.0
2015-04-11,199,08:52:00,Saturday,Finch station,Late Leaving Garage,8,16,WB,1794.0
2015-04-11,53,09:00:00,Saturday,Finch station to Markham & Steeles,General Delay,9,13,B/W,1307.0
2015-04-11,7,09:11:00,Saturday,Bathurst/ Wilson,Late Leaving Garage,10,10,S,9041.0
2015-04-11,124,09:20:00,Saturday,Lawrence Stn.,Mechanical,20,40,s,8173.0
2015-04-11,39,09:28:00,Saturday,E/B Finch and Baldoon,Late Leaving Garage,6,10,E,1808.0
2015-04-11,32,09:30:00,Saturday,Eglinton Stn,Late Leaving Garage,10,20,W/B,1516.0
2015-04-11,97,09:36:00,Saturday,Yonge & Lawrence,Utilized Off Route,15,30,s,8396.0
2015-04-11,89,09:45:00,Saturday,Weston Rd at Ray Ave,Mechanical,10,21,n,1658.0
2015-04-11,34,09:47:00,Saturday,Eglinton and Lebovic,Mechanical,7,14,E,7582.0
2015-04-11,123,09:50:00,Saturday,Kipling Station,Mechanical,20,40,W/B,8030.0
2015-04-11,32,09:57:00,Saturday,Skymark and Explorer,Late Leaving Garage,10,20,E/B,1670.0
2015-04-11,60,10:00:00,Saturday,Finh Stn to all branches,General Delay,10,20,BW,1.0
2015-04-11,126,10:00:00,Saturday,Entire Route,General Delay,15,45,B/W,
2015-04-11,90,10:18:00,Saturday,Oakwood at Vaughan,Utilized Off Route,8,16,s,8383.0
2015-04-11,25,10:19:00,Saturday,Don Mills / Overlea,Mechanical,10,20,SB,7418.0
2015-04-11,7,10:21:00,Saturday,Bathurst Stn,Utilized Off Route,8,15,N,8375.0
2015-04-11,53,10:34:00,Saturday,W/B Steeles and Lauraleaf rd,Mechanical,19,38,W,1800.0
2015-04-11,37,10:36:00,Saturday,Islington Station,Mechanical,15,30,S,8031.0
2015-04-11,77,11:00:00,Saturday,Entire Route,General Delay,20,40,B/W,1001.0
2015-04-11,195,11:00:00,Saturday,York University Commons to Jane Station,General Delay,15,20,BW,
2015-04-11,42,11:12:00,Saturday,Finch Stn.,Late Leaving Garage,12,24,w,8146.0
2015-04-11,12,11:26:00,Saturday,Victoria Park stn,Mechanical,10,20,E/B,7716.0
2015-04-11,20,11:30:00,Saturday,Cliffside route,General Delay,8,1,B/W,
2015-04-11,61,11:32:00,Saturday,Eglinton stn,Mechanical,20,40,n/b,8310.0
2015-04-11,85,11:33:00,Saturday,Sheppard/Warden,Mechanical,20,40,WB,1801.0
2015-04-11,65,11:43:00,Saturday,Parliament and Howard,Investigation,16,32,,7704.0
2015-04-11,21,11:50:00,Saturday,Birchmount garage,Mechanical,13,26,B/W,8108.0
2015-04-11,22,11:54:00,Saturday,Kingston and Queen,Investigation,11,22,,7835.0
2015-04-11,133,11:55:00,Saturday,Scarborough Town Center,Mechanical,10,20,EB,1727.0
2015-04-11,41,11:55:00,Saturday,Keele stn,Mechanical,7,15,n,1603.0
2015-04-11,24,12:00:00,Saturday,Victoria Park route,General Delay,10,1,B/W,
2015-04-11,35,12:00:00,Saturday,Jane and Steeles to Jane Station,General Delay,8,16,BW,
2015-04-11,32,12:09:00,Saturday,Eglinton Stn,Mechanical,9,18,W/b,1665.0
2015-04-11,97,12:15:00,Saturday,Finch-Eglinton,General Delay,30,45,S/N,
2015-04-11,29,12:19:00,Saturday,Wilson Stn,Late Leaving Garage,3,6,s,9044.0
2015-04-11,53,12:25:00,Saturday,Yonge & Abitibi,Mechanical,6,12,WB,1282.0
2015-04-11,25,12:27:00,Saturday,Pape Station,Mechanical,5,11,NB,7666.0
2015-04-11,29,12:32:00,Saturday,Wilson Stn,Late Leaving Garage,3,6,s,8321.0
2015-04-11,91,12:36:00,Saturday,Woodbine Station,Mechanical,24,48,S,7876.0
2015-04-11,61,12:45:00,Saturday,Eglinton stn to Bombay loop,General Delay,15,30,b/w,
2015-04-11,52,13:00:00,Saturday,Lawrence West Station,Late Leaving Garage,8,16,w,1539.0
2015-04-11,54,13:00:00,Saturday,54 Lawence East Route,General Delay,15,30,,
2015-04-11,161,13:09:00,Saturday,Martin Grove loop,Mechanical,6,12,s,7949.0
2015-04-11,116,13:10:00,Saturday,Kennedy Stn,Mechanical,6,13,N,7646.0
2015-04-11,94,13:30:00,Saturday,Ossington Stn - Castle Frank Stn,General Delay,10,26,BW,
2015-04-11,21,13:54:00,Saturday,Kenendy STn,Utilized Off Route,13,26,E,7755.0
2015-04-11,116,14:01:00,Saturday,MSNS,Mechanical,6,12,S,7617.0
2015-04-11,84,14:01:00,Saturday,Weston and Bradstock,Mechanical,6,12,,1252.0
2015-04-11,63,14:05:00,Saturday,Ossington Ave at Dundas St W,Diversion,6,13,n,1655.0
2015-04-11,37,14:14:00,Saturday,Humberwood Loop,Mechanical,13,26,S,8063.0
2015-04-11,191,14:16:00,Saturday,Hwy427/Bloor Bridge,Late Leaving Garage,6,12,s,7915.0
2015-04-11,87,14:26:00,Saturday,Cosburn and Tdmorden,Mechanical,13,26,s,8115.0
2015-04-11,108,14:45:00,Saturday,Jane and Driftwood,Mechanical,7,14,S/B,1212.0
2015-04-11,103,15:02:00,Saturday,Eglinton-Redpath,Diversion,20,40,s,8354.0
2015-04-11,24,15:02:00,Saturday,Victoria Park,Mechanical,8,16,S,7689.0
2015-04-11,47,15:15:00,Saturday,Route 47,General Delay,10,26,BW,
2015-04-11,26,15:15:00,Saturday,Route 26,General Delay,10,34,BW,
2015-04-11,34,15:15:00,Saturday,Eglinton and Brentcliff,Mechanical,6,12,W,7408.0
2015-04-11,109,15:50:00,Saturday,Law W Stn,Mechanical,17,34,s,8145.0
2015-04-11,109,15:50:00,Saturday,Law W Stn,Mechanical,17,34,s,8145.0
2015-04-11,88,16:05:00,Saturday,Thorncliff Pk/ Overlea,Mechanical,15,30,w,8204.0
2015-04-11,131,16:06:00,Saturday,STC,Mechanical,18,36,E,1827.0
2015-04-11,85,16:10:00,Saturday,Sheppard @ Yorkland,Mechanical,22,44,E,1148.0
2015-04-11,199,16:13:00,Saturday,STC,Utilized Off Route,7,14,E,1283.0
2015-04-11,85,16:14:00,Saturday,Don Mills Stn,Utilized Off Route,5,11,E,1822.0
2015-04-11,38,16:18:00,Saturday,Ellesmere @ Orton Park,Mechanical,9,18,W,1115.0
2015-04-11,85,16:20:00,Saturday,Don Mills Stn,Mechanical,20,41,W,1738.0
2015-04-11,47,16:36:00,Saturday,Earlscourt loop,Mechanical,9,18,S,1590.0
2015-04-11,29,16:50:00,Saturday,Dufferin and Dufferin Park,Investigation,3,7,n,9031.0
2015-04-11,23,17:05:00,Saturday,Danforth and Dawes,Investigation,10,20,,7827.0
2015-04-11,23,17:05:00,Saturday,Dawes Rd & Danforth Ave,Investigation,10,20,N,7827.0
2015-04-11,95,17:43:00,Saturday,Ellesmere and Dolly Vartin,Mechanical,7,15,w,1764.0
2015-04-11,23,17:45:00,Saturday,From Main Stn to Rexleigh,General Delay,17,12,B/W,
2015-04-11,102,17:57:00,Saturday,Markham Rd & Milner,Investigation,9,19,S,7809.0
2015-04-11,102,17:58:00,Saturday,Warden Stn,Mechanical,13,23,N,7810.0
2015-04-11,131,18:05:00,Saturday,Morningview and Old Finch,Mechanical,18,36,W,1351.0
2015-04-11,7,18:09:00,Saturday,Eglinton & Bathurst,Investigation,8,16,SB,9041.0
2015-04-11,165,18:30:00,Saturday,Barmac and Steeles,Mechanical,8,16,,7953.0
2015-04-11,102,18:43:00,Saturday,Kingston Rd & Parkcrest,Emergency Services,10,20,S,8124.0
2015-04-11,75,18:55:00,Saturday,Adelaide & Sherbourne,Diversion,12,21,BW,
2015-04-11,110,19:24:00,Saturday,Longbranch loop,Utilized Off Route,20,40,s/b,7968.0
2015-04-11,41,19:36:00,Saturday,Keele & Yore,Mechanical,7,14,S,1518.0
2015-04-11,25,19:43:00,Saturday,DonMills and Finch,Mechanical,6,11,NB,7435.0
2015-04-11,94,19:56:00,Saturday,Harbord & Brunswick,Investigation,17,33,W,8105.0
2015-04-11,40,20:00:00,Saturday,Dundas w STN,Late Leaving Garage,12,24,n/b,8089.0
2015-04-11,37,20:05:00,Saturday,Islington stn,Mechanical,30,60,s/b,8082.0
2015-04-11,7,20:08:00,Saturday,McAllister & Bathurst,Mechanical,8,16,NB,8216.0
2015-04-11,22,20:13:00,Saturday,Eastern & Coxwell,Emergency Services,10,20,N,7852.0
2015-04-11,37,20:40:00,Saturday,Islington/Prince George,Emergency Services,30,60,s/b,8064.0
2015-04-11,45,20:44:00,Saturday,Kipling stn,Mechanical,12,24,s/b,8085.0
2015-04-11,37,20:45:00,Saturday,Islington/Dundas,Emergency Services,13,26,n/b,8028.0
2015-04-11,68,20:47:00,Saturday,Warden Station,Mechanical,14,28,NB,7535.0
2015-04-11,168,21:26:00,Saturday,Symington/Dupont,Investigation,12,24,n/b,8022.0
2015-04-11,87,22:10:00,Saturday,Main Stn,Utilized Off Route,30,60,W,7692.0
2015-04-11,64,22:13:00,Saturday,Southwood & Kingston Rd,Investigation,30,60,N,7737.0
2015-04-11,52,22:15:00,Saturday,Dixon rd / Roxaline,Mechanical,22,44,w,1006.0
2015-04-11,60,22:15:00,Saturday,FOUNDERS AND STEELES,Mechanical,16,32,E/B,1331.0
2015-04-11,131,22:32:00,Saturday,Morningside Ave and Old Finch,Mechanical,20,40,NB,1801.0
2015-04-12,97,00:08:00,Sunday,Yonge and Steeles,Mechanical,30,60,s,1796.0
2015-04-12,161,00:25:00,Sunday,Dovercourt / Dupont,Investigation,20,40,w,1617.0
2015-04-12,7,00:43:00,Sunday,Bathurst Stn,Utilized Off Route,10,20,,8375.0
2015-04-12,106,01:15:00,Sunday,York University Commons,Mechanical,30,60,s,8356.0
2015-04-12,322,02:24:00,Sunday,Mortimer Ave,Investigation,30,60,NB,8108.0
2015-04-12,352,04:22:00,Sunday,jane and lawerence,Mechanical,30,60,w/b,1567.0
2015-04-12,316,05:38:00,Sunday,Eglinton W Stn,Investigation,20,40,NB,1655.0
2015-04-12,320,05:52:00,Sunday,Yorkmills,Mechanical,9,18,NB,8371.0
2015-04-12,52,06:59:00,Sunday,Lawrence West Stn,Late Leaving Garage,15,30,W/B,1631.0
2015-04-12,41,06:59:00,Sunday,Keele and Wilson,Emergency Services,20,40,S/B,1589.0
2015-04-12,54,07:33:00,Sunday,Eglinton Yard,Late Leaving Garage,30,60,WB,7648.0
2015-04-12,300,07:45:00,Sunday,Bloor and Sherbourne,Diversion,110,116,w,7773.0
2015-04-12,300,07:54:00,Sunday,Danforth rd and Danforth Ave,Mechanical,6,12,w,7456.0
2015-04-12,25,08:00:00,Sunday,Eglinton yard,Late Leaving Garage,12,24,NB,7517.0
2015-04-12,165,08:24:00,Sunday,Yorkmills stn,Mechanical,10,20,w,1364.0
2015-04-12,38,08:25:00,Sunday,Scarborough Town Center,Utilized Off Route,10,20,EB,1124.0
2015-04-12,11,08:47:00,Sunday,MT Pleasant,Mechanical,17,34,e,8135.0
2015-04-12,29,08:51:00,Sunday,Yorkdale,Mechanical,5,10,s,8311.0
2015-04-12,91,08:52:00,Sunday,Parkview Hills & Aspen,Late Leaving Garage,12,1,w/B,7696.0
2015-04-12,29,08:52:00,Sunday,Yorkdale,Mechanical,4,8,s,8379.0
2015-04-12,25,08:58:00,Sunday,Eglinton Yard,Late Leaving Garage,7,14,NB,7491.0
2015-04-12,25,08:58:00,Sunday,Eglinton Yard,Late Leaving Garage,7,14,NB,7510.0
2015-04-12,45,09:20:00,Sunday,Kipling,Mechanical,10,20,,7932.0
2015-04-12,195,09:35:00,Sunday,york university commons,Mechanical,10,20,s,1214.0
2015-04-12,92,09:35:00,Sunday,Woodbine Stn,Mechanical,12,24,S/B,7729.0
2015-04-12,100,09:38:00,Sunday,Broadview STN,Mechanical,10,20,NB,7495.0
2015-04-12,709,09:45:00,Sunday,Lawrence west stn,Mechanical,1,1,e,1012.0
2015-04-12,54,09:56:00,Sunday,Lawrence and Ellington,Investigation,9,18,WB,7530.0
2015-04-12,36,09:58:00,Sunday,Dufferin,Investigation,9,18,W,1342.0
2015-04-12,53,10:00:00,Sunday,Finch station to Markham & Steeles,General Delay,8,15,B/W,1788.0
2015-04-12,133,10:11:00,Sunday,Ellesmere & Military Trail,Mechanical,12,24,WB,1128.0
2015-04-12,42,10:15:00,Sunday,Kennedy Loop,Mechanical,15,30,w,8200.0
2015-04-12,106,10:15:00,Sunday,Downsview Stn,Mechanical,30,60,w,8308.0
2015-04-12,29,10:20:00,Sunday,Downsview Stn,Utilized Off Route,6,12,s,8366.0
2015-04-12,709,10:21:00,Sunday,Lawrnece and Black Creek,Utilized Off Route,1,1,E/B,1408.0
2015-04-12,96,10:23:00,Sunday,wilson stn,Utilized Off Route,30,60,w,1394.0
2015-04-12,51,10:23:00,Sunday,Eglinton stn,Utilized Off Route,25,50,e,8167.0
2015-04-12,84,10:23:00,Sunday,downsview stn,Utilized Off Route,9,18,e,1306.0
2015-04-12,709,10:24:00,Sunday,Eglinton West Stn,Utilized Off Route,1,1,W/B,1626.0
2015-04-12,29,10:25:00,Sunday,Wilson Stn,Utilized Off Route,6,12,s,8336.0
2015-04-12,709,10:25:00,Sunday,Eglinton West Stn,Utilized Off Route,1,1,W/B,1620.0
2015-04-12,165,10:25:00,Sunday,wilson stn,Utilized Off Route,20,30,w,1364.0
2015-04-12,63,10:30:00,Sunday,Eglinton West Stn,Utilized Off Route,10,20,S/B,1560.0
2015-04-12,108,10:30:00,Sunday,Downsview stn,Utilized Off Route,30,60,w,1299.0
2015-04-12,52,10:31:00,Sunday,Law west Station,Utilized Off Route,12,24,W/B,1279.0
2015-04-12,29,10:32:00,Sunday,Wilson Stn,Utilized Off Route,6,12,s,8134.0
2015-04-12,96,10:33:00,Sunday,wilson stn,Utilized Off Route,30,60,w,1361.0
2015-04-12,29,10:35:00,Sunday,Downsview Stn,Mechanical,6,12,s,8155.0
2015-04-12,96,10:50:00,Sunday,humberline loop,Mechanical,30,60,e,1302.0
2015-04-12,20,11:00:00,Sunday,Danforth & Dawes to Sibley.,General Delay,15,1,B/W,
2015-04-12,113,11:00:00,Sunday,Danforth & Dawes to Sibley,General Delay,15,1,B/W,
2015-04-12,94,11:00:00,Sunday,Wellesley & Yonge,General Delay,15,0,B/W,
2015-04-12,85,11:07:00,Sunday,Don Mills station,Mechanical,20,40,WB,1829.0
2015-04-12,95,11:13:00,Sunday,Ellesmere and Victoria Pk,Emergency Services,10,20,wb,1138.0
2015-04-12,199,11:25:00,Sunday,Finch station,Utilized Off Route,10,20,EB,1086.0
2015-04-12,25,11:28:00,Sunday,Don Mills & Eglinton,Mechanical,8,16,N,7491.0
2015-04-12,25,11:48:00,Sunday,Pape Stn,Mechanical,5,11,N,7492.0
2015-04-12,53,11:50:00,Sunday,Steeles & Markham,Mechanical,6,13,WB,1074.0
2015-04-12,41,11:52:00,Sunday,Keele and Calvington,Emergency Services,10,20,N/B,1039.0
2015-04-12,22,12:00:00,Sunday,Coxwell route,General Delay,8,1,B/W,
2015-04-12,25,12:05:00,Sunday,Pape Stn,Mechanical,5,11,N,7437.0
2015-04-12,53,12:29:00,Sunday,Finch station,Late Leaving Garage,7,13,EB,1708.0
2015-04-12,116,12:44:00,Sunday,MSNS,Mechanical,7,14,S,7509.0
2015-04-12,7,12:58:00,Sunday,Bathurst & Drewry,Mechanical,7,14,NB,8355.0
2015-04-12,168,13:00:00,Sunday,OLD WESTON RD AND ST CLAIR,General Delay,10,20,b/w,
2015-04-12,195,13:00:00,Sunday,Jane stn,Mechanical,10,20,N/b,1347.0
2015-04-12,106,13:08:00,Sunday,Downsview STN,Utilized Off Route,10,20,WB,8384.0
2015-04-12,85,13:13:00,Sunday,Sheppard/Warden,Mechanical,6,12,EB,1821.0
2015-04-12,68,13:20:00,Sunday,Comstock / Eglinton,Mechanical,10,20,SB,7457.0
2015-04-12,7,13:50:00,Sunday,Drewry & Bathurst,Mechanical,8,15,NB,8179.0
2015-04-12,36,13:51:00,Sunday,Humberwood Loop,Mechanical,5,10,,1521.0
2015-04-12,191,14:00:00,Sunday,Kipling Stn,Mechanical,14,28,,7917.0
2015-04-12,53,14:00:00,Sunday,Finch Stn to Staines,General Delay,6,13,B/W,
2015-04-12,65,14:00:00,Sunday,Parliament route,General Delay,10,1,B/W,
2015-04-12,116,14:15:00,Sunday,Kennedy Stn,Mechanical,7,14,N,7405.0
2015-04-12,161,14:45:00,Sunday,Alliance Ave. and Jane St.,Emergency Services,15,30,E,1224.0
2015-04-12,1,14:49:00,Sunday,Greenwood Stn.,Late Leaving Garage,7,15,s,7700.0
2015-04-12,73,15:04:00,Sunday,ROYAL YORK STN,Investigation,23,46,n/b,8022.0
2015-04-12,116,15:08:00,Sunday,Morningside and lawrence,Mechanical,7,14,S,7491.0
2015-04-12,65,15:12:00,Sunday,Berkely and Front,Investigation,15,30,SB,8102.0
2015-04-12,81,15:50:00,Sunday,Pape Stn.,Utilized Off Route,10,20,bw,7763.0
2015-04-12,32,16:35:00,Sunday,Emmett Ave. and Jane St.,Mechanical,20,40,E,1411.0
2015-04-12,96,16:52:00,Sunday,Wilson Stn,Mechanical,15,30,E/b,1405.0
2015-04-12,47,17:02:00,Sunday,Caledonia Rd. and Eglinton Ave.West,Investigation,18,36,N,1218.0
2015-04-12,39,17:08:00,Sunday,Finch at Midland,Investigation,8,17,W/B,1737.0
2015-04-12,23,17:09:00,Sunday,PARK VISTA AND DAWES RD,Investigation,10,20,,7723.0
2015-04-12,131,17:10:00,Sunday,Swells/Little,Mechanical,26,52,WB,1814.0
2015-04-12,32,17:10:00,Sunday,Eglinton Ave.West and Caledonia Rd.,Mechanical,20,40,E,1046.0
2015-04-12,168,17:20:00,Sunday,Davenport at Symington,Investigation,9,18,N,8073.0
2015-04-12,29,17:20:00,Sunday,Dufferin and St Clair,Utilized Off Route,3,7,n,8366.0
2015-04-12,102,17:28:00,Sunday,Warden Station,Utilized Off Route,7,14,b/w,7785.0
2015-04-12,25,17:28:00,Sunday,Pape Station,Utilized Off Route,5,11,NB,7510.0
2015-04-12,24,17:28:00,Sunday,VP Station,Utilized Off Route,8,16,b/w,7733.0
2015-04-12,100,17:29:00,Sunday,Broadview Station,Utilized Off Route,17,34,70254,7659.0
2015-04-12,88,17:30:00,Sunday,St Clair STN,Mechanical,20,40,EB,8328.0
2015-04-12,29,17:40:00,Sunday,Dufferin and Wilson,Mechanical,4,8,s,8163.0
2015-04-12,63,18:00:00,Sunday,Eglinton West Station,Mechanical,8,15,S,1524.0
2015-04-12,116,18:08:00,Sunday,Kennedy STN,Mechanical,7,14,EB,7514.0
2015-04-12,34,18:12:00,Sunday,Eglinton Station,Utilized Off Route,15,30,EB,7604.0
2015-04-12,34,18:12:00,Sunday,Eglinton & Laird,Utilized Off Route,1,1,EB,7461.0
2015-04-12,53,18:14:00,Sunday,Finch Stn,Utilized Off Route,9,18,E,1742.0
2015-04-12,73,18:17:00,Sunday,Royal York Station,Mechanical,23,46,N,7932.0
2015-04-12,504,18:18:00,Sunday,Davenport / St. Clair,Utilized Off Route,1,1,w,1277.0
2015-04-12,773,18:18:00,Sunday,Eglinton West Station,Utilized Off Route,1,1,E,1409.0
2015-04-12,54,18:19:00,Sunday,Victoria Park / Lawrence,Utilized Off Route,16,32,EB,7530.0
2015-04-12,62,18:20:00,Sunday,Main Station,Utilized Off Route,15,30,wb,7749.0
2015-04-12,75,18:20:00,Sunday,Sherbourne STN,Utilized Off Route,20,40,SB,8320.0
2015-04-12,133,18:20:00,Sunday,Scarborough Town Center,Utilized Off Route,10,20,EB,1768.0
2015-04-12,29,18:20:00,Sunday,St Clair STN,Utilized Off Route,4,4,WB,8366.0
2015-04-12,23,18:21:00,Sunday,Dawes Rd / Ferris,Utilized Off Route,10,20,nb,7856.0
2015-04-12,25,18:21:00,Sunday,Pape Stn,Utilized Off Route,6,12,N,7676.0
2015-04-12,29,18:22:00,Sunday,Wilson STN,Utilized Off Route,1,1,SB,8332.0
2015-04-12,773,18:22:00,Sunday,Eglinton Ave. West and East Mall,Utilized Off Route,1,1,W,1507.0
2015-04-12,29,18:22:00,Sunday,Wilson STN,Utilized Off Route,4,8,SB,8339.0
2015-04-12,199,18:25:00,Sunday,Finch & Don Mills,Utilized Off Route,9,18,W,1788.0
2015-04-12,84,18:25:00,Sunday,Sheppard stn,Utilized Off Route,7,14,S/b,1354.0
2015-04-12,96,18:27:00,Sunday,Yorkmills Stn,Utilized Off Route,15,30,S/b,1302.0
2015-04-12,100,18:28:00,Sunday,Broadview Stn,Utilized Off Route,8,17,N,7432.0
2015-04-12,7,18:28:00,Sunday,Bathurst STN,Utilized Off Route,8,15,NB,8375.0
2015-04-12,36,18:28:00,Sunday,Jane and Finch,Utilized Off Route,5,10,S/b,7900.0
2015-04-12,97,18:29:00,Sunday,Davisville STN,Utilized Off Route,30,60,NB,1796.0
2015-04-12,54,18:29:00,Sunday,Eglinton Station,Utilized Off Route,19,38,EB,7552.0
2015-04-12,773,18:30:00,Sunday,Ossington Station,Utilized Off Route,1,1,S,1599.0
2015-04-12,39,18:30:00,Sunday,Finch Stn,Utilized Off Route,8,17,E,1758.0
2015-04-12,116,18:31:00,Sunday,Kennedy STN,Utilized Off Route,7,14,EB,7627.0
2015-04-12,45,18:32:00,Sunday,Kipling and Dixon Road,Utilized Off Route,11,21,sb,8068.0
2015-04-12,24,18:32:00,Sunday,Victoria Park Stn,Utilized Off Route,8,16,nb,7881.0
2015-04-12,85,18:32:00,Sunday,Don Mills Station,Utilized Off Route,7,14,EB,1144.0
2015-04-12,63,18:32:00,Sunday,Eglinton West Station,Utilized Off Route,8,15,S,1632.0
2015-04-12,53,18:33:00,Sunday,Finch Stn,Utilized Off Route,6,13,E,1809.0
2015-04-12,100,18:33:00,Sunday,Eglinton Station,Utilized Off Route,11,22,EB,7671.0
2015-04-12,84,18:34:00,Sunday,Sheppard Stn,Utilized Off Route,7,14,e/b,1230.0
2015-04-12,41,18:35:00,Sunday,Keele / Wilson,Utilized Off Route,9,18,s,1039.0
2015-04-12,52,18:35:00,Sunday,Lawrence / Keele,Utilized Off Route,32,64,e,1035.0
2015-04-12,60,18:35:00,Sunday,Finch Stn,Utilized Off Route,11,22,,1311.0
2015-04-12,32,18:35:00,Sunday,Tretheway Dr.and Black Creek Blvd.,Utilized Off Route,18,36,W,1406.0
2015-04-12,6,18:35:00,Sunday,Davenport/ Bay,Utilized Off Route,12,24,n,1623.0
2015-04-12,25,18:38:00,Sunday,pape Stn,Utilized Off Route,7,14,N,7469.0
2015-04-12,37,18:38:00,Sunday,Islington Station,Utilized Off Route,12,24,N,8093.0
2015-04-12,804,18:42:00,Sunday,Arrow Garage,Utilized Off Route,1,1,,1385.0
2015-04-12,102,18:42:00,Sunday,Warden Stn,Utilized Off Route,21,31,nb,7722.0
2015-04-12,804,18:42:00,Sunday,Arrow Garage,Utilized Off Route,1,1,,1561.0
2015-04-12,804,18:42:00,Sunday,Arrow Garage,Utilized Off Route,1,1,,1243.0
2015-04-12,804,18:42:00,Sunday,Arrow Garage,Utilized Off Route,1,1,,1414.0
2015-04-12,804,18:42:00,Sunday,Arrow Garage,Utilized Off Route,1,1,,1534.0
2015-04-12,113,18:46:00,Sunday,Main Stn,Utilized Off Route,0,0,eb,7800.0
2015-04-12,196,18:48:00,Sunday,Downsview STN,Utilized Off Route,12,24,WB,8354.0
2015-04-12,79,18:50:00,Sunday,Scarlett Rd. and Eglinton Ave. West,Utilized Off Route,12,31,S,1572.0
2015-04-12,11,18:50:00,Sunday,Davisville STN,Utilized Off Route,20,40,NB,8327.0
2015-04-12,7,18:50:00,Sunday,Bathurst STN,Utilized Off Route,8,15,NB,8146.0
2015-04-12,24,18:53:00,Sunday,Victoria Park Stn,Utilized Off Route,11,23,nb,7733.0
2015-04-12,90,18:54:00,Sunday,St Clair West STN,Utilized Off Route,12,24,WB,8165.0
2015-04-12,25,18:55:00,Sunday,pape Station,Utilized Off Route,10,20,NB,7510.0
2015-04-12,102,18:55:00,Sunday,Birchmount Division,Utilized Off Route,0,0,wb,7822.0
2015-04-12,100,18:55:00,Sunday,Broadview STN,Utilized Off Route,11,22,nb,7659.0
2015-04-12,25,19:01:00,Sunday,Don Mills & Parkway Forest,Mechanical,6,11,S,7518.0
2015-04-12,85,19:08:00,Sunday,Rouge Hill GO Station,Utilized Off Route,1,1,WB,1703.0
2015-04-12,17,19:22:00,Sunday,Warden Stn,Utilized Off Route,18,38,NB,7880.0
2015-04-12,68,19:25:00,Sunday,Mcnicoll / Warden,Mechanical,17,34,NB,7443.0
2015-04-12,25,19:28:00,Sunday,Don Mills & Finch,Diversion,5,9,SB,7517.0
2015-04-12,34,19:33:00,Sunday,Eglinton & Brentcliffe,Investigation,1,1,EB,7450.0
2015-04-12,102,19:33:00,Sunday,Warden Station,Utilized Off Route,10,22,NB,8130.0
2015-04-12,36,19:46:00,Sunday,St George Stn,Investigation,7,14,E,7900.0
2015-04-12,38,20:45:00,Sunday,Old Kingston Road/Highland Creek Pas,Mechanical,12,24,WB,1142.0
2015-04-12,72,21:13:00,Sunday,Eastern and Carlaw,Mechanical,12,24,SB,7831.0
2015-04-12,35,21:18:00,Sunday,Jane & Troutbrooke,Mechanical,7,14,N,1683.0
2015-04-12,39,21:45:00,Sunday,Finch at Linus,Mechanical,9,17,E/B,1827.0
2015-04-13,70,01:28:00,Monday,Main & Danforth,Mechanical,30,60,SB,7402.0
2015-04-13,54,04:22:00,Monday,Brentcliffe and Eglinton,Mechanical,9,18,WB,7648.0
2015-04-13,309,04:34:00,Monday,Finch and YNG St,Late Leaving Garage,30,60,wb,9109.0
2015-04-13,41,04:50:00,Monday,Bus Roadway and The Pond Rd.,Emergency Services,9,17,NB,1059.0
2015-04-13,96,05:22:00,Monday,Wilson station,Mechanical,22,44,E,7243.0
2015-04-13,127,05:26:00,Monday,spadina stn,Late Leaving Garage,17,34,w/b,1004.0
2015-04-13,75,05:30:00,Monday,Lower Jravis and Esplanade,Diversion,998,992,E,8126.0
2015-04-13,109,05:30:00,Monday,Neptune and Rajah,Diversion,1208,1223,E,8381.0
2015-04-13,85,05:33:00,Monday,Meadowvale loop,Late Leaving Garage,4,15,W,9074.0
2015-04-13,133,05:33:00,Monday,Morningside Avenue & Staines,Late Leaving Garage,9,18,WB,1091.0
2015-04-13,95,05:37:00,Monday,Ellesmere Cul-De-Sac,Late Leaving Garage,7,14,WB,1778.0
2015-04-13,54,05:37:00,Monday,Eglinton yard,Mechanical,1,1,ob,7558.0
2015-04-13,52,05:39:00,Monday,law west stn,Late Leaving Garage,12,24,w/b,1586.0
2015-04-13,85,05:40:00,Monday,Malvern garage,Late Leaving Garage,5,10,w,9103.0
2015-04-13,41,05:43:00,Monday,Keele station,Mechanical,11,22,n/b,9147.0
2015-04-13,73,05:46:00,Monday,Royal York and Dixon,Mechanical,13,26,n,7300.0
2015-04-13,129,05:50:00,Monday,malvern gagage,Late Leaving Garage,5,25,s,1739.0
2015-04-13,29,05:52:00,Monday,Tycos/lansdowne,Mechanical,8,16,SB,8041.0
2015-04-13,39,05:53:00,Monday,Finch & Baldoon,Late Leaving Garage,4,9,EB,1776.0
2015-04-13,116,05:54:00,Monday,Morningside and Staines,Utilized Off Route,7,14,S,7622.0
2015-04-13,76,05:55:00,Monday,Royal York and Lake Crescent,Mechanical,6,13,n,7303.0
2015-04-13,53,05:57:00,Monday,Morningside Avenue and Staines Road,Late Leaving Garage,10,20,WB,9059.0
2015-04-13,199,05:57:00,Monday,STC,Late Leaving Garage,3,6,WB,1762.0
2015-04-13,64,05:58:00,Monday,Eastdale and Goodwood Park,Late Leaving Garage,8,16,SB,7813.0
2015-04-13,320,06:00:00,Monday,Queens quay and Yonge,Mechanical,7,15,N,8308.0
2015-04-13,36,06:00:00,Monday,Humberwood loop,Late Leaving Garage,10,20,E,1238.0
2015-04-13,224,06:09:00,Monday,Honda Plant,Mechanical,30,60,S,7586.0
2015-04-13,61,06:13:00,Monday,Eglinton station,Mechanical,10,20,NB,8141.0
2015-04-13,86,06:14:00,Monday,Eglinton yard,Mechanical,4,8,e,7403.0
2015-04-13,98,06:15:00,Monday,Sheppard Station,Mechanical,29,54,W,8323.0
2015-04-13,63,06:18:00,Monday,East Liberty,Mechanical,12,24,n/b,1019.0
2015-04-13,95,06:18:00,Monday,Scarborough College,Late Leaving Garage,10,20,W,1767.0
2015-04-13,56,06:19:00,Monday,Eglinton Station,Mechanical,24,49,E,8311.0
2015-04-13,198,06:21:00,Monday,Eglinton yard,Mechanical,10,20,e,7562.0
2015-04-13,89,06:28:00,Monday,Albion,Mechanical,5,10,s/b,1621.0
2015-04-13,54,06:28:00,Monday,Star Spray Loop,Mechanical,4,9,wb,7495.0
2015-04-13,165,06:30:00,Monday,Weston at Fenmar,Diversion,6,12,S,7217.0
2015-04-13,36,06:30:00,Monday,Finch station,Late Leaving Garage,5,10,E,9106.0
2015-04-13,196,06:33:00,Monday,The Commons,Mechanical,5,10,s,9441.0
2015-04-13,60,06:35:00,Monday,Finch Stn,Mechanical,9,18,W,1348.0
2015-04-13,5,06:36:00,Monday,College/Yonge.,Mechanical,12,24,SB,8308.0
2015-04-13,98,06:40:00,Monday,Sheppard Station,Mechanical,15,30,W,8192.0
2015-04-13,134,06:45:00,Monday,Tapscott/Nashdene,General Delay,20,40,WB,1125.0
2015-04-13,129,06:48:00,Monday,STC,Late Leaving Garage,5,10,n,9058.0
2015-04-13,134,06:49:00,Monday,Tapscott & Newgale Gate.,General Delay,20,40,EB,1817.0
2015-04-13,96,06:53:00,Monday,Wilson and Walsh,Mechanical,15,30,E,7235.0
2015-04-13,68,06:54:00,Monday,Warden stn,Mechanical,4,27,nb,7660.0
2015-04-13,192,06:54:00,Monday,KIPLING STN,Mechanical,13,26,N,8009.0
2015-04-13,54,06:54:00,Monday,Eglinton stn,Mechanical,6,12,eb,7660.0
2015-04-13,134,06:57:00,Monday,Scarborough Town Center,Late Leaving Garage,6,12,EB,1060.0
2015-04-13,76,06:59:00,Monday,Lakeshore and Mimico,Mechanical,5,9,n,8049.0
2015-04-13,196,07:03:00,Monday,The commons,Mechanical,4,8,s,8167.0
2015-04-13,89,07:06:00,Monday,Dundas and Keele,Investigation,5,10,s/b,1041.0
2015-04-13,60,07:07:00,Monday,SGHL,Late Leaving Garage,7,14,E,1364.0
2015-04-13,76,07:08:00,Monday,Royal York atn,Mechanical,5,9,n,7313.0
2015-04-13,198,07:10:00,Monday,Eglinton yard,Mechanical,10,20,e,7562.0
2015-04-13,44,07:12:00,Monday,KIPLING & NEW TORONTO,Mechanical,7,14,N,7339.0
2015-04-13,41,07:18:00,Monday,Keele Station,Late Leaving Garage,13,26,n/b,1602.0
2015-04-13,196,07:19:00,Monday,Downsview Station,Mechanical,2,4,n,8146.0
2015-04-13,102,07:30:00,Monday,Markham and Markanna,General Delay,110,0,BW,
2015-04-13,103,07:32:00,Monday,Eglinton Stn,Mechanical,20,40,,8301.0
2015-04-13,96,07:35:00,Monday,Wilson Stn,Mechanical,22,44,W,7248.0
2015-04-13,6,07:40:00,Monday,Davenport & Yonge,Mechanical,8,16,s/b,1325.0
2015-04-13,134,07:40:00,Monday,Scarborough Town Center,Utilized Off Route,5,10,EB,1117.0
2015-04-13,110,07:42:00,Monday,Islington Station,Mechanical,12,24,S,7304.0
2015-04-13,124,07:48:00,Monday,Lawrence Stn,Utilized Off Route,5,11,,8188.0
2015-04-13,105,07:55:00,Monday,Downsview Station,Mechanical,28,41,N,9424.0
2015-04-13,134,07:56:00,Monday,Scarborough Town Center,Mechanical,20,40,EB,1795.0
2015-04-13,33,08:00:00,Monday,Forrest Hill,General Delay,15,20,BW,8310.0
2015-04-13,51,08:00:00,Monday,Eglinton stn to Townsend and freshmedow,General Delay,12,24,b/w,
2015-04-13,5,08:00:00,Monday,Egliton stn to Elm ave,General Delay,16,28,b/w,
2015-04-13,36,08:03:00,Monday,Finch and Jane,Mechanical,5,11,E,9104.0
2015-04-13,94,08:30:00,Monday,Wellesley Route,General Delay,10,20,bw,8118.0
2015-04-13,75,08:45:00,Monday,Jarvis and Lakeshore,Mechanical,6,12,N,8346.0
2015-04-13,196,08:51:00,Monday,Sheppard Stn,Utilized Off Route,8,14,,8353.0
2015-04-13,63,09:00:00,Monday,Davenport & Ossington,Investigation,8,16,n/b,1246.0
2015-04-13,47,09:02:00,Monday,St. Clair & Lansdowne,Utilized Off Route,9,20,n/b,1651.0
2015-04-13,7,09:05:00,Monday,Bathurst and Station,Utilized Off Route,9,18,N,9015.0
2015-04-13,133,09:15:00,Monday,Neilson and Sheppard,Mechanical,10,20,n,1093.0
2015-04-13,97,09:15:00,Monday,Yonge ST,General Delay,30,60,BW,
2015-04-13,142,09:15:00,Monday,Chruch and Richmond,Utilized Off Route,1,1,s/b,8159.0
2015-04-13,116,09:17:00,Monday,Kennedy station,Mechanical,30,60,e,7479.0
2015-04-13,29,09:30:00,Monday,Wilson stn to springhurst,General Delay,10,15,b/w,
2015-04-13,29,09:52:00,Monday,Sprinhurst loop,Mechanical,4,8,n/b,9032.0
2015-04-13,29,09:55:00,Monday,Dufferin and Lawrence,Mechanical,4,18,n/b,9007.0
2015-04-13,110,10:14:00,Monday,Islington Ave and Evans Ave,Mechanical,18,36,S,7973.0
2015-04-13,72,10:35:00,Monday,Munition & Commissioner,Mechanical,10,20,N/B,7872.0
2015-04-13,196,10:45:00,Monday,Downsview Stn,Utilized Off Route,4,7,n,8385.0
2015-04-13,196,10:48:00,Monday,Downsview Stn,Mechanical,2,4,n,9435.0
2015-04-13,106,11:10:00,Monday,Downsview Stn,Mechanical,10,20,n,9409.0
2015-04-13,196,11:10:00,Monday,Downsview Stn,Mechanical,2,4,n,8210.0
2015-04-13,17,11:25:00,Monday,Birchmount and St.Clair,Mechanical,13,26,SB,7704.0
2015-04-13,191,11:26:00,Monday,HWY 27/ Queensplate,Investigation,8,15,N,7905.0
2015-04-13,196,11:43:00,Monday,Downsview Stn,Mechanical,2,4,n,9421.0
2015-04-13,21,11:45:00,Monday,STC,Mechanical,14,28,N/B,8115.0
2015-04-13,116,11:57:00,Monday,Morningside at Nightstar,Mechanical,10,20,e,7664.0
2015-04-13,106,12:00:00,Monday,Downsview Stn,Mechanical,10,20,n,9423.0
2015-04-13,110,12:07:00,Monday,LAKESHORE BLVD,Mechanical,18,36,n/b,7303.0
2015-04-13,129,12:20:00,Monday,McCowan and Sheppard,Diversion,20,40,n,1089.0
2015-04-13,129,12:20:00,Monday,McCowan and sheppard,Diversion,10,60,n,1720.0
2015-04-13,199,12:20:00,Monday,McCowan & Sheppard,Diversion,43,48,WB,1808.0
2015-04-13,130,12:21:00,Monday,Mccowan and Sheppard,Diversion,24,54,N,1131.0
2015-04-13,85,12:22:00,Monday,Sheppard and Mccowan,Diversion,44,51,E,9097.0
2015-04-13,38,12:23:00,Monday,U of T campus,Mechanical,12,24,w,1401.0
2015-04-13,131,12:27:00,Monday,Mccowan and Sheppard,Diversion,40,53,EB,1805.0
2015-04-13,35,12:40:00,Monday,Jane and Steeles.,Mechanical,8,16,S/b,1257.0
2015-04-13,17,12:50:00,Monday,Warden Station,Mechanical,13,26,NB,7750.0
2015-04-13,32,12:57:00,Monday,Eglinton and Castle Knock,Investigation,13,26,w/b,1672.0
2015-04-13,109,13:00:00,Monday,Eglinton W-Bathurst & Neptune,General Delay,20,30,S/N,
2015-04-13,106,13:10:00,Monday,Downsview Stn,Mechanical,10,20,n,9409.0
2015-04-13,41,14:00:00,Monday,Entire Route,General Delay,35,45,B/W,
2015-04-13,104,14:11:00,Monday,Wilson Stn,Mechanical,15,30,n,8302.0
2015-04-13,95,14:18:00,Monday,Yorkmills station,Mechanical,13,26,e,1103.0
2015-04-13,196,14:30:00,Monday,Pond and Bus Roadway,Investigation,3,5,n,8388.0
2015-04-13,39,14:30:00,Monday,Baylawn Dr.,Mechanical,7,14,WB,1707.0
2015-04-13,63,14:31:00,Monday,Ossington Ave. and Queen St. West,Investigation,7,15,N,1572.0
2015-04-13,59,14:34:00,Monday,Lawrence West Station,Late Leaving Garage,17,30,W,1519.0
2015-04-13,85,14:38:00,Monday,Medowvale Loop,Late Leaving Garage,5,10,WB,9100.0
2015-04-13,199,14:38:00,Monday,Garage,Late Leaving Garage,4,8,,1824.0
2015-04-13,195,14:46:00,Monday,Jane and Finch,Mechanical,10,20,S/b,1268.0
2015-04-13,75,14:47:00,Monday,Glen Rd. & South Dr.,Mechanical,7,24,S,8331.0
2015-04-13,68,14:50:00,Monday,Warden Station,Mechanical,10,16,NB,7432.0
2015-04-13,41,14:50:00,Monday,The Pond Rd./ Bus Roadway,Diversion,120,130,NB,9145.0
2015-04-13,32,14:51:00,Monday,Marshall Mcluhan,Late Leaving Garage,8,16,w/b,1507.0
2015-04-13,35,14:55:00,Monday,Jane Stn,Late Leaving Garage,5,10,N/b,1020.0
2015-04-13,9,14:56:00,Monday,Bellemy & Eglinton,Mechanical,15,30,s/b,7760.0
2015-04-13,38,14:56:00,Monday,Scarborough Town Center,Mechanical,12,24,EB,1078.0
2015-04-13,35,14:57:00,Monday,Jane and Steeles,Late Leaving Garage,7,14,S/b,1019.0
2015-04-13,63,15:00:00,Monday,Entire Route,General Delay,10,20,B/W,
2015-04-13,35,15:00:00,Monday,Steeles to Jane stn,General Delay,10,20,B/W,
2015-04-13,60,15:00:00,Monday,Entire 60 Steeles West Route ( York U to FSTN),General Delay,10,20,B/W,
2015-04-13,23,15:00:00,Monday,Dawes rd route,General Delay,10,1,B/W,
2015-04-13,195,15:00:00,Monday,Steeles to Jane stn (Entire route).,General Delay,10,20,B/W,
2015-04-13,195,15:05:00,Monday,The Pond rd and bus roadway.,Diversion,10,20,s/b,1732.0
2015-04-13,96,15:05:00,Monday,York Mills Stn.,Mechanical,24,42,w,7204.0
2015-04-13,60,15:05:00,Monday,Bus roadway and The Pond Road,Diversion,165,172,E,1364.0
2015-04-13,11,15:08:00,Monday,Sunnybrook Hospital,Mechanical,12,24,n,8334.0
2015-04-13,122,15:10:00,Monday,York Mills Station,Mechanical,16,32,E,8150.0
2015-04-13,100,15:15:00,Monday,Concorde Place,Mechanical,10,26,NB,7426.0
2015-04-13,102,15:15:00,Monday,Warden Station,Utilized Off Route,6,11,n/b,7695.0
2015-04-13,60,15:19:00,Monday,Signal Hill and Steeles,Late Leaving Garage,7,14,E,1380.0
2015-04-13,60,15:19:00,Monday,York U / Commons,Late Leaving Garage,11,22,E,1305.0
2015-04-13,196,15:19:00,Monday,Downsview Stn,Utilized Off Route,0,0,n,8385.0
2015-04-13,115,15:20:00,Monday,York Mills Station,Utilized Off Route,20,40,E,8213.0
2015-04-13,122,15:20:00,Monday,Fenelon.,Mechanical,16,32,E,8326.0
2015-04-13,34,15:21:00,Monday,Eglinton Ave & Lebovic Ave,Late Leaving Garage,4,8,WB,7517.0
2015-04-13,53,15:23:00,Monday,Passmore & Markham Rd,Mechanical,5,10,W,1093.0
2015-04-13,102,15:30:00,Monday,Warden Station,Mechanical,5,11,e/b,
2015-04-13,102,15:32:00,Monday,Warden Station,Mechanical,22,44,n/b,7741.0
2015-04-13,57,15:35:00,Monday,Kennedy Stn,Mechanical,9,18,B/W,7708.0
2015-04-13,35,15:37:00,Monday,Jane and Heathrow,Mechanical,5,10,S/b,7235.0
2015-04-13,165,15:37:00,Monday,York Mills Stn.,Mechanical,15,23,N,7211.0
2015-04-13,39,15:57:00,Monday,Finch Station,Mechanical,3,6,EB,1816.0
2015-04-13,95,16:00:00,Monday,Don Mills to York Mills Station,General Delay,10,0,BW,
2015-04-13,107,16:00:00,Monday,Downsview Stn. To Teston and the Go,General Delay,50,30,b/w,
2015-04-13,52,16:00:00,Monday,entire route,General Delay,11,40,b/w,
2015-04-13,29,16:00:00,Monday,Dufferin at Rainee,General Delay,12,20,N,
2015-04-13,39,16:01:00,Monday,Kennth Ave.,Investigation,3,6,WB,1730.0
2015-04-13,46,16:06:00,Monday,Kipling Station,Mechanical,11,22,N,1348.0
2015-04-13,25,16:12:00,Monday,Don Mills and Wynford,Mechanical,3,6,NB,7647.0
2015-04-13,90,16:17:00,Monday,St Clair W Stn.,Mechanical,11,21,S,9421.0
2015-04-13,17,16:20:00,Monday,Warden Station,Mechanical,16,32,s/b,7722.0
2015-04-13,7,16:30:00,Monday,St. Clair-Finch,General Delay,9,15,n,
2015-04-13,35,16:34:00,Monday,Jane stn,Mechanical,5,10,N/b,1019.0
2015-04-13,97,16:35:00,Monday,Yonge and Wilson,Mechanical,30,60,sb,8177.0
2015-04-13,5,16:36:00,Monday,Caledonia and Lawrence,Mechanical,13,26,W,1421.0
2015-04-13,89,16:37:00,Monday,Wilby and Weston,Investigation,8,15,SB,1203.0
2015-04-13,54,16:38:00,Monday,Starspray loop,Mechanical,11,22,WB,7420.0
2015-04-13,25,16:41:00,Monday,Duncan Mill and Don Mills,Mechanical,4,8,NB,7526.0
2015-04-13,191,16:41:00,Monday,Martin Grove Loop,Mechanical,2,4,,7915.0
2015-04-13,17,16:44:00,Monday,Warden Station,Utilized Off Route,16,32,n/b,7803.0
2015-04-13,24,16:45:00,Monday,VP Stn.,Mechanical,8,16,n,7689.0
2015-04-13,54,16:46:00,Monday,Eglinton STN,Mechanical,10,20,EB,7625.0
2015-04-13,34,16:46:00,Monday,Kennedy Stn,Utilized Off Route,4,8,W,7578.0
2015-04-13,131,16:48:00,Monday,Kennedy Station,Utilized Off Route,7,14,EB,1095.0
2015-04-13,68,16:48:00,Monday,Warden Station,Utilized Off Route,6,12,NB,7490.0
2015-04-13,67,16:50:00,Monday,Victoria Park Station,Utilized Off Route,10,20,NB,7438.0
2015-04-13,11,16:50:00,Monday,Davisville stn,Utilized Off Route,6,12,n,8168.0
2015-04-13,134,16:50:00,Monday,STC,Utilized Off Route,6,13,E,1117.0
2015-04-13,81,16:50:00,Monday,Pape Station,Utilized Off Route,7,14,e/b,8128.0
2015-04-13,70,16:52:00,Monday,Coxwell STN,Utilized Off Route,17,34,SB,7600.0
2015-04-13,95,16:54:00,Monday,Ellesmere RT,Utilized Off Route,4,8,WB,1080.0
2015-04-13,90,16:55:00,Monday,St. Clair W. Stn,Utilized Off Route,6,10,n,8390.0
2015-04-13,198,16:55:00,Monday,Kennedy Stn,Utilized Off Route,10,20,E,7506.0
2015-04-13,199,16:55:00,Monday,Scarborough Town Centre,Mechanical,4,8,Eb,1734.0
2015-04-13,124,16:55:00,Monday,Lawrence and Mt. Pleasant,Utilized Off Route,6,12,eb,8143.0
2015-04-13,116,16:56:00,Monday,Kennedy Stn,Utilized Off Route,12,24,E,7568.0
2015-04-13,85,16:56:00,Monday,Don Mills Station,Utilized Off Route,6,12,EB,9091.0
2015-04-13,75,16:57:00,Monday,Bloor & Sherbourne,Utilized Off Route,7,14,n,8303.0
2015-04-13,129,16:57:00,Monday,Scarborough Town Ctr,Utilized Off Route,4,8,N,1069.0
2015-04-13,24,16:58:00,Monday,Victoria Park Station,Utilized Off Route,8,16,n/b,7713.0
2015-04-13,102,16:58:00,Monday,Warden Station,Utilized Off Route,11,22,e/b,7704.0
2015-04-13,94,17:00:00,Monday,Wellesley Route,General Delay,10,20,bw,7782.0
2015-04-13,131,17:00:00,Monday,Kennedy Station,Utilized Off Route,1,0,EB,1784.0
2015-04-13,87,17:00:00,Monday,Main Station,Utilized Off Route,5,10,e/b,7784.0
2015-04-13,160,17:00:00,Monday,,General Delay,20,30,N/S,
2015-04-13,53,17:00:00,Monday,Pasmore & Markham,Utilized Off Route,5,10,W,1093.0
2015-04-13,44,17:02:00,Monday,Colonel sam Smith Loop,Utilized Off Route,3,7,nb,8056.0
2015-04-13,76,17:05:00,Monday,LAKESHORE AND MIMICO,Utilized Off Route,5,10,nb,7955.0
2015-04-13,25,17:06:00,Monday,Thorncliffe Park and Overlea,Investigation,4,3,SB,7577.0
2015-04-13,88,17:10:00,Monday,st. Clair stn,Utilized Off Route,15,30,eb,8307.0
2015-04-13,196,17:12:00,Monday,Downsview Station,Utilized Off Route,3,6,nb,8363.0
2015-04-13,52,17:17:00,Monday,olympia and lawrence,Mechanical,11,22,e/b,1036.0
2015-04-13,85,17:20:00,Monday,Yong/Sheppard Station,Mechanical,15,30,EB,1100.0
2015-04-13,196,17:27:00,Monday,Dwnsview Stn,Utilized Off Route,2,4,n,8318.0
2015-04-13,709,17:28:00,Monday,Eglinton west stn,Utilized Off Route,1,1,e/b,1650.0
2015-04-13,44,17:29:00,Monday,Kipling station,Utilized Off Route,3,7,sb,8051.0
2015-04-13,42,17:29:00,Monday,Finch Station,Mechanical,11,22,eb,9436.0
2015-04-13,801,17:30:00,Monday,Wilson Station,Utilized Off Route,1,1,S,9033.0
2015-04-13,53,17:30:00,Monday,Finch Stn to Staines,General Delay,10,18,B/W,
2015-04-13,7,17:33:00,Monday,Bathurst & St Clair.,Utilized Off Route,9,15,n,9018.0
2015-04-13,62,17:43:00,Monday,Main Stn,Mechanical,15,30,WB,7781.0
2015-04-13,47,17:44:00,Monday,Earlscourt loop,Utilized Off Route,6,13,S,1668.0
2015-04-13,87,18:00:00,Monday,Main Stn,Utilized Off Route,5,10,WB,7756.0
2015-04-13,76,18:00:00,Monday,ROYAL YORK STN,Mechanical,5,10,sb,8060.0
2015-04-13,168,18:00:00,Monday,168 SYMINGTON ROUTE,General Delay,20,13,BW,
2015-04-13,165,18:05:00,Monday,Wilson and William Cragg,Investigation,15,245,W,1448.0
2015-04-13,96,18:05:00,Monday,Wilson and William Cragg,Diversion,14,244,W,1373.0
2015-04-13,96,18:05:00,Monday,Wilson and William Cragg,Diversion,9,239,W,1385.0
2015-04-13,165,18:05:00,Monday,Wilson and William Cragg,Diversion,9,248,e,1286.0
2015-04-13,165,18:05:00,Monday,Wilson and William Cragg,Diversion,0,0,e,1316.0
2015-04-13,168,18:06:00,Monday,DUNDAS AND BLOOR,Investigation,6,12,sb,7305.0
2015-04-13,59,18:07:00,Monday,Culurd and Lawrence,Mechanical,13,26,E,1383.0
2015-04-13,199,18:08:00,Monday,Scarborough Town Centre,Mechanical,4,8,EB,1824.0
2015-04-13,29,18:09:00,Monday,Hunter,Mechanical,5,10,S,9002.0
2015-04-13,196,18:10:00,Monday,Downsview Station,Mechanical,2,4,n,8376.0
2015-04-13,116,18:11:00,Monday,Kennedy Stn,Mechanical,6,12,S,7653.0
2015-04-13,21,18:15:00,Monday,KENNEDY STATION,Late Leaving Garage,12,24,B/W,7696.0
2015-04-13,36,18:18:00,Monday,Finch Stn,Investigation,13,26,,9107.0
2015-04-13,116,18:20:00,Monday,Kennedy Stn,Utilized Off Route,12,24,E,7458.0
2015-04-13,60,18:25:00,Monday,Finch Station,Mechanical,10,20,W,1686.0
2015-04-13,38,18:26:00,Monday,Scarborough Town Ctr Stn,Mechanical,6,12,E,1101.0
2015-04-13,60,18:28:00,Monday,Yonge and Steeles,Mechanical,6,12,W,1276.0
2015-04-13,41,18:30:00,Monday,Keele Station,Mechanical,41,12,NB,1059.0
2015-04-13,108,18:32:00,Monday,Jane and Driftwood,Mechanical,16,32,E,1263.0
2015-04-13,84,18:36:00,Monday,Downsview Station,Mechanical,10,20,E,1378.0
2015-04-13,37,18:38:00,Monday,Steeles Loop,Mechanical,10,20,S,8062.0
2015-04-13,7,18:40:00,Monday,Bathurst-Wilson,Mechanical,9,15,s,9029.0
2015-04-13,90,18:56:00,Monday,St Clair West Stn.,Utilized Off Route,6,17,s,6674.0
2015-04-13,29,19:07:00,Monday,Eglinton,Mechanical,5,10,S,9027.0
2015-04-13,199,19:15:00,Monday,Scarborough Town Centre,Mechanical,7,14,NB,1793.0
2015-04-13,195,19:21:00,Monday,York U. Commons,Mechanical,10,20,N/b,1206.0
2015-04-13,32,19:30:00,Monday,Eglinton west / Lloyd Manor,Investigation,8,16,e,1563.0
2015-04-13,29,19:45:00,Monday,Dufferin and Wilson,Mechanical,5,10,S,9056.0
2015-04-13,72,19:46:00,Monday,Eastern and Carlaw,Emergency Services,10,20,B/W,7833.0
2015-04-13,36,20:00:00,Monday,Entire Route,General Delay,1,1,,1.0
2015-04-13,95,20:03:00,Monday,York Mills Station,Mechanical,7,15,EB,1763.0
2015-04-13,29,20:46:00,Monday,Lawrence,Investigation,5,10,N,9009.0
2015-04-13,77,21:09:00,Monday,Windermere / Coehill dr,Investigation,22,44,n,1531.0
2015-04-13,59,21:13:00,Monday,culford,Mechanical,30,60,e/b,1260.0
2015-04-13,29,21:16:00,Monday,Wilson Station,Investigation,5,10,S,9056.0
2015-04-13,23,21:32:00,Monday,Dawes and Danforth,Diversion,243,258,NB,
2015-04-13,79,21:36:00,Monday,Runnymede stn,Utilized Off Route,12,24,n,1600.0
2015-04-13,57,21:58:00,Monday,Kennedy Stn,Mechanical,15,30,NB,7833.0
2015-04-13,63,22:05:00,Monday,Ossington stn,Utilized Off Route,12,24,s,1575.0
2015-04-13,126,22:09:00,Monday,Christie / Barton,Mechanical,30,60,n,1608.0
2015-04-13,35,22:13:00,Monday,,Mechanical,9,18,e/b,1688.0
2015-04-13,115,22:17:00,Monday,Bannatyne Drive,Mechanical,30,1,w,8207.0
2015-04-13,37,22:26:00,Monday,Islington at Westway,Investigation,15,35,S,7976.0
2015-04-13,84,22:40:00,Monday,bradstock,Mechanical,11,22,e/b,1236.0
2015-04-13,86,22:46:00,Monday,Sheppard Loop,Mechanical,10,20,WB,7645.0
2015-04-13,129,23:50:00,Monday,Scarborough Town Ctr Stn,Investigation,10,20,N,1740.0
2015-04-14,63,00:00:00,Tuesday,East liberty,Mechanical,10,20,n,1035.0
2015-04-14,6,00:30:00,Tuesday,Bay st / Between harbour & Queens Quay,Diversion,49,73,s,1633.0
2015-04-14,135,01:17:00,Tuesday,main and Danforth,Mechanical,30,60,EB,7402.0
2015-04-14,320,02:00:00,Tuesday,bay and queensquay,Diversion,4,8,s/b,7587.0
2015-04-14,17,03:21:00,Tuesday,Warden Station,Mechanical,16,24,,7732.0
2015-04-14,54,03:27:00,Tuesday,Eglinton yard,Late Leaving Garage,11,22,EB,7548.0
2015-04-14,17,03:30:00,Tuesday,,General Delay,10,20,,
2015-04-14,320,04:10:00,Tuesday,yonge and st clair,Diversion,4,8,s/b,7587.0
2015-04-14,305,04:12:00,Tuesday,Eglinton Av-McCowan Rd,Mechanical,30,60,eb,7459.0
2015-04-14,310,04:16:00,Tuesday,bathurst and st clair,Mechanical,20,40,n/b,9045.0
2015-04-14,41,04:59:00,Tuesday,Petrolia,Late Leaving Garage,13,26,s/b,9148.0
2015-04-14,96,05:00:00,Tuesday,finch at humberline,Late Leaving Garage,10,20,e,1276.0
2015-04-14,224,05:11:00,Tuesday,Eglinton Garage,Mechanical,1,1,N,7635.0
2015-04-14,84,05:22:00,Tuesday,rivalda at sheppard,Late Leaving Garage,10,34,w,1335.0
2015-04-14,7,05:25:00,Tuesday,Bathurst Station,Late Leaving Garage,11,0,N,9052.0
2015-04-14,75,05:27:00,Tuesday,Bloor and Sherbourne,Late Leaving Garage,15,30,N,8168.0
2015-04-14,87,05:28:00,Tuesday,Coxwell & Mortimer,Late Leaving Garage,10,20,W/b,7839.0
2015-04-14,109,05:30:00,Tuesday,Neptune and Rajah,Diversion,1208,1223,E,8369.0
2015-04-14,75,05:30:00,Tuesday,Lower Jarvis and Esplanade,Diversion,998,992,E,8190.0
2015-04-14,6,05:30:00,Tuesday,Bay and Queens Quay,Diversion,1226,1236,B/W,
2015-04-14,29,05:33:00,Tuesday,Dufferin Mall,Late Leaving Garage,8,16,n,9014.0
2015-04-14,130,05:40:00,Tuesday,Middlefield and Steeles,Late Leaving Garage,5,0,S,1778.0
2015-04-14,133,05:42:00,Tuesday,MOFI,Late Leaving Garage,9,18,w,1107.0
2015-04-14,54,05:46:00,Tuesday,Eglinton yard,Mechanical,1,1,ob,7462.0
2015-04-14,71,05:50:00,Tuesday,Runnymede stn,Late Leaving Garage,15,25,s/b,1509.0
2015-04-14,116,05:54:00,Tuesday,Morningside and Stains,Utilized Off Route,6,12,s,7606.0
2015-04-14,63,05:54:00,Tuesday,Canniff and Strachan,Late Leaving Garage,12,24,n/b,1014.0
2015-04-14,85,05:58:00,Tuesday,Meadowvale loop,Late Leaving Garage,3,12,W,9086.0
2015-04-14,29,06:07:00,Tuesday,Dufferin at Tycos,Late Leaving Garage,7,14,s/b,9048.0
2015-04-14,106,06:10:00,Tuesday,Sentinel at Finch,Mechanical,15,25,s,9429.0
2015-04-14,63,06:20:00,Tuesday,MT dennis garage (POD Eginton w stn),Investigation,4,8,S,1617.0
2015-04-14,32,06:21:00,Tuesday,Skymark,Late Leaving Garage,6,11,e/b,1669.0
2015-04-14,29,06:21:00,Tuesday,Princes gate,Late Leaving Garage,8,16,n/b,9039.0
2015-04-14,57,06:23:00,Tuesday,Kennedy Stn,Utilized Off Route,8,16,N,7747.0
2015-04-14,25,06:30:00,Tuesday,Pape and O'Connor,Mechanical,3,6,N,7569.0
2015-04-14,97,06:31:00,Tuesday,Bay and Queens Quay,Diversion,215,245,S,8156.0
2015-04-14,196,06:33:00,Tuesday,York U. Common,Late Leaving Garage,5,10,s,9415.0
2015-04-14,51,06:34:00,Tuesday,Steeles and Waggoners Wheels,Mechanical,18,38,S,8375.0
2015-04-14,29,06:34:00,Tuesday,Dufferin and Bloor,Late Leaving Garage,7,14,n/b,9030.0
2015-04-14,53,06:38:00,Tuesday,Passmore and Markham,Mechanical,5,10,w,1100.0
2015-04-14,5,06:40:00,Tuesday,Eglinton stn,Emergency Services,12,24,s/b,8188.0
2015-04-14,98,06:40:00,Tuesday,Sheppard stn,Late Leaving Garage,10,40,w/b,8355.0
2015-04-14,198,06:43:00,Tuesday,Eglinton and Midland,Mechanical,10,20,e,7531.0
2015-04-14,105,06:45:00,Tuesday,Downsview Stn,Mechanical,0,0,n,9404.0
2015-04-14,57,06:46:00,Tuesday,Kennedy Stn,Mechanical,8,15,N,7853.0
2015-04-14,104,06:49:00,Tuesday,Sheppard at Downsview Stn driveway,Mechanical,14,28,s,8321.0
2015-04-14,41,06:50:00,Tuesday,Keele Station,Late Leaving Garage,13,26,n/b,9150.0
2015-04-14,117,07:00:00,Tuesday,Downsview Stn,Mechanical,10,20,n,8328.0
2015-04-14,196,07:02:00,Tuesday,Downsview Stn,Utilized Off Route,5,9,n,8177.0
2015-04-14,37,07:03:00,Tuesday,Islington Station,Late Leaving Garage,5,27,N,8070.0
2015-04-14,11,07:08:00,Tuesday,Bayview and Yorkmills,Mechanical,12,24,n/b,8326.0
2015-04-14,196,07:09:00,Tuesday,Downsview Stn,Late Leaving Garage,3,6,n,8327.0
2015-04-14,141,07:10:00,Tuesday,Redpath and Eglinton,Late Leaving Garage,30,60,s/b,1018.0
2015-04-14,79,07:11:00,Tuesday,pine,Late Leaving Garage,8,16,s/b,1633.0
2015-04-14,32,07:14:00,Tuesday,Eglinton station,Utilized Off Route,5,10,w/b,1571.0
2015-04-14,41,07:15:00,Tuesday,Keele Station,Late Leaving Garage,13,26,n/b,9139.0
2015-04-14,44,07:28:00,Tuesday,Col Sam Smith Loop,Late Leaving Garage,4,7,n/b,8042.0
2015-04-14,12,07:30:00,Tuesday,Kingston Rd & St Clair,General Delay,17,1,B/W,
2015-04-14,12,07:30:00,Tuesday,Brimley & St Clair,Mechanical,12,24,S/B,7798.0
2015-04-14,6,07:30:00,Tuesday,Route 6,General Delay,15,20,BW,
2015-04-14,29,07:30:00,Tuesday,Wilosn stn to Princes gate,General Delay,12,16,b/w,
2015-04-14,60,07:33:00,Tuesday,FSTN,Mechanical,7,14,W,1208.0
2015-04-14,12,07:47:00,Tuesday,Victoria Park Stn,Utilized Off Route,12,24,e/B,7802.0
2015-04-14,53,07:54:00,Tuesday,Passmore and Markham,Mechanical,5,10,w,1101.0
2015-04-14,26,08:00:00,Tuesday,Route 26,General Delay,10,26,BW,
2015-04-14,57,08:00:00,Tuesday,Midland & Steeles,General Delay,12,1,B/W,
2015-04-14,94,08:00:00,Tuesday,From Castlefrank Stn to Ossington Stn,General Delay,25,19,B/W,
2015-04-14,63,08:00:00,Tuesday,Route 63,General Delay,10,15,BW,
2015-04-14,198,08:00:00,Tuesday,Kennedy station,Mechanical,10,20,e,7486.0
2015-04-14,61,08:00:00,Tuesday,eglinton stn to Bombay loop,General Delay,15,30,b/w,
2015-04-14,198,08:00:00,Tuesday,Kennedy station,Mechanical,10,20,e,7404.0
2015-04-14,86,08:00:00,Tuesday,Scarborough Route,General Delay,10,0,B/W,
2015-04-14,5,08:00:00,Tuesday,Eglinton stn to Elm ave,General Delay,12,24,b/w,
2015-04-14,51,08:00:00,Tuesday,Eglinton stn to Townsend,General Delay,12,26,b/w,
2015-04-14,24,08:06:00,Tuesday,Victoria Park & Ivordale Cres.,Mechanical,3,6,S,7833.0
2015-04-14,97,08:12:00,Tuesday,King St to Wellington,Diversion,108,138,NB/SB,8183.0
2015-04-14,85,08:17:00,Tuesday,Meadowvale loop,Mechanical,6,11,W,9058.0
2015-04-14,6,08:20:00,Tuesday,Queens Quya & Freeland,Diversion,128,132,E,
2015-04-14,134,08:36:00,Tuesday,Sheppard and Washburn Way,Mechanical,12,32,w,1795.0
2015-04-14,88,08:39:00,Tuesday,South Leaside Route,General Delay,6,12,,
2015-04-14,134,08:40:00,Tuesday,Scarborough Town Centre,Utilized Off Route,5,10,e,1771.0
2015-04-14,97,08:40:00,Tuesday,Yonge St,General Delay,30,60,BW,
2015-04-14,85,08:49:00,Tuesday,Don Mills station,Mechanical,5,10,E,9101.0
2015-04-14,106,08:52:00,Tuesday,Downsview Stn,Utilized Off Route,7,15,n,9426.0
2015-04-14,34,08:53:00,Tuesday,Eglinton Station,Mechanical,4,8,e/b,7599.0
2015-04-14,53,09:03:00,Tuesday,Steeles and Kennedy,Mechanical,4,9,w,1738.0
2015-04-14,196,09:04:00,Tuesday,Downsview Stn,Mechanical,2,4,n,9401.0
2015-04-14,196,09:05:00,Tuesday,Sheppard Stn,Utilized Off Route,8,15,E,9039.0
2015-04-14,165,09:06:00,Tuesday,walsh at weston,Mechanical,9,18,e,1285.0
2015-04-14,57,09:14:00,Tuesday,Midland & Steeles,Mechanical,11,22,S/B,7789.0
2015-04-14,115,09:20:00,Tuesday,Yorkmills stn,Mechanical,20,40,e/b,8348.0
2015-04-14,97,09:30:00,Tuesday,Yorkmills Stn,Mechanical,30,60,WB,8183.0
2015-04-14,196,09:37:00,Tuesday,York U. Common,Mechanical,3,5,s,8339.0
2015-04-14,134,10:00:00,Tuesday,Mccowan and Consilium,Diversion,10,16,e,1781.0
2015-04-14,96,10:08:00,Tuesday,wilson at jane,Mechanical,17,34,w,7212.0
2015-04-14,34,10:15:00,Tuesday,Eglinton & Brentcliffe,Investigation,4,8,e,7539.0
2015-04-14,7,10:16:00,Tuesday,Bathurst and Sheppard,Mechanical,9,18,N,9007.0
2015-04-14,60,10:45:00,Tuesday,Steeles @ 27,Mechanical,7,14,W,1326.0
2015-04-14,129,10:49:00,Tuesday,Steeles loop,Mechanical,7,14,s,1077.0
2015-04-14,196,10:50:00,Tuesday,Downsview Stn,Mechanical,3,5,w,9405.0
2015-04-14,106,10:50:00,Tuesday,Sentinel and Frederick Mowat,Mechanical,10,20,w,9439.0
2015-04-14,43,10:54:00,Tuesday,Kennedy Station,Mechanical,12,24,NB,7400.0
2015-04-14,53,10:57:00,Tuesday,Steeles and Victoria Park,Mechanical,7,12,e,1124.0
2015-04-14,196,11:00:00,Tuesday,Downsview Stn,Utilized Off Route,2,4,w,8161.0
2015-04-14,85,11:18:00,Tuesday,Sheppard and Blue Ridge,Diversion,338,362,W,1777.0
2015-04-14,59,11:31:00,Tuesday,Culford @ FLAMBOROUGH,Mechanical,21,42,W,1353.0
2015-04-14,160,11:34:00,Tuesday,Bathurst and Centre,Diversion,192,217,S,8301.0
2015-04-14,85,11:41:00,Tuesday,Meadowvale Loop,Investigation,7,15,W,9090.0
2015-04-14,60,12:00:00,Tuesday,SGHL,Mechanical,7,14,E,1364.0
2015-04-14,21,12:03:00,Tuesday,STC,Mechanical,14,28,N/B,7834.0
2015-04-14,69,12:03:00,Tuesday,Warden Stn,Mechanical,5,10,S/Be/B,7810.0
2015-04-14,102,12:10:00,Tuesday,Centennial College,Utilized Off Route,17,36,S/B,7849.0
2015-04-14,199,12:13:00,Tuesday,STC,Utilized Off Route,5,10,WB,1807.0
2015-04-14,57,12:16:00,Tuesday,Midland & Lawerence,Emergency Services,11,22,S/B,7688.0
2015-04-14,7,12:17:00,Tuesday,bathurst and Baycrest,Investigation,9,18,S,9021.0
2015-04-14,66,12:19:00,Tuesday,HUMBER LOOP,Mechanical,15,30,NB,7349.0
2015-04-14,95,12:21:00,Tuesday,Ellesmere and Kingston Rd Loop,Mechanical,10,20,wb,1787.0
2015-04-14,32,12:25:00,Tuesday,Eglinton and Dufferin,Investigation,13,26,e/b,1021.0
2015-04-14,95,12:30:00,Tuesday,Don Mills to Leslie,General Delay,10,1,BW,
2015-04-14,112,12:36:00,Tuesday,Renforth and Eglinton,Mechanical,8,28,sb,8015.0
2015-04-14,60,12:48:00,Tuesday,Finch Station,Utilized Off Route,7,1,W,1574.0
2015-04-14,106,12:50:00,Tuesday,Downsview Stn,Mechanical,10,20,w,9441.0
2015-04-14,52,12:50:00,Tuesday,Lawrence and Scarlett,Investigation,11,22,w,1644.0
2015-04-14,54,12:54:00,Tuesday,Eglinton STN.,Mechanical,12,24,EB,7498.0
2015-04-14,72,12:58:00,Tuesday,Commissioner and Donroad way,Mechanical,10,20,B/W,7788.0
2015-04-14,53,12:59:00,Tuesday,Steeles & Lauraleaf,Investigation,6,12,E,1076.0
2015-04-14,6,13:00:00,Tuesday,Entire route,General Delay,5,10,B/W,
2015-04-14,112,13:00:00,Tuesday,Kipling station,Mechanical,14,34,nb,8041.0
2015-04-14,68,13:00:00,Tuesday,68-Warden Route,General Delay,12,18,BW,
2015-04-14,165,13:00:00,Tuesday,Entire route,General Delay,15,20,B/W,
2015-04-14,117,13:00:00,Tuesday,Downsview Stn,Mechanical,20,40,w,8165.0
2015-04-14,196,13:06:00,Tuesday,Downsview Stn,Utilized Off Route,2,4,w,8199.0
2015-04-14,43,13:15:00,Tuesday,Eglinton and Kennedy,Investigation,12,24,WB,7515.0
2015-04-14,165,13:25:00,Tuesday,Weston and Finch,Emergency Services,9,20,S,1238.0
2015-04-14,7,13:27:00,Tuesday,Bathurst Stn.,Mechanical,7,9,N,9050.0
2015-04-14,54,13:32:00,Tuesday,Rumsey and Eglinton,Emergency Services,13,26,EB,7439.0
2015-04-14,82,13:33:00,Tuesday,Rosedale Stn.,Mechanical,20,40,s,8313.0
2015-04-14,75,13:35:00,Tuesday,South Dr. & Glen Rd.,Utilized Off Route,7,14,n,8364.0
2015-04-14,31,13:36:00,Tuesday,Greenwood & Garrard,Diversion,34,46,N,7864.0
2015-04-14,196,13:41:00,Tuesday,Downsview Stn,Utilized Off Route,2,5,w,8362.0
2015-04-14,24,13:42:00,Tuesday,Victoria Park & St. Clair,Mechanical,10,20,N,8119.0
2015-04-14,162,13:45:00,Tuesday,Lawrence Stn,Mechanical,30,60,,8390.0
2015-04-14,57,13:57:00,Tuesday,KENNEDY STN,Mechanical,11,22,B/W,8118.0
2015-04-14,41,14:00:00,Tuesday,Entire route,General Delay,15,23,B/W,
2015-04-14,7,14:00:00,Tuesday,Bathurst St-Finch,General Delay,9,20,N,
2015-04-14,63,14:00:00,Tuesday,Entire Route,General Delay,10,20,B/W,
2015-04-14,124,14:00:00,Tuesday,Lawrence Stn,Utilized Off Route,7,14,,8134.0
2015-04-14,109,14:00:00,Tuesday,Eglinton W.Neptune-Bathurst,General Delay,15,35,n/s,
2015-04-14,89,14:00:00,Tuesday,Entire Route,General Delay,12,21,B/W,
2015-04-14,45,14:06:00,Tuesday,Kipling station,Mechanical,11,22,nb,8021.0
2015-04-14,85,14:06:00,Tuesday,Don Mills Stn,Mechanical,23,46,E,9078.0
2015-04-14,96,14:08:00,Tuesday,Humber College Blvd.and Hwy.27,Investigation,9,18,E,7230.0
2015-04-14,85,14:14:00,Tuesday,Don Mills Stn,Utilized Off Route,7,15,E,9081.0
2015-04-14,191,14:16:00,Tuesday,Arrow garage,Late Leaving Garage,6,12,s,7920.0
2015-04-14,67,14:21:00,Tuesday,Pharmacy and Eglinton,Mechanical,1,1,NB,7632.0
2015-04-14,65,14:26:00,Tuesday,Winchester and Parliament,Investigation,14,26,SB,7803.0
2015-04-14,107,14:30:00,Tuesday,Rvermede and Ortona Ct.,Diversion,1,1,w,8198.0
2015-04-14,97,14:30:00,Tuesday,Bay and Queens Quay,Diversion,300,330,sb,8342.0
2015-04-14,191,14:30:00,Tuesday,Arrow Garage,Late Leaving Garage,5,10,s,7946.0
2015-04-14,36,14:39:00,Tuesday,Weston Road,Mechanical,5,10,E,9117.0
2015-04-14,104,14:40:00,Tuesday,Wilson Stn,Mechanical,13,26,w,8163.0
2015-04-14,43,14:42:00,Tuesday,Kennedy station,Mechanical,12,24,NB,7614.0
2015-04-14,36,14:42:00,Tuesday,Finch station,Late Leaving Garage,5,10,E,9107.0
2015-04-14,43,14:46:00,Tuesday,Kennedy Station,Utilized Off Route,12,24,NB,7509.0
2015-04-14,161,14:48:00,Tuesday,Jane / Alliance,Late Leaving Garage,2,9,e,1052.0
2015-04-14,161,14:49:00,Tuesday,Ossington stn,Late Leaving Garage,13,26,w,1577.0
2015-04-14,46,14:50:00,Tuesday,Nothinghill/M/grove,Late Leaving Garage,6,18,s,1333.0
2015-04-14,25,14:55:00,Tuesday,Don Mills Station,Mechanical,3,6,NB,7484.0
2015-04-14,52,14:58:00,Tuesday,Black Creek and Lawrence,Utilized Off Route,5,10,e,1585.0
2015-04-14,35,15:00:00,Tuesday,Steeles To Jane stn,General Delay,10,20,B/W,
2015-04-14,43,15:00:00,Tuesday,Kennedy Station,Mechanical,9,17,NB,7636.0
2015-04-14,96,15:00:00,Tuesday,Entire route,General Delay,15,20,B/W,
2015-04-14,195,15:00:00,Tuesday,Jane To Steeles.,General Delay,10,20,B/W,
2015-04-14,160,15:00:00,Tuesday,"Wilson- Bathurst/ Clark, promenade",General Delay,23,40,n/s,
2015-04-14,26,15:00:00,Tuesday,Entire route,General Delay,14,28,B/W,
2015-04-14,196,15:04:00,Tuesday,Downsview Stn,Utilized Off Route,2,5,w,9039.0
2015-04-14,23,15:05:00,Tuesday,Main Station,Mechanical,7,14,NB,7757.0
2015-04-14,24,15:06:00,Tuesday,Victoria Park Stn,Mechanical,8,14,N,8109.0
2015-04-14,95,15:07:00,Tuesday,York Mills stn,Late Leaving Garage,12,27,W/B,1816.0
2015-04-14,29,15:10:00,Tuesday,Rowan ave,Investigation,5,10,S,9020.0
2015-04-14,52,15:10:00,Tuesday,Garage,Late Leaving Garage,11,22,w,1024.0
2015-04-14,96,15:12:00,Tuesday,Woodbine Downs and Carrier,Late Leaving Garage,1,18,e,1217.0
2015-04-14,95,15:14:00,Tuesday,York Mills Collegiate,Late Leaving Garage,12,24,w/b,1814.0
2015-04-14,85,15:14:00,Tuesday,Don Mills Stn,Late Leaving Garage,12,24,E,9080.0
2015-04-14,68,15:15:00,Tuesday,Warden Station,Mechanical,7,13,NB,7485.0
2015-04-14,199,15:19:00,Tuesday,Scarborough Town Centre,Late Leaving Garage,4,8,,1093.0
2015-04-14,129,15:24:00,Tuesday,STC,Late Leaving Garage,8,16,N/B,9075.0
2015-04-14,106,15:25:00,Tuesday,Downsview Stn,Mechanical,8,16,w,9415.0
2015-04-14,23,15:30:00,Tuesday,Dawes rd route,General Delay,10,1,B/W,
2015-04-14,39,15:30:00,Tuesday,Baldoon and Finch Ave E,Late Leaving Garage,4,8,,1317.0
2015-04-14,144,15:34:00,Tuesday,Eglinton Garage,Late Leaving Garage,1,1,SB,7433.0
2015-04-14,113,15:38:00,Tuesday,Main Stn,Mechanical,23,38,E,8104.0
2015-04-14,191,15:42:00,Tuesday,queensplate drive,Mechanical,5,10,s,7918.0
2015-04-14,112,15:45:00,Tuesday,Kipling station,Mechanical,16,33,nb,8071.0
2015-04-14,124,15:51:00,Tuesday,Lawrence Station,Mechanical,6,12,eb,8328.0
2015-04-14,29,15:58:00,Tuesday,Princes Gates,Mechanical,5,10,N,9030.0
2015-04-14,122,15:58:00,Tuesday,York Mills Station,Mechanical,16,32,E,8335.0
2015-04-14,53,16:00:00,Tuesday,Finch Stn to Staines,Investigation,10,15,B/W,
2015-04-14,34,16:00:00,Tuesday,Both ways through Brentcliffe PI Coll at Vic Park,General Delay,15,25,BW,
2015-04-14,47,16:00:00,Tuesday,Entire route,General Delay,9,18,b/w,
2015-04-14,161,16:00:00,Tuesday,Entire route,General Delay,9,18,b/w,
2015-04-14,61,16:05:00,Tuesday,Boombay loop,Mechanical,12,24,s,8136.0
2015-04-14,196,16:12:00,Tuesday,Downsview Station,Utilized Off Route,3,7,nb,8386.0
2015-04-14,90,16:12:00,Tuesday,St. Clair W. Stn.,Mechanical,5,11,S,8332.0
2015-04-14,224,16:14:00,Tuesday,Don Mills Station,Investigation,3,6,NB,7519.0
2015-04-14,40,16:15:00,Tuesday,DUNDAS AND KEELE,General Delay,10,15,bw,
2015-04-14,100,16:17:00,Tuesday,Broadview Station,Utilized Off Route,6,12,NB,7553.0
2015-04-14,47,16:17:00,Tuesday,Eglinton / Caledonia,Investigation,23,46,n,1244.0
2015-04-14,196,16:21:00,Tuesday,Sheppard Stn,Mechanical,8,16,w,9432.0
2015-04-14,110,16:24:00,Tuesday,Ilsington/Birmingham,Investigation,8,20,s/b,7937.0
2015-04-14,133,16:25:00,Tuesday,Neilson and McLevin,Investigation,7,14,N,1107.0
2015-04-14,44,16:32:00,Tuesday,Colonel Sam Smith Loop,Investigation,3,7,nb,8033.0
2015-04-14,34,16:35:00,Tuesday,Eglinton Ave & Lebovic,Mechanical,4,8,WB,7670.0
2015-04-14,191,16:41:00,Tuesday,martin grove loop,Mechanical,5,10,s,7921.0
2015-04-14,56,16:52:00,Tuesday,Eglinton stn,Utilized Off Route,15,30,n,9420.0
2015-04-14,122,17:00:00,Tuesday,Graydon Hall route,General Delay,25,35,B,
2015-04-14,86,17:00:00,Tuesday,Morningside Route,General Delay,10,0,B/W,
2015-04-14,55,17:00:00,Tuesday,Entire Route,General Delay,20,50,B/W,
2015-04-14,57,17:02:00,Tuesday,Finch and Midland,Mechanical,8,16,B/W,7806.0
2015-04-14,145,17:15:00,Tuesday,PETER AND ADAILADE,Mechanical,30,60,nb,7340.0
2015-04-14,96,17:15:00,Tuesday,Wilson Stn.,Mechanical,18,36,W,1229.0
2015-04-14,6,17:20:00,Tuesday,Queens Quay and Sherbourne St.,Utilized Off Route,5,10,N,1596.0
2015-04-14,192,17:25:00,Tuesday,Kipling station,Investigation,7,16,nb,8002.0
2015-04-14,165,17:28:00,Tuesday,Weston and Bradstock,Investigation,7,15,N,1377.0
2015-04-14,44,17:29:00,Tuesday,Kipling station,Utilized Off Route,3,7,sb,8033.0
2015-04-14,115,17:30:00,Tuesday,Silver Hills route,General Delay,30,50,B,
2015-04-14,196,17:30:00,Tuesday,Downsview Station,Investigation,2,4,n,8362.0
2015-04-14,165,17:30:00,Tuesday,Wilson Stn.,Mechanical,15,23,w,1249.0
2015-04-14,86,17:30:00,Tuesday,Scarborough Route,General Delay,10,0,B/W,
2015-04-14,59,17:39:00,Tuesday,Weston and Oak,Mechanical,13,26,E,1789.0
2015-04-14,20,17:42:00,Tuesday,Kennedy Rd & Malta/ Highview,Investigation,14,28,W,7859.0
2015-04-14,24,17:50:00,Tuesday,Victoria Park Ave & Eglinton Ave E,Diversion,46,53,S,7687.0
2015-04-14,161,17:50:00,Tuesday,Oakwood / St.Clair,Mechanical,12,24,n,1527.0
2015-04-14,165,17:50:00,Tuesday,Weston and Finch,Mechanical,6,15,s,1396.0
2015-04-14,24,18:00:00,Tuesday,Victoria Park & Eglinton,General Delay,22,17,B/W,
2015-04-14,87,18:00:00,Tuesday,Main Stn,Mechanical,5,11,WB,7851.0
2015-04-14,49,18:01:00,Tuesday,Markland and Bloor,Mechanical,13,23,eb,7304.0
2015-04-14,45,18:03:00,Tuesday,Kipling at Penlea,Mechanical,14,31,sb,8056.0
2015-04-14,112,18:05:00,Tuesday,Kipling station,Mechanical,16,32,nb,8041.0
2015-04-14,7,18:10:00,Tuesday,Bathurst & Wilson,Mechanical,8,14,n,9013.0
2015-04-14,60,18:15:00,Tuesday,Islington and Steeles Ave West,Investigation,7,14,E,7243.0
2015-04-14,199,18:17:00,Tuesday,Alexmuir Blvd,Mechanical,4,8,EB,1742.0
2015-04-14,100,18:23:00,Tuesday,Linkwood Lane,Emergency Services,6,11,SB,7674.0
2015-04-14,100,18:23:00,Tuesday,Linkwood Lane,Diversion,33,44,SB,7561.0
2015-04-14,20,18:28:00,Tuesday,Kennedy Stn,Mechanical,14,28,W,7769.0
2015-04-14,100,18:28:00,Tuesday,Spanbridge & Linkwood Lane,Emergency Services,16,32,NB,7475.0
2015-04-14,52,18:33:00,Tuesday,Lawrence and Brookhaven,Emergency Services,13,26,w,1048.0
2015-04-14,165,18:35:00,Tuesday,Wilson and Julian,Investigation,8,15,W,1296.0
2015-04-14,45,18:37:00,Tuesday,Steeles Loop,Mechanical,14,18,sb,7334.0
2015-04-14,107,18:49:00,Tuesday,Keele and mcnaughton,Diversion,355,379,b/w,8393.0
2015-04-14,25,18:53:00,Tuesday,Don Mills Station,Utilized Off Route,3,6,NB,7484.0
2015-04-14,84,18:58:00,Tuesday,Sheppard Station,Mechanical,10,20,W,1360.0
2015-04-14,190,19:02:00,Tuesday,Midland and Progress,Diversion,50,55,NB,
2015-04-14,84,19:20:00,Tuesday,Sheppard Station,Mechanical,5,7,W,1685.0
2015-04-14,36,19:40:00,Tuesday,Humberline/Finch,Investigation,5,10,E,9115.0
2015-04-14,36,20:40:00,Tuesday,Humberline/Humber College,Investigation,6,12,E,1259.0
2015-04-14,75,21:05:00,Tuesday,Bloor & Sherbourne,Mechanical,15,30,S,8304.0
2015-04-14,44,21:14:00,Tuesday,Col sam smith Loop,Mechanical,12,24,N,8050.0
2015-04-14,105,21:30:00,Tuesday,Downsveiw Station,Mechanical,1,1,n,9041.0
2015-04-14,36,21:32:00,Tuesday,Finch Station,Mechanical,8,16,W,1255.0
2015-04-14,196,21:34:00,Tuesday,"Downsviwew, Station",Utilized Off Route,6,16,n,8421.0
2015-04-14,47,21:35:00,Tuesday,Queen st / lansdowne,Utilized Off Route,10,20,s,1552.0
2015-04-14,63,21:36:00,Tuesday,Ossington and Dundas,Utilized Off Route,6,13,N/B,1570.0
2015-04-14,51,21:40:00,Tuesday,Eglinton Station,Mechanical,20,44,nb,8391.0
2015-04-14,52,21:45:00,Tuesday,Lawrence west stn / Marlee,Mechanical,15,30,w,1000.0
2015-04-14,34,21:56:00,Tuesday,Midland & Eglinton,Mechanical,6,12,WB,7494.0
2015-04-14,38,22:13:00,Tuesday,McCowan and EllesmereRd,Mechanical,12,24,eb,1728.0
2015-04-14,9,22:24:00,Tuesday,Warden Station,Mechanical,15,0,NB,7728.0
2015-04-14,191,22:25:00,Tuesday,kipling stn,Mechanical,14,28,n/b,7901.0
2015-04-14,7,22:30:00,Tuesday,Bathurst and Dupont,Diversion,120,132,s,9022.0
2015-04-14,53,22:33:00,Tuesday,Steeles and Townsend,Mechanical,9,18,W,1722.0
2015-04-14,61,22:43:00,Tuesday,Avenue and Wilson,Mechanical,30,60,N,8155.0
2015-04-14,95,22:54:00,Tuesday,Ellesmere rd-McCowan Rd,Mechanical,10,20,WB,1741.0
2015-04-14,63,23:50:00,Tuesday,Ossington stn,Utilized Off Route,10,20,n,1501.0
2015-04-15,36,00:15:00,Wednesday,bathurst and finch,Mechanical,9,18,n/b,9119.0
2015-04-15,320,01:30:00,Wednesday,bay and queensquay,Diversion,210,217,n/b,8321.0
2015-04-15,311,04:34:00,Wednesday,Lakeshore and 8th Street,Mechanical,15,30,N,8045.0
2015-04-15,52,04:54:00,Wednesday,The Westway and Martingrove,Late Leaving Garage,0,28,e/b,1619.0
2015-04-15,95,05:00:00,Wednesday,Kingston Road Loop,Mechanical,2,0,w,1085.0
2015-04-15,116,05:05:00,Wednesday,Eglinton yard,Mechanical,7,14,s,7495.0
2015-04-15,52,05:12:00,Wednesday,weston and lawrence,Late Leaving Garage,10,20,e/b,1050.0
2015-04-15,32,05:12:00,Wednesday,Eglinton stn,Mechanical,30,44,w/b,1615.0
2015-04-15,309,05:18:00,Wednesday,Woodbine Race Track,Late Leaving Garage,10,40,E,1206.0
2015-04-15,105,05:18:00,Wednesday,Dufferin and Confederation,Late Leaving Garage,0,6,n,9403.0
2015-04-15,110,05:21:00,Wednesday,Garage / Evans and Islington,Late Leaving Garage,9,19,n,7340.0
2015-04-15,116,05:26:00,Wednesday,Eglinton yard,Mechanical,23,0,e,7571.0
2015-04-15,84,05:28:00,Wednesday,Bradstock,Late Leaving Garage,20,40,E,1336.0
2015-04-15,35,05:32:00,Wednesday,Steeles,Mechanical,5,10,S,1353.0
2015-04-15,85,05:33:00,Wednesday,Meadowvale loop,Late Leaving Garage,4,15,W,9058.0
2015-04-15,95,05:37:00,Wednesday,Kingston Road Loop,Mechanical,7,14,w,1742.0
2015-04-15,41,05:40:00,Wednesday,keele stn,Late Leaving Garage,11,22,n/b,9151.0
2015-04-15,35,05:43:00,Wednesday,Steeles,Late Leaving Garage,10,20,S,1297.0
2015-04-15,29,05:51:00,Wednesday,Princess Gate,Late Leaving Garage,6,14,n,9032.0
2015-04-15,29,05:51:00,Wednesday,Princess Gate,Late Leaving Garage,6,14,n,9032.0
2015-04-15,116,05:54:00,Wednesday,Morningside and Staines,Utilized Off Route,6,12,s,7496.0
2015-04-15,7,05:57:00,Wednesday,Bathurst and Wilson,Late Leaving Garage,12,17,s,9001.0
2015-04-15,130,06:00:00,Wednesday,Middlefield and Steeles,Late Leaving Garage,11,31,S,1134.0
2015-04-15,7,06:00:00,Wednesday,Village Gate and Steeles,Late Leaving Garage,8,29,S,9026.0
2015-04-15,7,06:03:00,Wednesday,Bathurst Sation,Late Leaving Garage,8,17,N,9032.0
2015-04-15,96,06:05:00,Wednesday,carrier at finch,Mechanical,26,52,e,1231.0
2015-04-15,139,06:07:00,Wednesday,Finch & Baldoon,Late Leaving Garage,20,40,EB,1351.0
2015-04-15,110,06:08:00,Wednesday,Garage / Longbranch,Late Leaving Garage,14,28,n,8049.0
2015-04-15,36,06:10:00,Wednesday,Finch and Arrow,Late Leaving Garage,10,21,E,9122.0
2015-04-15,107,06:18:00,Wednesday,Downsview Stn,Late Leaving Garage,23,30,n,9415.0
2015-04-15,29,06:21:00,Wednesday,Princes Gate,Mechanical,7,14,n/b,9014.0
2015-04-15,63,06:26:00,Wednesday,Eglinton W stn,Late Leaving Garage,4,8,s/b,1058.0
2015-04-15,42,06:28:00,Wednesday,Gordon Baker at Harrold Evans,Mechanical,0,9,w,8324.0
2015-04-15,89,06:29:00,Wednesday,Keele Station,Mechanical,5,10,n/b,1010.0
2015-04-15,73,06:29:00,Wednesday,garage / Royal York stn,Late Leaving Garage,30,60,n,8069.0
2015-04-15,97,06:31:00,Wednesday,Bay and Queens Quay,Diversion,30,60,S,8346.0
2015-04-15,60,06:37:00,Wednesday,COMMOMS,Late Leaving Garage,1,8,E,1371.0
2015-04-15,32,06:40:00,Wednesday,Skymark,Mechanical,6,11,e/b,1025.0
2015-04-15,39,06:47:00,Wednesday,Old Finch,Late Leaving Garage,15,30,WB,1147.0
2015-04-15,39,06:50:00,Wednesday,Nelson & Crow Trail,Mechanical,3,7,WB,1738.0
2015-04-15,45,06:52:00,Wednesday,KIPLING & STEELES,Late Leaving Garage,6,12,S,7343.0
2015-04-15,112,06:55:00,Wednesday,KIPLING STATION,Late Leaving Garage,15,30,N,7340.0
2015-04-15,41,07:00:00,Wednesday,Keele Station,Late Leaving Garage,13,26,n/b,1420.0
2015-04-15,42,07:00:00,Wednesday,V. Park and McNicill,Late Leaving Garage,8,15,e,8342.0
2015-04-15,100,07:05:00,Wednesday,Wynford and Gervais,Diversion,39,49,e,7491.0
2015-04-15,14,07:09:00,Wednesday,caledonia,Late Leaving Garage,15,30,e/b,1501.0
2015-04-15,134,07:09:00,Wednesday,Scarborough Town Centre,Mechanical,2,8,e,1148.0
2015-04-15,191,07:12:00,Wednesday,Kipling station,Mechanical,4,9,N,7918.0
2015-04-15,36,07:15:00,Wednesday,Finch West route,General Delay,16,21,E,9121.0
2015-04-15,196,07:19:00,Wednesday,Downsview Stn,Late Leaving Garage,2,4,n,8304.0
2015-04-15,106,07:21:00,Wednesday,Downsview Stn,Mechanical,7,14,n,9443.0
2015-04-15,106,07:28:00,Wednesday,Downsview Stn,Mechanical,7,14,n,9443.0
2015-04-15,145,07:29:00,Wednesday,Garage / Kipling and Lakeshore,Late Leaving Garage,18,36,e,7957.0
2015-04-15,52,07:30:00,Wednesday,entire route,General Delay,11,35,b/w,
2015-04-15,14,07:30:00,Wednesday,entire route,General Delay,15,45,b/w,
2015-04-15,29,07:30:00,Wednesday,Wilson stn to Springhurst,General Delay,12,16,b/w,
2015-04-15,75,07:44:00,Wednesday,Adelaide and Sherbourne,Investigation,6,12,s,8314.0
2015-04-15,61,08:00:00,Wednesday,Eglinton stn to Bombay loop,General Delay,17,27,b/w,
2015-04-15,33,08:00:00,Wednesday,Forrest Hill,General Delay,15,20,BW,8336.0
2015-04-15,39,08:00:00,Wednesday,Finch station to Neilson & Crow Trail,General Delay,8,14,B/W,1110.0
2015-04-15,5,08:00:00,Wednesday,Eglinton stn to Elm ave,General Delay,22,34,b/w,
2015-04-15,199,08:00:00,Wednesday,Finch station to STC,General Delay,8,10,B/W,1814.0
2015-04-15,24,08:00:00,Wednesday,From Victoria Park Stn to Steeles,General Delay,18,13,B/W,
2015-04-15,51,08:00:00,Wednesday,Eglinton stn to Townsend,General Delay,16,28,b/w,
2015-04-15,54,08:03:00,Wednesday,Lawrence rt,Utilized Off Route,9,19,eb,7524.0
2015-04-15,86,08:05:00,Wednesday,Eglinton and Markham,Mechanical,15,30,e,7531.0
2015-04-15,54,08:12:00,Wednesday,Lawrence rt,Utilized Off Route,6,12,wb,7446.0
2015-04-15,144,08:14:00,Wednesday,Lawrence Underhill rd,Mechanical,27,42,sb,7580.0
2015-04-15,94,08:15:00,Wednesday,From Castlefrank Stn to Ossington Stn,General Delay,22,18,B/W,
2015-04-15,196,08:28:00,Wednesday,Sheppard Stn,Utilized Off Route,7,15,,9403.0
2015-04-15,97,08:30:00,Wednesday,Yonge St Route,General Delay,30,60,BW,
2015-04-15,45,08:34:00,Wednesday,KIPLING & Viking,Investigation,6,12,s,7333.0
2015-04-15,141,08:35:00,Wednesday,Redpath and Eglinton,Utilized Off Route,0,25,s/b,1626.0
2015-04-15,165,08:35:00,Wednesday,wilson at ridge,Investigation,1,1,e,1327.0
2015-04-15,45,08:36:00,Wednesday,KIPLING STATION,Mechanical,12,18,N,7306.0
2015-04-15,26,08:42:00,Wednesday,Dupont and Symington,Mechanical,16,32,w/b,1041.0
2015-04-15,80,08:43:00,Wednesday,Keele Station,Mechanical,30,58,W,7342.0
2015-04-15,96,08:59:00,Wednesday,wilson at keele,Mechanical,17,34,e,7251.0
2015-04-15,63,09:00:00,Wednesday,Oakwood Loop,Investigation,8,12,s/b,1676.0
2015-04-15,86,09:02:00,Wednesday,kennedy station,Investigation,5,10,e,7473.0
2015-04-15,48,09:05:00,Wednesday,Rathburn and Melbert,Mechanical,11,22,w,8038.0
2015-04-15,63,09:10:00,Wednesday,Eglinton W stn,Mechanical,12,24,s/b,1061.0
2015-04-15,95,09:30:00,Wednesday,Yorkmills both ways from Leslie to station,General Delay,8,16,B/W,1089.0
2015-04-15,35,09:30:00,Wednesday,Jane stn to all Branches,General Delay,1,1,Sb,1.0
2015-04-15,63,09:39:00,Wednesday,Eglinton W stn,Mechanical,8,15,s/b,1659.0
2015-04-15,115,09:39:00,Wednesday,Bannatyne,Mechanical,20,40,w/b,8145.0
2015-04-15,29,09:48:00,Wednesday,Dufferin at Queen,Mechanical,4,8,n/b,8306.0
2015-04-15,86,09:50:00,Wednesday,Kennedy station,Investigation,10,20,e,7473.0
2015-04-15,196,09:51:00,Wednesday,Downsview Stn,Utilized Off Route,2,4,n,8313.0
2015-04-15,96,10:00:00,Wednesday,wilson stn,Mechanical,9,18,e,7211.0
2015-04-15,36,10:00:00,Wednesday,Finch West @ Bathurst,General Delay,17,23,B,9133.0
2015-04-15,195,10:00:00,Wednesday,Commons o Jane stn,General Delay,1,1,BW,1.0
2015-04-15,32,10:04:00,Wednesday,Eglinton and Duplex,Investigation,5,14,e/b,1537.0
2015-04-15,29,10:30:00,Wednesday,Dufferin and tycos,Mechanical,4,8,s/b,9037.0
2015-04-15,68,10:35:00,Wednesday,Warden and steeles,Mechanical,9,19,SB,7656.0
2015-04-15,196,10:50:00,Wednesday,Downsview Stn,Mechanical,3,5,w,9435.0
2015-04-15,40,10:50:00,Wednesday,Dundas W stn,Mechanical,10,20,59294,7955.0
2015-04-15,196,10:50:00,Wednesday,Downsview Stn.,Mechanical,3,5,w,9435.0
2015-04-15,196,10:52:00,Wednesday,Downsview Stn,Mechanical,3,5,w,9424.0
2015-04-15,96,11:22:00,Wednesday,wilson and clayson,Mechanical,18,36,w,1236.0
2015-04-15,35,11:30:00,Wednesday,Steeles To Jane Stn,General Delay,10,20,B/W,
2015-04-15,196,11:34:00,Wednesday,Sheppard Stn,Mechanical,3,5,w,9439.0
2015-04-15,32,11:55:00,Wednesday,Eglinton and Little,Emergency Services,13,26,E/b,1057.0
2015-04-15,41,11:56:00,Wednesday,Keele Station,Mechanical,9,18,n/b,1420.0
2015-04-15,116,11:58:00,Wednesday,Morningside and Greyabby Trail,Mechanical,10,20,e,7495.0
2015-04-15,195,12:00:00,Wednesday,York University To Jane Stn,General Delay,10,20,B/W,
2015-04-15,54,12:06:00,Wednesday,Lawrance and Scarborough Golf club,Investigation,13,26,EB,7521.0
2015-04-15,52,12:14:00,Wednesday,dixon and jetliner,Mechanical,15,30,e/b,1672.0
2015-04-15,7,12:15:00,Wednesday,Bathurst and Eglinton,Mechanical,9,18,S,9032.0
2015-04-15,7,12:15:00,Wednesday,Bathurst and Eglinton,Investigation,9,18,S,9007.0
2015-04-15,95,12:20:00,Wednesday,E/B Ellesmere and Pharmacy,Mechanical,8,15,E,1108.0
2015-04-15,52,12:28:00,Wednesday,royal york and lawrence,Mechanical,15,30,w/b,1240.0
2015-04-15,11,12:30:00,Wednesday,Davisville stn / Steeles,General Delay,20,29,B/W,
2015-04-15,51,12:30:00,Wednesday,Eglinton stn / Steeles,General Delay,14,29,B/W,
2015-04-15,61,12:30:00,Wednesday,Eglinton stn / Boombay loop,General Delay,9,15,B/W,
2015-04-15,56,12:30:00,Wednesday,Eglinton stn / Donland stn,General Delay,15,30,B/W,
2015-04-15,165,12:58:00,Wednesday,Weston and Habitant,Investigation,9,18,S,1356.0
2015-04-15,81,13:00:00,Wednesday,Pape and Aldwycn,Mechanical,10,20,W,8120.0
2015-04-15,95,13:00:00,Wednesday,Don Mills to Leslie,General Delay,10,0,BW,
2015-04-15,40,13:00:00,Wednesday,DUNDAS AND KEELE,General Delay,10,15,bw,
2015-04-15,24,13:10:00,Wednesday,Victoria Park Station,Mechanical,10,20,NB,7797.0
2015-04-15,11,13:24:00,Wednesday,Davisville stn,Mechanical,10,20,n,8146.0
2015-04-15,88,13:30:00,Wednesday,St Clair Stn,Mechanical,15,30,,9441.0
2015-04-15,25,13:32:00,Wednesday,Don Mills Station,Mechanical,3,6,NB,7440.0
2015-04-15,52,13:46:00,Wednesday,Lawrence and Bathurst,Mechanical,15,30,w,1647.0
2015-04-15,5,14:00:00,Wednesday,Eglinton stn / Queens Park,General Delay,10,18,B/W,
2015-04-15,7,14:00:00,Wednesday,Village Gate-Bathurst Stn.,General Delay,9,20,S/N,
2015-04-15,7,14:03:00,Wednesday,Bathurst & Wilson,Mechanical,9,18,n,9021.0
2015-04-15,105,14:15:00,Wednesday,Downsview Stn,Mechanical,15,30,w,9421.0
2015-04-15,165,14:17:00,Wednesday,Weson and Finch,Late Leaving Garage,1,17,N,1260.0
2015-04-15,96,14:20:00,Wednesday,York Mills Stn.,Mechanical,19,39,W,7225.0
2015-04-15,6,14:22:00,Wednesday,Mount Dennis Garage,Mechanical,10,30,S,1592.0
2015-04-15,165,14:27:00,Wednesday,Westona nd Finch,Utilized Off Route,8,23,N,1327.0
2015-04-15,41,14:30:00,Wednesday,Entire route,General Delay,20,40,b/w,
2015-04-15,79,14:30:00,Wednesday,Entire Route,General Delay,12,24,B/W,
2015-04-15,97,14:30:00,Wednesday,Bay and Queens Quay,Diversion,300,330,sb,8362.0
2015-04-15,52,14:30:00,Wednesday,Entire route,General Delay,18,15,b/w,
2015-04-15,6,14:32:00,Wednesday,Mount Dennis Garage,Mechanical,20,30,S,1585.0
2015-04-15,25,14:38:00,Wednesday,Fenelon Loop,Mechanical,3,6,NB,7490.0
2015-04-15,68,14:50:00,Wednesday,Eglinton Yard,Late Leaving Garage,9,18,SB,7424.0
2015-04-15,79,14:51:00,Wednesday,Pine and Lawrence,Late Leaving Garage,12,24,S/.B,1624.0
2015-04-15,196,14:53:00,Wednesday,Downsview Stn,Utilized Off Route,3,5,w,8134.0
2015-04-15,7,14:55:00,Wednesday,Bathurst Stn.,Mechanical,9,15,S,9001.0
2015-04-15,29,15:00:00,Wednesday,Nunavut and Princes' Blvd,Diversion,72,77,W,9049.0
2015-04-15,47,15:00:00,Wednesday,Entire route,General Delay,10,20,B/W,
2015-04-15,25,15:00:00,Wednesday,Don Mills Road Overlea to Don Mills Station,General Delay,10,17,BW,
2015-04-15,63,15:00:00,Wednesday,Entire Route,General Delay,10,20,B/W,
2015-04-15,100,15:00:00,Wednesday,Bayview Ave to Leslie St,General Delay,20,30,EB,
2015-04-15,34,15:00:00,Wednesday,Bayview Ave to Leslie St,General Delay,20,30,EB,
2015-04-15,89,15:00:00,Wednesday,Entire route,General Delay,8,15,b/w,
2015-04-15,191,15:00:00,Wednesday,Highway27/Finch.,Investigation,5,10,s,7917.0
2015-04-15,109,15:00:00,Wednesday,Eglinton W.-Neptune,General Delay,15,30,S/N,
2015-04-15,199,15:03:00,Wednesday,Scarborough Town Centre,Mechanical,4,8,NB,1719.0
2015-04-15,25,15:05:00,Wednesday,Don Mills and Overlea,Investigation,3,6,NB,7666.0
2015-04-15,195,15:06:00,Wednesday,Jane Stn,Late Leaving Garage,10,20,N/b,1318.0
2015-04-15,7,15:08:00,Wednesday,Bathurst-Wilson,Mechanical,6,15,S,8305.0
2015-04-15,96,15:12:00,Wednesday,Woodbine Downs and Carrier,Mechanical,1,19,E,1732.0
2015-04-15,23,15:15:00,Wednesday,Main Station,Mechanical,7,14,SB,7745.0
2015-04-15,86,15:19:00,Wednesday,Kennedy Station,Late Leaving Garage,1,1,NB,7664.0
2015-04-15,102,15:22:00,Wednesday,Warden Station,Mechanical,11,22,nb,7782.0
2015-04-15,131,15:23:00,Wednesday,Kennedy Stn,Late Leaving Garage,9,17,S/B,1140.0
2015-04-15,132,15:24:00,Wednesday,STC,Late Leaving Garage,12,24,E,1721.0
2015-04-15,160,15:30:00,Wednesday,Wilson Stn- promenade,General Delay,20,30,S/N,
2015-04-15,90,15:30:00,Wednesday,Duncan Shops,Late Leaving Garage,8,15,n,9430.0
2015-04-15,131,15:32:00,Wednesday,Kennedy Stn,Late Leaving Garage,8,16,S/B,1138.0
2015-04-15,34,15:39:00,Wednesday,Eglinton Ave & Leslie St,Investigation,4,8,WB,7635.0
2015-04-15,142,15:44:00,Wednesday,Queen / Boombay,General Delay,10,14,B/W,
2015-04-15,52,15:44:00,Wednesday,Garage,Late Leaving Garage,16,32,e,1626.0
2015-04-15,116,15:47:00,Wednesday,Staines / Morningside,Mechanical,6,12,SB,7569.0
2015-04-15,36,16:00:00,Wednesday,Finch route,General Delay,5,15,B/W,
2015-04-15,26,16:00:00,Wednesday,Entire Route,General Delay,14,28,B/W,
2015-04-15,23,16:00:00,Wednesday,Dawes rd route,General Delay,8,1,B/W,
2015-04-15,94,16:00:00,Wednesday,Castlefrank Station to Ossington Station,General Delay,1,1,BW,
2015-04-15,24,16:00:00,Wednesday,Victoria Park Station to Steeles,General Delay,15,1,BW,
2015-04-15,10,16:00:00,Wednesday,Downsview Stn,Late Leaving Garage,15,30,e,9424.0
2015-04-15,161,16:00:00,Wednesday,Entire route,General Delay,10,22,B/W,
2015-04-15,196,16:02:00,Wednesday,Downsview Stn,Utilized Off Route,7,14,e,8204.0
2015-04-15,196,16:05:00,Wednesday,Downsview Station,Utilized Off Route,3,8,nb,9431.0
2015-04-15,92,16:08:00,Wednesday,Woodbine Station,Utilized Off Route,9,18,SB,7868.0
2015-04-15,95,16:23:00,Wednesday,U of T Loop,Mechanical,12,24,WB,1712.0
2015-04-15,123,16:26:00,Wednesday,Browns Line/Jellicoe,Investigation,9,18,s/b,7331.0
2015-04-15,54,16:27:00,Wednesday,Laird and Eglinton,General Delay,11,22,EB,7444.0
2015-04-15,6,16:34:00,Wednesday,Bay St. and Bloor St. West,Mechanical,5,10,S,1287.0
2015-04-15,102,16:36:00,Wednesday,Warden Station,Utilized Off Route,11,22,nb,7813.0
2015-04-15,198,16:40:00,Wednesday,Kennedy Station,Utilized Off Route,10,20,NB,7558.0
2015-04-15,108,16:52:00,Wednesday,Jane and Driftwood,Mechanical,14,28,S,1333.0
2015-04-15,68,16:52:00,Wednesday,Warden and Fairfax,Mechanical,18,36,NB,7511.0
2015-04-15,195,16:57:00,Wednesday,Jane and Sheppard.,Mechanical,10,20,S/b,1404.0
2015-04-15,39,17:00:00,Wednesday,Entire Line,General Delay,20,24,BW,
2015-04-15,89,17:00:00,Wednesday,Weston rd / Ray,Mechanical,7,14,e,1625.0
2015-04-15,199,17:00:00,Wednesday,Entire Line,General Delay,20,24,BW,
2015-04-15,144,17:00:00,Wednesday,DVP NB,General Delay,15,25,NB,
2015-04-15,108,17:00:00,Wednesday,Entire 108 Downsview Route,General Delay,8,16,B/W,
2015-04-15,145,17:10:00,Wednesday,EXHIBITION GROUNDS,General Delay,30,60,bw,
2015-04-15,53,17:13:00,Wednesday,Markham & Passmore,Mechanical,15,26,W,9060.0
2015-04-15,29,17:30:00,Wednesday,Bridgeland,General Delay,12,16,N,
2015-04-15,95,17:59:00,Wednesday,Kingston Road Loop,Mechanical,9,18,WB,1304.0
2015-04-15,53,18:00:00,Wednesday,Finch Stn to Staines,General Delay,10,15,E/W,
2015-04-15,86,18:00:00,Wednesday,meadowvale loop,Utilized Off Route,1,1,SB,7538.0
2015-04-15,47,18:00:00,Wednesday,Lansdowne Ave. and Dundas St.West,Mechanical,26,52,S,1544.0
2015-04-15,199,18:06:00,Wednesday,Finch Station,Mechanical,4,8,EB,1718.0
2015-04-15,57,18:16:00,Wednesday,Kennedy Station,Mechanical,18,36,N,7799.0
2015-04-15,85,18:16:00,Wednesday,Sheppard @ Leslie,Mechanical,16,32,E,1071.0
2015-04-15,95,18:16:00,Wednesday,Ellesmere and Warden,Diversion,17,21,WB,1107.0
2015-04-15,24,18:25:00,Wednesday,Victoria Park and Steeles,Mechanical,7,14,SB,7699.0
2015-04-15,132,18:26:00,Wednesday,Milner and Markham,Mechanical,12,24,E,1703.0
2015-04-15,196,18:27:00,Wednesday,Downsview Station,Utilized Off Route,3,6,9414,196.0
2015-04-15,771,18:30:00,Wednesday,Springhurst loop,Utilized Off Route,1,1,N,8393.0
2015-04-15,85,18:32:00,Wednesday,Don Mills Stn,Utilized Off Route,6,12,E,9079.0
2015-04-15,61,18:32:00,Wednesday,Eglinton stn,Utilized Off Route,12,24,n,8369.0
2015-04-15,29,18:33:00,Wednesday,Springhurst loop,Emergency Services,5,10,S,9054.0
2015-04-15,84,18:55:00,Wednesday,Bathurst and Sheppard,Investigation,5,10,E,1284.0
2015-04-15,54,18:57:00,Wednesday,Warden and Lawrence,Mechanical,9,18,EB,7611.0
2015-04-15,196,19:02:00,Wednesday,Downsview Station,Utilized Off Route,4,8,n,8322.0
2015-04-15,21,19:07:00,Wednesday,STC,Utilized Off Route,0,0,WB,7779.0
2015-04-15,24,19:12:00,Wednesday,VP Station,Utilized Off Route,1,1,WB,8125.0
2015-04-15,25,19:15:00,Wednesday,pape Station,Utilized Off Route,1,1,NB,7596.0
2015-04-15,196,19:20:00,Wednesday,The Commons,Utilized Off Route,3,6,s,9411.0
2015-04-15,7,19:20:00,Wednesday,Bathurst-Wilson,Mechanical,7,14,S,9008.0
2015-04-15,25,19:20:00,Wednesday,Don Mills and Finch,Diversion,50,55,NB,
2015-04-15,106,19:24:00,Wednesday,The Commons,Mechanical,1,1,S,9401.0
2015-04-15,132,19:24:00,Wednesday,Hupfield @ Sewells,Mechanical,12,24,W,1703.0
2015-04-15,22,19:28:00,Wednesday,Bingham loop,Mechanical,10,20,WB,7851.0
2015-04-15,32,19:38:00,Wednesday,Trethewey and Yore,Investigation,8,16,E/b,1678.0
2015-04-15,43,19:44:00,Wednesday,Kenendy STN,Mechanical,15,30,NB,7418.0
2015-04-15,160,19:48:00,Wednesday,Promenade Mall,Mechanical,16,39,n,8368.0
2015-04-15,196,19:54:00,Wednesday,Downsveiw Station,Mechanical,4,8,n,9403.0
2015-04-15,198,20:10:00,Wednesday,Kennedy Station,Mechanical,10,20,NB,7412.0
2015-04-15,36,20:14:00,Wednesday,Albion/Finch,Investigation,6,9,E,9114.0
2015-04-15,199,20:20:00,Wednesday,Birchmount,Mechanical,4,8,EB,1824.0
2015-04-15,196,20:43:00,Wednesday,Downsview Station,Utilized Off Route,4,8,n,8321.0
2015-04-15,160,21:00:00,Wednesday,Wilson Station,Mechanical,18,51,N,8141.0
2015-04-15,196,21:02:00,Wednesday,Sheppard Station,Mechanical,12,24,W,9415.0
2015-04-15,95,21:22:00,Wednesday,Ellesmere and Pharmacy,Mechanical,14,28,eb,1829.0
2015-04-15,54,21:59:00,Wednesday,Eglinton Station,Mechanical,16,32,EB,7419.0
2015-04-15,47,22:20:00,Wednesday,Lansdowne / Queen,Utilized Off Route,10,20,n,1580.0
2015-04-15,168,23:01:00,Wednesday,Symington at Davenport,Investigation,12,24,S,8020.0
2015-04-15,52,23:30:00,Wednesday,Tollington / Martingrove,Mechanical,10,21,e,1659.0
2015-04-15,52,23:55:00,Wednesday,Westwood mall,Mechanical,21,42,e,1543.0
2015-04-16,84,00:18:00,Thursday,bradstock,Mechanical,12,24,e/b,1329.0
2015-04-16,107,02:32:00,Thursday,Downsview station,Mechanical,22,44,N,9412.0
2015-04-16,116,03:05:00,Thursday,Eglinton and Beachell St,Investigation,20,40,wb,7433.0
2015-04-16,172,04:59:00,Thursday,York & Wellington,Late Leaving Garage,15,30,E/B,8117.0
2015-04-16,100,05:02:00,Thursday,Eglinton Yard,Mechanical,1,1,ob,7570.0
2015-04-16,116,05:11:00,Thursday,Eglinton Yard,Mechanical,6,12,e,7484.0
2015-04-16,63,05:15:00,Thursday,Canniff and Strachan,Late Leaving Garage,0,13,n/b,1022.0
2015-04-16,29,05:16:00,Thursday,Wilson stn,Mechanical,9,19,s/b,9010.0
2015-04-16,68,05:26:00,Thursday,Warden Danforth Rd,Late Leaving Garage,10,29,nb,7606.0
2015-04-16,109,05:30:00,Thursday,Neptune and Rajah,Diversion,1208,1223,E,8356.0
2015-04-16,75,05:30:00,Thursday,Lower Jarvis and Esplanade,Diversion,998,992,E,8208.0
2015-04-16,133,05:42:00,Thursday,MOFI,Late Leaving Garage,9,18,s,1078.0
2015-04-16,35,05:45:00,Thursday,Jane stn,Late Leaving Garage,10,20,N,1378.0
2015-04-16,116,05:46:00,Thursday,Eglinton Yard,Mechanical,6,12,e,7640.0
2015-04-16,104,05:47:00,Thursday,Downsview stn,Late Leaving Garage,11,0,s,8154.0
2015-04-16,116,05:50:00,Thursday,Eglinton Yard,Mechanical,6,12,e,7509.0
2015-04-16,60,05:50:00,Thursday,Martingrove Loop,Late Leaving Garage,10,20,E,1236.0
2015-04-16,35,05:50:00,Thursday,Jane Stn,Late Leaving Garage,10,20,N,1364.0
2015-04-16,116,05:54:00,Thursday,Morningside and Staines,Utilized Off Route,6,12,s,7622.0
2015-04-16,53,05:57:00,Thursday,Yonge and Drewry,Mechanical,4,12,s,1707.0
2015-04-16,199,06:03:00,Thursday,STC,Late Leaving Garage,3,6,WB,1097.0
2015-04-16,29,06:07:00,Thursday,Dufferin at Tycos,Late Leaving Garage,7,14,s/b,9014.0
2015-04-16,36,06:10:00,Thursday,Finch and Arrow,Late Leaving Garage,10,21,E,1275.0
2015-04-16,11,06:11:00,Thursday,Sunnybrook,Late Leaving Garage,15,30,s,8373.0
2015-04-16,60,06:13:00,Thursday,FSTN,Late Leaving Garage,7,14,W,1375.0
2015-04-16,11,06:13:00,Thursday,Steeles loop,Mechanical,13,26,s,8359.0
2015-04-16,7,06:14:00,Thursday,Bathurst and Wilson,Late Leaving Garage,7,15,S,9019.0
2015-04-16,29,06:15:00,Thursday,Dufferin and tycos,Mechanical,7,14,s/b,9042.0
2015-04-16,88,06:16:00,Thursday,Laird,Late Leaving Garage,10,20,n,9449.0
2015-04-16,196,06:17:00,Thursday,York U Commons,Late Leaving Garage,5,10,s,9436.0
2015-04-16,16,06:20:00,Thursday,Warden Station,Late Leaving Garage,9,18,NBN,7750.0
2015-04-16,102,06:22:00,Thursday,Warden Station,Mechanical,5,8,NB,7831.0
2015-04-16,29,06:23:00,Thursday,Dufferin and tycos,Mechanical,7,14,s/b,9035.0
2015-04-16,53,06:24:00,Thursday,Passmore and Markham,Mechanical,4,9,w,1071.0
2015-04-16,100,06:25:00,Thursday,Broadview station,Mechanical,3,10,e,7595.0
2015-04-16,67,06:28:00,Thursday,Crossland & Penworth,Mechanical,17,34,s/b,7653.0
2015-04-16,102,06:30:00,Thursday,Dynamic south of Passmore,Mechanical,5,10,NB,7851.0
2015-04-16,95,06:30:00,Thursday,Ellesmere R.T. Station,Mechanical,8,16,w,9409.0
2015-04-16,199,06:31:00,Thursday,STC,Late Leaving Garage,2,5,WB,1775.0
2015-04-16,32,06:33:00,Thursday,Eglinton stn,Late Leaving Garage,5,10,w/b,1035.0
2015-04-16,112,06:34:00,Thursday,Kipling Station,Mechanical,15,30,,8002.0
2015-04-16,112,06:34:00,Thursday,Kipling Station,Late Leaving Garage,15,30,,8002.0
2015-04-16,36,06:34:00,Thursday,Humberwood loop,Late Leaving Garage,5,11,E,9134.0
2015-04-16,45,06:38:00,Thursday,Kipling Steeles,Late Leaving Garage,0,0,,8036.0
2015-04-16,32,06:41:00,Thursday,Pine and Lawrence,Mechanical,5,10,w/b,1244.0
2015-04-16,199,06:42:00,Thursday,STC,Late Leaving Garage,2,5,WB,1757.0
2015-04-16,73,06:44:00,Thursday,Garage / Royal Yorl stn,Late Leaving Garage,30,60,n,8038.0
2015-04-16,73,06:45:00,Thursday,Royal York stn,Utilized Off Route,15,30,n,8080.0
2015-04-16,70,06:45:00,Thursday,Warden stn,Mechanical,18,36,wb,7503.0
2015-04-16,44,06:48:00,Thursday,COL> SMITH LOOP,Mechanical,7,14,N,8082.0
2015-04-16,36,06:50:00,Thursday,Finch and Yorkgate,Mechanical,12,23,W,1701.0
2015-04-16,192,06:55:00,Thursday,Garage Queensway,Late Leaving Garage,10,20,,8000.0
2015-04-16,60,07:02:00,Thursday,COMMOMS,Mechanical,7,14,E,1260.0
2015-04-16,7,07:07:00,Thursday,Bathurst and wilson,Late Leaving Garage,5,10,S,9049.0
2015-04-16,53,07:11:00,Thursday,Finch Station,Mechanical,14,26,e,9067.0
2015-04-16,36,07:15:00,Thursday,Finch and Weston,Mechanical,12,23,E,1335.0
2015-04-16,96,07:17:00,Thursday,Yorkmills stn,Late Leaving Garage,22,44,w,1294.0
2015-04-16,161,07:20:00,Thursday,Lampton and Rockcliffe,Mechanical,11,22,e/b,1658.0
2015-04-16,199,07:26:00,Thursday,Finch & Victoria Park,Mechanical,3,6,eb,1738.0
2015-04-16,196,07:29:00,Thursday,Downsview stn,Late Leaving Garage,2,4,n,8363.0
2015-04-16,32,07:30:00,Thursday,Eglinton stn,Utilized Off Route,5,10,w/b,1216.0
2015-04-16,122,07:30:00,Thursday,Yorkmills stn to Roywood,General Delay,12,22,b/w,
2015-04-16,94,07:34:00,Thursday,Wellington Stn,Late Leaving Garage,12,24,E,7767.0
2015-04-16,96,07:38:00,Thursday,wilson at keele,Mechanical,16,32,w,1353.0
2015-04-16,41,07:38:00,Thursday,Keele and Petrolia,Mechanical,11,22,s/b,9142.0
2015-04-16,141,07:40:00,Thursday,Redpath and Eglinton,Late Leaving Garage,30,60,s/b,1502.0
2015-04-16,100,07:49:00,Thursday,Spanbridge & Grenoble,Mechanical,3,6,w/b,7612.0
2015-04-16,199,07:54:00,Thursday,Finch station,Mechanical,3,6,EB,1795.0
2015-04-16,199,08:00:00,Thursday,Finch station to Scarborough Town Centre,General Delay,8,15,B/W,1711.0
2015-04-16,39,08:00:00,Thursday,Finch station to Neilson & Crow Trail,General Delay,8,15,B/W,1098.0
2015-04-16,199,08:00:00,Thursday,Finch station,Mechanical,2,5,EB,1795.0
2015-04-16,53,08:00:00,Thursday,Finch Station to Morningside and Staines,General Delay,14,8,bw,
2015-04-16,51,08:00:00,Thursday,Eglinton stn to Townsend,General Delay,15,30,b/w,
2015-04-16,61,08:00:00,Thursday,Eglinton stn to Bombay loop,General Delay,10,20,b/w,
2015-04-16,5,08:00:00,Thursday,Eglinton stn to Elm ave,General Delay,15,30,b/w,
2015-04-16,33,08:00:00,Thursday,Forrest Hill,General Delay,15,20,BW,8327.0
2015-04-16,5,08:03:00,Thursday,Queenspark circle,Mechanical,12,24,n/b,8307.0
2015-04-16,60,08:14:00,Thursday,Steeles at Cactus,Mechanical,7,14,E,1410.0
2015-04-16,94,08:15:00,Thursday,From Castlefrank Stn to Ossington,General Delay,19,15,B/W,
2015-04-16,95,08:30:00,Thursday,W/b Yorkmills from Scarsdale,General Delay,8,17,W,1787.0
2015-04-16,60,08:30:00,Thursday,FSTN,Mechanical,7,14,W,1521.0
2015-04-16,196,08:33:00,Thursday,Downsview stn,Utilized Off Route,2,4,n,9424.0
2015-04-16,69,08:46:00,Thursday,Warden and Firvalley,Mechanical,6,12,NB,8101.0
2015-04-16,54,08:46:00,Thursday,Lawrence Don Mills,Mechanical,6,12,eb,7568.0
2015-04-16,74,08:50:00,Thursday,MT. Pleasant route,General Delay,158,30,,
2015-04-16,37,08:50:00,Thursday,Islington Ave and Duncanwood Ave,Emergency Services,7,14,N,7907.0
2015-04-16,116,08:56:00,Thursday,Guildwood & Prince Philip,Investigation,7,14,WB,7471.0
2015-04-16,8,08:57:00,Thursday,Broadview & Cosburn,Investigation,30,60,N,7842.0
2015-04-16,54,08:59:00,Thursday,Don Mills Lawrence,Utilized Off Route,6,12,eb,7568.0
2015-04-16,195,09:00:00,Thursday,Commons,General Delay,1,1,BW,1.0
2015-04-16,97,09:00:00,Thursday,Yonge St,General Delay,30,60,,
2015-04-16,87,09:01:00,Thursday,Broadview Stn,Utilized Off Route,7,15,E,7835.0
2015-04-16,196,09:06:00,Thursday,Downsview stn,Utilized Off Route,2,4,n,9414.0
2015-04-16,196,09:19:00,Thursday,Downsview Stn,Utilized Off Route,2,7,,9442.0
2015-04-16,92,09:20:00,Thursday,Woodbine Station,Utilized Off Route,12,24,sb,7780.0
2015-04-16,60,09:20:00,Thursday,Yonge st @ Abitibi,Investigation,7,14,S,7245.0
2015-04-16,61,09:22:00,Thursday,Bombay loop,Mechanical,10,20,s/b,8354.0
2015-04-16,35,09:37:00,Thursday,Jane stn,Investigation,10,20,N,1213.0
2015-04-16,35,09:38:00,Thursday,Emmett,Investigation,5,10,S,7905.0
2015-04-16,116,09:57:00,Thursday,Kennedy station,Investigation,10,20,57017,7556.0
2015-04-16,35,10:00:00,Thursday,Gordon Mackay,General Delay,1,1,SB,1.0
2015-04-16,29,10:08:00,Thursday,Wilson stn,Mechanical,6,12,s/b,9039.0
2015-04-16,53,10:17:00,Thursday,Steeles and Willowdale,Mechanical,6,12,w,1799.0
2015-04-16,196,10:18:00,Thursday,Downsview Station,Utilized Off Route,2,4,N,8369.0
2015-04-16,196,10:19:00,Thursday,Downsview station.,Utilized Off Route,2,4,S,8369.0
2015-04-16,110,10:21:00,Thursday,Islington Av and Nordin Av,Investigation,18,36,S,7976.0
2015-04-16,165,10:37:00,Thursday,wilson at clayson,Mechanical,9,18,e,1297.0
2015-04-16,196,10:44:00,Thursday,Downsview station.,Mechanical,3,6,N,9424.0
2015-04-16,107,10:51:00,Thursday,Tangers Road at Finch ave West,Mechanical,14,28,N,8313.0
2015-04-16,165,10:55:00,Thursday,wilson at clayson,Mechanical,9,18,e,1297.0
2015-04-16,32,10:58:00,Thursday,Pine and Lawrence,Mechanical,13,26,e/b,1513.0
2015-04-16,196,11:06:00,Thursday,Downsview station,Utilized Off Route,10,20,S,8164.0
2015-04-16,60,11:08:00,Thursday,FSTN,Mechanical,13,26,N,1207.0
2015-04-16,195,11:40:00,Thursday,Finch Av,Investigation,10,20,n,1399.0
2015-04-16,68,11:49:00,Thursday,Warden and Lawrance,Investigation,13,42,NB,7679.0
2015-04-16,38,11:50:00,Thursday,Ellesmere and Military Trail,Mechanical,6,12,W,1085.0
2015-04-16,35,12:01:00,Thursday,Jane Stn,Mechanical,8,16,N/b,1701.0
2015-04-16,106,12:20:00,Thursday,Downsview station.,Mechanical,10,20,S,9421.0
2015-04-16,196,12:25:00,Thursday,Downsview station.,Mechanical,3,6,N,9442.0
2015-04-16,51,12:30:00,Thursday,Eglinton stn / Donlands stn,General Delay,16,28,b/w,
2015-04-16,5,12:30:00,Thursday,Eglinton stn / Queen Park,General Delay,14,28,b/w,
2015-04-16,56,12:30:00,Thursday,Eglinton stn / Donlands stn,General Delay,14,28,b/w,
2015-04-16,61,12:30:00,Thursday,Eglinton stn / Boombay,General Delay,8,14,b/w,
2015-04-16,11,12:30:00,Thursday,Davisville stn / Steeles,General Delay,12,25,b/w,
2015-04-16,95,12:30:00,Thursday,Don Mills to Leslie,General Delay,10,1,BW,
2015-04-16,199,12:31:00,Thursday,Finch & Midland,Mechanical,5,9,EB,1825.0
2015-04-16,100,12:35:00,Thursday,BSTN,Utilized Off Route,7,14,N,7552.0
2015-04-16,102,12:36:00,Thursday,Warden Stn,Utilized Off Route,14,28,N/B,7796.0
2015-04-16,24,12:40:00,Thursday,Victoria Park Station,Utilized Off Route,10,20,N/B,7829.0
2015-04-16,100,12:42:00,Thursday,BSTN,Utilized Off Route,7,14,N,7578.0
2015-04-16,95,12:54:00,Thursday,Ellesmere and Principal,Investigation,7,14,WB,1403.0
2015-04-16,23,13:00:00,Thursday,Dawes rd route,General Delay,10,1,B/W,
2015-04-16,21,13:07:00,Thursday,Brimley and Steeles,Mechanical,14,28,E,8116.0
2015-04-16,102,13:07:00,Thursday,Warden Station,Mechanical,17,34,E,7796.0
2015-04-16,40,13:07:00,Thursday,DUNDAS AND KEELE,General Delay,10,15,BW,
2015-04-16,68,13:17:00,Thursday,AngusGlen community Centre,Investigation,10,49,SB,7555.0
2015-04-16,76,13:23:00,Thursday,ROYAL YORK AND JUDSON,Diversion,12,21,sb,7909.0
2015-04-16,116,13:29:00,Thursday,Eglinton & Brimley,Mechanical,30,60,W,7506.0
2015-04-16,85,13:30:00,Thursday,Sheppard @ Kennedy,Mechanical,8,15,E,9093.0
2015-04-16,72,13:33:00,Thursday,Pape Station,Mechanical,10,20,E,7833.0
2015-04-16,116,13:37:00,Thursday,Kennedy Stn,Utilized Off Route,10,20,E,7622.0
2015-04-16,87,13:43:00,Thursday,Cosburn and Greenwood,Mechanical,11,22,EB,7845.0
2015-04-16,7,14:00:00,Thursday,Bathurst Stn-Finch,General Delay,9,18,S/N,
2015-04-16,34,14:00:00,Thursday,Bayview Ave To Leslie St,General Delay,20,30,EB,
2015-04-16,196,14:01:00,Thursday,Downsview station,Utilized Off Route,2,4,N,8332.0
2015-04-16,196,14:01:00,Thursday,Downsview station,Utilized Off Route,2,4,N,8332.0
2015-04-16,165,14:09:00,Thursday,Weston and Finch,Late Leaving Garage,21,38,N,1356.0
2015-04-16,35,14:13:00,Thursday,Jane Stn,Late Leaving Garage,3,6,N/b,1066.0
2015-04-16,122,14:19:00,Thursday,York Mills Station,Mechanical,16,32,E,8335.0
2015-04-16,12,14:21:00,Thursday,Victoria Park Station,Mechanical,8,16,E,7852.0
2015-04-16,47,14:30:00,Thursday,Entire Route,General Delay,10,18,B/W,
2015-04-16,20,14:30:00,Thursday,Danforth and Warden,General Delay,15,30,EB,7751.0
2015-04-16,41,14:30:00,Thursday,Entire route,General Delay,15,30,b/w,
2015-04-16,84,14:38:00,Thursday,Jane and Steeles,Late Leaving Garage,22,44,E,1318.0
2015-04-16,165,14:41:00,Thursday,York Mills Stn.,Mechanical,15,24,W,1732.0
2015-04-16,79,14:45:00,Thursday,Entire Route,General Delay,12,24,B/W,
2015-04-16,25,14:48:00,Thursday,Pape Station,Utilized Off Route,3,6,NB,7404.0
2015-04-16,90,14:55:00,Thursday,Duncan Shop,Late Leaving Garage,10,10,n,9433.0
2015-04-16,161,14:59:00,Thursday,Lambton and Jane,Late Leaving Garage,10,12,E/B,1571.0
2015-04-16,30,15:00:00,Thursday,ENTIRE ROUTE,General Delay,0,0,b/w,
2015-04-16,195,15:00:00,Thursday,York University To Jane Stn,General Delay,10,20,B/w,
2015-04-16,109,15:00:00,Thursday,,General Delay,15,25,S/N,
2015-04-16,35,15:00:00,Thursday,Steeles To Jane Stn,General Delay,5,10,B/w,
2015-04-16,36,15:00:00,Thursday,Weston Road,Mechanical,6,12,w,9112.0
2015-04-16,45,15:00:00,Thursday,KIPLING AVE AT BURNHAMTHORPE,General Delay,0,0,b/w,
2015-04-16,161,15:00:00,Thursday,Entire Route,General Delay,12,24,B/W,
2015-04-16,6,15:03:00,Thursday,Dvenport and yonge,Late Leaving Garage,10,20,SB,1603.0
2015-04-16,37,15:05:00,Thursday,Islington/Finch,Mechanical,27,30,n/b,7343.0
2015-04-16,116,15:05:00,Thursday,Kennedy Stn,Mechanical,6,12,E,7651.0
2015-04-16,39,15:07:00,Thursday,Seneca Loop,Late Leaving Garage,10,20,,1097.0
2015-04-16,35,15:07:00,Thursday,Nelson ave. and Boylen.C.I.,Late Leaving Garage,5,10,N/b,1616.0
2015-04-16,32,15:07:00,Thursday,Eglinton and scott,Investigation,10,20,E/B,1637.0
2015-04-16,25,15:08:00,Thursday,Pape Station,Mechanical,3,6,NB,7533.0
2015-04-16,134,15:10:00,Thursday,Tapscott & Newgale Gate,Diversion,20,40,N,1095.0
2015-04-16,165,15:10:00,Thursday,Wilson Stn.,Mechanical,7,15,E,7204.0
2015-04-16,102,15:17:00,Thursday,Warden Station,Mechanical,5,10,nb,7867.0
2015-04-16,46,15:17:00,Thursday,M/Grove/Nothing hill,Late Leaving Garage,5,10,N,9112.0
2015-04-16,63,15:18:00,Thursday,Eglinton west station,Late Leaving Garage,10,20,SB,1201.0
2015-04-16,53,15:18:00,Thursday,Passmore & Markham,General Delay,5,10,W,86.0
2015-04-16,60,15:19:00,Thursday,York U / Commons,Late Leaving Garage,11,22,E,1366.0
2015-04-16,7,15:26:00,Thursday,Bathurst & Dupont,Mechanical,9,18,S,9025.0
2015-04-16,44,15:28:00,Thursday,KIPLING AT BIRMINGHAM,Mechanical,4,8,n/b,7966.0
2015-04-16,96,15:30:00,Thursday,Wilson and Jane,Mechanical,32,64,W,7212.0
2015-04-16,142,15:30:00,Thursday,Church / Boombay loop,General Delay,12,24,b/w,
2015-04-16,88,15:32:00,Thursday,St. Clair Stn.,Mechanical,15,30,eb,9405.0
2015-04-16,37,15:35:00,Thursday,Islington/Bloor,Investigation,10,19,n/b,7968.0
2015-04-16,116,15:36:00,Thursday,Kennedy Stn,Mechanical,23,30,E,7539.0
2015-04-16,38,15:38:00,Thursday,STC,Mechanical,12,24,E,1749.0
2015-04-16,92,15:41:00,Thursday,Woodbine Station,Mechanical,9,18,SB,7710.0
2015-04-16,75,15:42:00,Thursday,Jarvis-Lakeshore,Diversion,7,100,S/N,8365.0
2015-04-16,113,15:43:00,Thursday,Birchmount and Danorth,General Delay,15,30,EB,7758.0
2015-04-16,7,15:45:00,Thursday,Steeles & Carpenter,Investigation,9,11,S,9023.0
2015-04-16,75,15:45:00,Thursday,Jarvis-Queen's Quay-South Dr.,General Delay,7,35,S/N,
2015-04-16,46,15:47:00,Thursday,Steeles Loop on Martin Grove,Mechanical,9,18,S,1360.0
2015-04-16,124,15:51:00,Thursday,Lawrence Station,Mechanical,6,12,eb,8155.0
2015-04-16,191,15:54:00,Thursday,Martin grove loop,Mechanical,5,10,s,1393.0
2015-04-16,87,15:59:00,Thursday,Main Statopm,Mechanical,6,12,EB,7835.0
2015-04-16,161,16:00:00,Thursday,Entire Route,Mechanical,11,22,B/W,1586.0
2015-04-16,50,16:00:00,Thursday,Route 50 Burnhamthorpe,General Delay,1,1,b/w,
2015-04-16,52,16:00:00,Thursday,Keele and Lawrence,Mechanical,11,22,e,1636.0
2015-04-16,100,16:00:00,Thursday,Bayview Ave to Leslie St,General Delay,15,25,EB,
2015-04-16,42,16:02:00,Thursday,Gordon Baker Rd.,Mechanical,11,23,wb,8328.0
2015-04-16,117,16:08:00,Thursday,Downsview station,Mechanical,12,24,N,8379.0
2015-04-16,53,16:10:00,Thursday,Finch Stn,Late Leaving Garage,14,29,E,9093.0
2015-04-16,142,16:11:00,Thursday,Dundas,Investigation,30,0,n,8350.0
2015-04-16,29,16:14:00,Thursday,Princes gates,Mechanical,5,10,N,9026.0
2015-04-16,91,16:15:00,Thursday,Parkview Hills,General Delay,10,1,B/W,
2015-04-16,165,16:20:00,Thursday,Wilson and Ingelside,Mechanical,15,23,e,7248.0
2015-04-16,88,16:20:00,Thursday,Research Rd. and Brentcliffe,Mechanical,7,15,wb,8201.0
2015-04-16,54,16:20:00,Thursday,Brentcliffe and Eglinton,General Delay,9,18,EB,7453.0
2015-04-16,96,16:22:00,Thursday,Humberline Loop,Emergency Services,28,56,E,7217.0
2015-04-16,24,16:26:00,Thursday,Victoria Park and Stamford,Mechanical,4,8,NB,7699.0
2015-04-16,53,16:30:00,Thursday,Finch Stn to Staines,General Delay,10,15,E/W,
2015-04-16,52,16:30:00,Thursday,Entire route,General Delay,15,15,b/w,
2015-04-16,160,16:30:00,Thursday,Wil-promenade mall,General Delay,20,35,n,
2015-04-16,54,16:35:00,Thursday,Bayview and Eglinton,Investigation,10,20,WB,7512.0
2015-04-16,165,16:35:00,Thursday,Weston and Finch,Mechanical,9,15,s,7227.0
2015-04-16,10,16:40:00,Thursday,DonMills station,General Delay,10,20,N,8181.0
2015-04-16,52,16:46:00,Thursday,Derry and Airport,Mechanical,16,32,e,1599.0
2015-04-16,131,16:48:00,Thursday,Scarborough Town Centre,Mechanical,9,18,EB,1795.0
2015-04-16,29,16:50:00,Thursday,Eglinton,Mechanical,5,10,S,9035.0
2015-04-16,37,16:56:00,Thursday,Islington/Princess Margaret,Investigation,19,38,s/b,8049.0
2015-04-16,102,16:58:00,Thursday,Warden Station,Mechanical,11,22,nb,7799.0
2015-04-16,133,17:01:00,Thursday,Ellesmere and Nielson (Loop),Investigation,7,14,S,1149.0
2015-04-16,95,17:02:00,Thursday,York Mills Station,Investigation,4,8,EB,1794.0
2015-04-16,90,17:10:00,Thursday,St. Clair W,Mechanical,11,21,n,7084.0
2015-04-16,95,17:10:00,Thursday,York Mills Station,Investigation,4,8,EB,1720.0
2015-04-16,36,17:12:00,Thursday,Humberline,Mechanical,6,12,w,9128.0
2015-04-16,78,17:15:00,Thursday,York Mills Station,Utilized Off Route,15,30,N,8188.0
2015-04-16,25,17:17:00,Thursday,Pape Station,Mechanical,3,6,NB,7662.0
2015-04-16,122,17:18:00,Thursday,York Mills station,Mechanical,16,32,E,9417.0
2015-04-16,84,17:20:00,Thursday,Allen Expressway/ Sheppard,General Delay,15,30,E,
2015-04-16,108,17:22:00,Thursday,Entire 108 Downsview Route,General Delay,15,25,B/W,
2015-04-16,108,17:40:00,Thursday,Jane and Driftwood,Diversion,140,158,E,1358.0
2015-04-16,85,17:53:00,Thursday,Sheppard @ Bichmount,Investigation,6,12,E,9071.0
2015-04-16,102,17:53:00,Thursday,Centennial College,Mechanical,11,22,nb,7689.0
2015-04-16,60,17:57:00,Thursday,York U Commons,Mechanical,7,14,E,1373.0
2015-04-16,145,18:00:00,Thursday,DOWN TOWN CORE,General Delay,1,1,bw,
2015-04-16,131,18:01:00,Thursday,Brimley and Ellesmere,Diversion,10,17,EB,1317.0
2015-04-16,192,18:04:00,Thursday,DUNDAS AT AUKLAND,Mechanical,9,18,s/b,8008.0
2015-04-16,102,18:04:00,Thursday,Warden Station,Mechanical,11,22,EB,8129.0
2015-04-16,102,18:06:00,Thursday,WB on Nashdene at Dynamic,Mechanical,12,24,wb,7833.0
2015-04-16,84,18:15:00,Thursday,Downsview Station,Mechanical,5,11,W,1415.0
2015-04-16,96,18:17:00,Thursday,Elhurst and Cromarty,Diversion,455,1,W,7235.0
2015-04-16,130,18:18:00,Thursday,300 Middlefield (Compass),Mechanical,15,30,S,1143.0
2015-04-16,96,18:25:00,Thursday,Elmhurst and Cromarty,Diversion,455,12,E,1266.0
2015-04-16,199,18:29:00,Thursday,STC,Utilized Off Route,4,8,E,1105.0
2015-04-16,24,18:37:00,Thursday,Victoria Park and Bolster,Investigation,4,8,SB,7761.0
2015-04-16,69,19:02:00,Thursday,Danforth and Birchmount,Mechanical,10,20,,7839.0
2015-04-16,84,19:41:00,Thursday,Downsview Station,Mechanical,10,20,E,1789.0
2015-04-16,61,20:35:00,Thursday,Eglinton Station,Mechanical,20,40,n,8303.0
2015-04-16,72,21:15:00,Thursday,Pape Station,Mechanical,10,20,SB,7833.0
2015-04-16,165,21:25:00,Thursday,go loop,Mechanical,40,80,s/b,1356.0
2015-04-16,133,21:53:00,Thursday,Neilson and 401,Mechanical,10,20,nb,1775.0
2015-04-16,95,22:42:00,Thursday,York Mills and Fenside,Mechanical,10,20,wb,1749.0
2015-04-16,39,22:45:00,Thursday,Finch and Brimley,Mechanical,6,12,W,1758.0
2015-04-16,17,22:48:00,Thursday,Warden Station,Mechanical,22,44,NB,7847.0
2015-04-16,64,22:58:00,Thursday,Main Station,Mechanical,15,30,WB,8131.0
2015-04-16,191,23:15:00,Thursday,martingrove loop,Mechanical,20,40,s/b,7951.0
2015-04-16,29,23:33:00,Thursday,Dufferin and St.Clair,Investigation,8,16,n,9000.0
2015-04-17,37,00:09:00,Friday,Islington stn.,Mechanical,30,60,s/b,8068.0
2015-04-17,63,00:18:00,Friday,Eglinton west stn,Mechanical,10,20,s,1572.0
2015-04-17,29,00:35:00,Friday,Dufferin and St.clair,Mechanical,9,18,n,9011.0
2015-04-17,20,00:47:00,Friday,Danforth and Eastwood,Emergency Services,30,60,WB,7714.0
2015-04-17,7,00:50:00,Friday,Bathurst Station,Mechanical,12,24,n,9019.0
2015-04-17,24,00:55:00,Friday,Victoria Park Stn,Utilized Off Route,10,20,NB,7812.0
2015-04-17,92,00:55:00,Friday,Woodbine Station,Mechanical,20,0,SB,7830.0
2015-04-17,47,01:12:00,Friday,Weston rd / St.Clair,Utilized Off Route,1,1,n,1661.0
2015-04-17,47,01:13:00,Friday,Lawrence west / Blackcreek,Utilized Off Route,1,1,w,1659.0
2015-04-17,168,01:15:00,Friday,Dindas West Station,Utilized Off Route,12,30,N,7342.0
2015-04-17,35,01:15:00,Friday,jane stn,Utilized Off Route,12,24,s/b,1404.0
2015-04-17,44,01:16:00,Friday,Kipling Station,Utilized Off Route,15,30,S,8094.0
2015-04-17,85,01:18:00,Friday,RHGO Station,Mechanical,20,40,wb,9062.0
2015-04-17,35,01:20:00,Friday,jane stn,Utilized Off Route,12,24,s/b,1364.0
2015-04-17,161,01:20:00,Friday,Jane / Alliance,Utilized Off Route,1,1,w,1507.0
2015-04-17,79,01:22:00,Friday,Runnymede stn,Utilized Off Route,1,1,n,1008.0
2015-04-17,52,01:23:00,Friday,Terminal 1 at the Airport,Mechanical,21,42,e,1590.0
2015-04-17,29,01:27:00,Friday,Wilson Station,Utilized Off Route,9,18,s,9000.0
2015-04-17,35,01:30:00,Friday,jane stn,Utilized Off Route,12,24,s/b,7905.0
2015-04-17,310,01:43:00,Friday,bathurst and bloor,Mechanical,20,40,s/b,9056.0
2015-04-17,320,02:00:00,Friday,Yonge and Steeles,Utilized Off Route,3,6,S,8165.0
2015-04-17,123,02:00:00,Friday,Longbranch Loop,Utilized Off Route,1,1,-,7326.0
2015-04-17,319,02:00:00,Friday,Elmhurst & Islington,Diversion,150,1,E,1680.0
2015-04-17,39,02:01:00,Friday,Finch and Brahams,Mechanical,6,12,EB,1110.0
2015-04-17,15,03:35:00,Friday,Etobicoke School of Arts,Late Leaving Garage,10,12,,7957.0
2015-04-17,324,03:52:00,Friday,Victoria Pk-St.Clair,Mechanical,30,60,nb,8125.0
2015-04-17,300,04:13:00,Friday,Kipling Station,Utilized Off Route,20,40,wb,8069.0
2015-04-17,96,05:00:00,Friday,ISLINGTON AVE AND ELMHURST DR,Diversion,72,82,B/W,1326.0
2015-04-17,168,05:16:00,Friday,Old Weston and St Clair,Investigation,10,14,n,8072.0
2015-04-17,108,05:25:00,Friday,Stong,Late Leaving Garage,10,20,S,1417.0
2015-04-17,6,05:25:00,Friday,bedford,Late Leaving Garage,8,16,s/b,1064.0
2015-04-17,39,05:27:00,Friday,Finch/Baldoon,Mechanical,4,8,EB,1801.0
2015-04-17,109,05:30:00,Friday,neptune and Rajah,Diversion,1208,1223,E,8327.0
2015-04-17,75,05:30:00,Friday,Lower Jarvis and Esplanade,Diversion,992,998,N,8365.0
2015-04-17,85,05:33:00,Friday,Meadowvale loop,Mechanical,4,15,W,9081.0
2015-04-17,6,05:35:00,Friday,front and bay,Diversion,55,75,n/b,1580.0
2015-04-17,116,05:37:00,Friday,Kennedy Stn,Mechanical,7,12,E,7658.0
2015-04-17,84,05:38:00,Friday,Arrow Rd. Garage,Late Leaving Garage,14,0,W/B,1789.0
2015-04-17,63,05:39:00,Friday,Canniff Strachan,Late Leaving Garage,11,23,n/b,1039.0
2015-04-17,37,05:40:00,Friday,Garage / Humberwood Loop,Late Leaving Garage,30,60,n,8022.0
2015-04-17,68,05:44:00,Friday,Warden Loop,Mechanical,19,35,sb,7615.0
2015-04-17,116,05:50:00,Friday,Conlins & Ellesmere,Mechanical,5,0,N,7471.0
2015-04-17,29,05:51:00,Friday,Princes gate,Late Leaving Garage,8,13,n/b,9032.0
2015-04-17,116,05:54:00,Friday,Morningside & Nightstar,Late Leaving Garage,6,13,S,7486.0
2015-04-17,37,05:58:00,Friday,Garage / Islington stn,Late Leaving Garage,8,15,n,8068.0
2015-04-17,41,06:00:00,Friday,Keele Station,Late Leaving Garage,11,22,n/b,9144.0
2015-04-17,95,06:00:00,Friday,Scarborough College Loop,Mechanical,6,0,w,1082.0
2015-04-17,191,06:03:00,Friday,Martin grove and Royalcrest,Late Leaving Garage,6,12,N,7946.0
2015-04-17,190,06:05:00,Friday,Eglinton Garage,Mechanical,1,1,N,7604.0
2015-04-17,29,06:07:00,Friday,Dufferin at Tycos,Late Leaving Garage,8,0,s/b,9003.0
2015-04-17,96,06:08:00,Friday,Arrow Rd. Garage,Late Leaving Garage,22,44,W/B,7232.0
2015-04-17,165,06:09:00,Friday,FINCH AND WESTON RD,Late Leaving Garage,39,77,N/B,1271.0
2015-04-17,60,06:15:00,Friday,Finch stn,Late Leaving Garage,8,16,W,1205.0
2015-04-17,54,06:18:00,Friday,Eglinton yard,Mechanical,1,1,ob,7444.0
2015-04-17,87,06:20:00,Friday,Coxwell & Mortimer,Utilized Off Route,8,17,W,7699.0
2015-04-17,29,06:23:00,Friday,Dufferin and Tycos,Late Leaving Garage,8,16,s/b,
2015-04-17,95,06:30:00,Friday,Ellesmere R.T. Station,Mechanical,0,0,w,8379.0
2015-04-17,95,06:31:00,Friday,Ellesmere and Markham,Diversion,10,23,e,1712.0
2015-04-17,29,06:34:00,Friday,Dufferin and Bloor,Late Leaving Garage,7,14,n/b,9019.0
2015-04-17,95,06:37:00,Friday,York Mills Station,Mechanical,8,0,e,1099.0
2015-04-17,89,06:38:00,Friday,Albion Road,Investigation,5,10,s/b,1059.0
2015-04-17,29,06:39:00,Friday,Dufferin and Tycos,Late Leaving Garage,8,16,s/b,
2015-04-17,29,06:41:00,Friday,Princes gate,Late Leaving Garage,8,16,n/b,9021.0
2015-04-17,122,06:43:00,Friday,Yorkmills stn,Late Leaving Garage,10,20,e/b,8354.0
2015-04-17,25,06:47:00,Friday,Pape Stn,Mechanical,3,6,N,7496.0
2015-04-17,145,06:54:00,Friday,Garage / Kipling Lakeshore,Late Leaving Garage,30,60,n,8044.0
2015-04-17,199,06:55:00,Friday,Finch/Tollerton,Diversion,10,13,WB,1102.0
2015-04-17,168,06:57:00,Friday,Avon Loop,Mechanical,4,9,e,8059.0
2015-04-17,39,07:00:00,Friday,Finch/Tollerton,Diversion,11,15,WB,1334.0
2015-04-17,88,07:00:00,Friday,StClair station,Late Leaving Garage,6,12,E/B,9420.0
2015-04-17,11,07:04:00,Friday,Bayview and Yorkmills,Late Leaving Garage,12,24,s/b,8141.0
2015-04-17,195,07:05:00,Friday,Steeles,Late Leaving Garage,9,18,S,1383.0
2015-04-17,102,07:05:00,Friday,Warden Station,Mechanical,4,14,EB,8103.0
2015-04-17,89,07:09:00,Friday,Keele and West Toronto,Mechanical,5,10,s/b,1600.0
2015-04-17,89,07:09:00,Friday,Keele Station,Mechanical,11,22,s/b,1600.0
2015-04-17,36,07:11:00,Friday,Humberwood loop,Late Leaving Garage,5,10,E,1347.0
2015-04-17,87,07:12:00,Friday,Broadview Station,Utilized Off Route,8,16,NB,7828.0
2015-04-17,100,07:14:00,Friday,Broadview station,Utilized Off Route,10,13,w/b,7406.0
2015-04-17,81,07:17:00,Friday,Pape Station,Utilized Off Route,4,8,NB,7695.0
2015-04-17,196,07:17:00,Friday,York U. Common,Mechanical,3,6,s,9430.0
2015-04-17,100,07:17:00,Friday,Broadview Station,Utilized Off Route,10,13,w/b,7572.0
2015-04-17,86,07:26:00,Friday,Kingston & Morningside,Mechanical,4,9,E,7652.0
2015-04-17,40,07:27:00,Friday,Runnymede Loop,Mechanical,7,13,e,8099.0
2015-04-17,102,07:30:00,Friday,Warden Station,Mechanical,20,40,NB,7710.0
2015-04-17,29,07:30:00,Friday,Wilson stn to Springhurst,General Delay,12,16,b/w,
2015-04-17,95,07:30:00,Friday,Scarborough College Loop,Mechanical,0,0,w,1113.0
2015-04-17,113,07:35:00,Friday,Danforth Ave & St. Dunstan,Mechanical,13,26,W,7803.0
2015-04-17,36,07:43:00,Friday,Finch and Signet,Investigation,5,11,W,7946.0
2015-04-17,73,07:45:00,Friday,Weston and Oak b/w's,General Delay,15,0,e,
2015-04-17,11,07:47:00,Friday,Bayview and Steeles,Late Leaving Garage,12,24,s/b,1796.0
2015-04-17,32,07:48:00,Friday,Eglinton and Keele,Mechanical,10,20,e/b,1203.0
2015-04-17,66,07:48:00,Friday,Garage / Royal York stn,Late Leaving Garage,9,14,n,8049.0
2015-04-17,33,08:00:00,Friday,Forrest Hill,General Delay,15,20,BW,8391.0
2015-04-17,5,08:00:00,Friday,Eglinton stn to Elm ave,General Delay,26,38,B/W,
2015-04-17,7,08:00:00,Friday,bathurst route,General Delay,17,10,BW,
2015-04-17,61,08:00:00,Friday,Eglinton stn to Bombay looop,General Delay,15,30,B/W,
2015-04-17,52,08:00:00,Friday,Caledonia and Lawrence,Mechanical,6,12,w/b,1608.0
2015-04-17,109,08:00:00,Friday,Ranee Route,General Delay,20,15,BW,
2015-04-17,24,08:08:00,Friday,Victoria Park Ave & Draycott Dr,Investigation,3,9,S,7897.0
2015-04-17,91,08:15:00,Friday,Victoria Park south of Lawrence,Investigation,19,40,sb,7762.0
2015-04-17,110,08:19:00,Friday,Long Branch Loop,Mechanical,24,48,N,7928.0
2015-04-17,94,08:30:00,Friday,From  Castlefrank Stn to Ossington Stn,General Delay,19,15,W,
2015-04-17,42,08:30:00,Friday,Cummer Route,General Delay,7,20,BW,
2015-04-17,165,08:34:00,Friday,BATHURST AND WILSON,Mechanical,6,15,E/B,7217.0
2015-04-17,199,08:38:00,Friday,Finch/Pineway,Diversion,7,10,WB,1818.0
2015-04-17,39,08:57:00,Friday,Finch Station,Utilized Off Route,2,4,EB,1724.0
2015-04-17,134,08:58:00,Friday,Centennial College,Mechanical,5,10,w,1078.0
2015-04-17,32,08:59:00,Friday,Eglinton and Yonge,Investigation,5,11,e/b,1240.0
2015-04-17,90,09:00:00,Friday,St Clair Stn,Utilized Off Route,4,8,N,8167.0
2015-04-17,43,09:28:00,Friday,Kennedy & Progress,Mechanical,12,24,n/b,7684.0
2015-04-17,51,09:30:00,Friday,Eglinton stn to Townsend,General Delay,20,45,B/W,
2015-04-17,117,09:40:00,Friday,Downsview Stn,Mechanical,20,40,n,8186.0
2015-04-17,52,09:42:00,Friday,Terminal 3,Investigation,15,30,e/b,1036.0
2015-04-17,196,09:44:00,Friday,Downsview Stn,Utilized Off Route,2,4,n,8143.0
2015-04-17,68,09:54:00,Friday,Steeles / Warden,Investigation,1,1,NB,7516.0
2015-04-17,195,10:00:00,Friday,Jane stn to all Branches,General Delay,1,1,BW,1.0
2015-04-17,86,10:10:00,Friday,Eglinton & Torrance,Mechanical,30,43,E,7601.0
2015-04-17,29,10:10:00,Friday,Dufferin at Hallam,Mechanical,4,8,s/b,9025.0
2015-04-17,191,10:10:00,Friday,Kipling station,Mechanical,5,8,N,7951.0
2015-04-17,86,10:12:00,Friday,Eglinton & Torrance,Mechanical,10,20,E,7601.0
2015-04-17,32,10:40:00,Friday,Eglinton and Dufferin,Mechanical,13,26,e/b,1010.0
2015-04-17,43,10:48:00,Friday,Kennedy Station,Mechanical,12,24,NB,7427.0
2015-04-17,116,11:17:00,Friday,Kennedy Stn,Mechanical,10,20,E,7438.0
2015-04-17,196,11:45:00,Friday,Downsview Stn,Utilized Off Route,3,5,`,8138.0
2015-04-17,47,11:48:00,Friday,Caledonia and Eglinton,Investigation,15,30,N/B,1598.0
2015-04-17,110,11:52:00,Friday,Islington Av and Lakeshore Blvd W,Mechanical,18,36,N,7329.0
2015-04-17,47,11:58:00,Friday,Caledonia and Eglinton,Diversion,47,62,N/B,1021.0
2015-04-17,6,12:00:00,Friday,Entire Route,Mechanical,10,20,B/W,1543.0
2015-04-17,97,12:15:00,Friday,Yorkmills Stn,Mechanical,30,60,nb,8390.0
2015-04-17,60,12:30:00,Friday,Entire 60 Steeles West ( SGHL to FSTN),General Delay,13,25,B/W,
2015-04-17,36,12:59:00,Friday,Humberwood loop,Mechanical,6,12,E,9122.0
2015-04-17,168,13:12:00,Friday,DUNDAS WEST STN,Mechanical,10,20,nb,8054.0
2015-04-17,52,13:15:00,Friday,Jane and Lawrence,Mechanical,15,30,w,1026.0
2015-04-17,104,13:17:00,Friday,Downsview Stn,Investigation,1,1,n,8368.0
2015-04-17,196,13:26:00,Friday,Downsview Stn,Utilized Off Route,3,5,n,8140.0
2015-04-17,196,13:41:00,Friday,Downsview Stn,Utilized Off Route,2,5,n,8154.0
2015-04-17,196,14:03:00,Friday,Downsview Stn,Utilized Off Route,2,5,n,8205.0
2015-04-17,32,14:25:00,Friday,Eglinton and Jane,Diversion,76,89,W/B,
2015-04-17,12,14:25:00,Friday,Neil McNeil High School,Late Leaving Garage,0,4,WB,7770.0
2015-04-17,35,14:25:00,Friday,Jane and Eglinton,Diversion,75,95,,1.0
2015-04-17,195,14:25:00,Friday,Jane and Eglinton,Diversion,75,95,,1.0
2015-04-17,104,14:30:00,Friday,Downsview Stn,Mechanical,13,26,n,8349.0
2015-04-17,161,14:30:00,Friday,Entire Route,General Delay,12,24,B/W,
2015-04-17,102,14:32:00,Friday,Warden Station,Late Leaving Garage,22,44,nb,7694.0
2015-04-17,17,14:34:00,Friday,Warden and Steeles Loop,Mechanical,13,26,S,7826.0
2015-04-17,82,14:41:00,Friday,"Rosedale,Crescent rd.",Investigation,20,40,n,8388.0
2015-04-17,52,14:43:00,Friday,Garage,Late Leaving Garage,11,22,w,1624.0
2015-04-17,6,14:43:00,Friday,Davenport & Yonge,Late Leaving Garage,10,20,s/b,1034.0
2015-04-17,95,14:44:00,Friday,PJP School Trip,Late Leaving Garage,3,5,95,1080.0
2015-04-17,47,14:45:00,Friday,Earlscourt Loop,Late Leaving Garage,7,20,S/B,1578.0
2015-04-17,79,15:00:00,Friday,Entire Route,General Delay,12,24,B/W,
2015-04-17,70,15:00:00,Friday,70 O'Connor Route,General Delay,1,15,bw,
2015-04-17,36,15:00:00,Friday,Finch West route,General Delay,18,24,B,9107.0
2015-04-17,191,15:00:00,Friday,HWY 191 rocket,General Delay,16,22,B,7953.0
2015-04-17,47,15:00:00,Friday,Entire Route,General Delay,12,20,B/W,
2015-04-17,94,15:00:00,Friday,Wellesley Route,General Delay,15,30,bw,7862.0
2015-04-17,7,15:00:00,Friday,Finch-St.Clair,General Delay,9,25,S,
2015-04-17,196,15:00:00,Friday,Downsview Stn,Mechanical,2,5,n,8300.0
2015-04-17,52,15:00:00,Friday,Entire route,General Delay,20,9,b/w,
2015-04-17,109,15:00:00,Friday,Eglinton W.-Neptune,General Delay,15,45,S,
2015-04-17,61,15:00:00,Friday,Avenue Road North route,General Delay,15,25,b/w,
2015-04-17,6,15:04:00,Friday,Dundas & Bay,Investigation,10,20,s/b,1647.0
2015-04-17,52,15:05:00,Friday,Garage,Late Leaving Garage,6,12,e,1603.0
2015-04-17,57,15:06:00,Friday,Kennedy Station,Mechanical,11,22,N,7750.0
2015-04-17,196,15:12:00,Friday,York U. Common,Mechanical,2,5,n,8350.0
2015-04-17,47,15:13:00,Friday,Queen and Lansdowne,Utilized Off Route,13,26,N/B,1046.0
2015-04-17,91,15:20:00,Friday,Cassandra Blvd and Underhill,Late Leaving Garage,0,6,WB,7737.0
2015-04-17,85,15:24:00,Friday,Sheppard @ McCowan,Mechanical,6,12,W,9063.0
2015-04-17,10,15:25:00,Friday,Don Mills Stn,Late Leaving Garage,15,30,e,9409.0
2015-04-17,191,15:25:00,Friday,Kipling station,Mechanical,5,10,N,1702.0
2015-04-17,14,15:30:00,Friday,Entire Route,General Delay,8,28,B/W,
2015-04-17,25,15:31:00,Friday,York Mills and Don Mills,Mechanical,3,6,SB,7417.0
2015-04-17,116,15:36:00,Friday,Kennedy Stn,Mechanical,1,1,E,7584.0
2015-04-17,125,15:45:00,Friday,Finch Station,Mechanical,10,20,eb,8135.0
2015-04-17,78,15:45:00,Friday,York Mills Station,Mechanical,15,30,N,8155.0
2015-04-17,29,15:45:00,Friday,Dufferin route,General Delay,15,20,N,
2015-04-17,190,15:47:00,Friday,STC,Mechanical,5,10,EB,7496.0
2015-04-17,36,15:48:00,Friday,Finch and Keele,Investigation,7,13,N,1347.0
2015-04-17,7,15:50:00,Friday,Bathurst-Wil,Mechanical,8,15,S,8175.0
2015-04-17,53,15:54:00,Friday,Staeeles - McCowan,Mechanical,5,10,W,1087.0
2015-04-17,42,15:56:00,Friday,Finch Station,Utilized Off Route,23,46,eb,8386.0
2015-04-17,160,16:00:00,Friday,Wilson-promenade mall,General Delay,15,25,S,
2015-04-17,43,16:01:00,Friday,Kennedy Station,Emergency Services,9,18,NB,7423.0
2015-04-17,199,16:02:00,Friday,Finch Station,Emergency Services,4,8,WB,1140.0
2015-04-17,41,16:06:00,Friday,Keele and Eglinton,Investigation,7,14,SB,9139.0
2015-04-17,100,16:10:00,Friday,Wynford Dr at Eglinton Ave,Mechanical,6,11,NB,7539.0
2015-04-17,168,16:10:00,Friday,ST CLAIR AND OLD WESTON RD,Diversion,29,35,nb,7328.0
2015-04-17,102,16:10:00,Friday,Markham and Luella,Diversion,213,224,BW,
2015-04-17,54,16:13:00,Friday,Lawrence RT,Utilized Off Route,12,24,e,7622.0
2015-04-17,41,16:15:00,Friday,Old Weston and St Clair,Diversion,33,14,NB,9141.0
2015-04-17,41,16:15:00,Friday,Old weston and St Clair,Investigation,7,14,NB,1655.0
2015-04-17,801,16:16:00,Friday,Dufferin,Utilized Off Route,1,1,S,8174.0
2015-04-17,91,16:20:00,Friday,Underhill and Cassandra,Mechanical,28,52,SB,7748.0
2015-04-17,127,16:20:00,Friday,Old Weston and St clair,Diversion,13,40,NB,1633.0
2015-04-17,35,16:24:00,Friday,Jane Stn,Utilized Off Route,15,30,,1287.0
2015-04-17,24,16:27:00,Friday,Victoria Park and Consummers,Utilized Off Route,7,14,SB,7791.0
2015-04-17,60,16:28:00,Friday,At 100 Steeles Ave West,Investigation,7,14,W,1341.0
2015-04-17,17,16:29:00,Friday,Warden Stn.,Utilized Off Route,16,24,n,8110.0
2015-04-17,68,16:30:00,Friday,Warden Station,Mechanical,7,19,NB,7667.0
2015-04-17,53,16:30:00,Friday,Finch Station to Morninside-Staines,General Delay,8,12,b/w,
2015-04-17,709,16:30:00,Friday,Eglinton West Station,Utilized Off Route,1,1,W/B,1639.0
2015-04-17,126,16:33:00,Friday,Stclair west station,Investigation,15,30,n,1245.0
2015-04-17,96,16:34:00,Friday,Wilson and Dufferin,Utilized Off Route,19,38,E,1386.0
2015-04-17,89,16:35:00,Friday,Weston & St Clair,Utilized Off Route,7,14,SB,1657.0
2015-04-17,801,16:40:00,Friday,Dufferin route,Utilized Off Route,1,1,S,8165.0
2015-04-17,63,16:40:00,Friday,Ossington Stn,Utilized Off Route,10,20,s/b,1412.0
2015-04-17,53,16:45:00,Friday,Finch Station,Mechanical,5,13,E,1707.0
2015-04-17,60,16:50:00,Friday,Turbine Dr and Steeles Ave West,Investigation,13,26,E,1230.0
2015-04-17,52,16:50:00,Friday,Lawrence west station,Mechanical,6,12,w,1542.0
2015-04-17,25,16:50:00,Friday,Pape Station,Utilized Off Route,3,7,NB,7588.0
2015-04-17,60,17:00:00,Friday,Finch Station,Mechanical,13,26,W,1217.0
2015-04-17,87,17:00:00,Friday,Main Station,Utilized Off Route,6,11,WB,7829.0
2015-04-17,53,17:05:00,Friday,Steeles - Don Mills,Mechanical,4,11,W,1391.0
2015-04-17,53,17:15:00,Friday,Yonge - Cummer,Mechanical,5,12,E,1148.0
2015-04-17,88,17:25:00,Friday,St. Clair Station,Mechanical,15,30,eb,8163.0
2015-04-17,129,17:49:00,Friday,McCowan and Steeles,Mechanical,5,8,S,1089.0
2015-04-17,102,17:49:00,Friday,Warden Stn.,Utilized Off Route,11,22,n,7863.0
2015-04-17,10,18:00:00,Friday,Don Mills Stn,Mechanical,10,20,e,9409.0
2015-04-17,84,18:00:00,Friday,Bathurst Sheppard,Investigation,11,22,E,1276.0
2015-04-17,107,18:00:00,Friday,Steels,Mechanical,22,24,n,8179.0
2015-04-17,73,18:00:00,Friday,ROYAL YORK NORTH,General Delay,15,35,bw,
2015-04-17,80,18:00:00,Friday,Route 80 Queensway,General Delay,1,1,b/w,
2015-04-17,56,18:05:00,Friday,Donlands Station,Mechanical,11,23,w,8356.0
2015-04-17,116,18:05:00,Friday,Kennedy Stn,Utilized Off Route,6,12,E,7533.0
2015-04-17,102,18:06:00,Friday,Markham and Nashdene,Mechanical,12,24,N,7833.0
2015-04-17,199,18:07:00,Friday,Finch/Baylawn,Mechanical,4,8,EB,1825.0
2015-04-17,116,18:14:00,Friday,Kennedy Stn,Mechanical,10,29,E,7684.0
2015-04-17,56,18:16:00,Friday,Donlands Station,Utilized Off Route,11,23,w,8147.0
2015-04-17,191,18:30:00,Friday,Royalcrest and Hwy 27,Mechanical,10,16,S,1521.0
2015-04-17,199,18:40:00,Friday,Scarborough Town Center,Mechanical,4,8,WB,1795.0
2015-04-17,29,18:42:00,Friday,Wilson Station,Utilized Off Route,1,1,S,9052.0
2015-04-17,78,18:45:00,Friday,York Mills station,Mechanical,15,30,N,8155.0
2015-04-17,79,18:48:00,Friday,Scarlett dr / East dr,Investigation,6,12,n,1530.0
2015-04-17,100,18:56:00,Friday,Pape Ave & Milton Place,Mechanical,6,11,SB,7438.0
2015-04-17,39,18:59:00,Friday,Finch Station,Mechanical,5,10,EB,1746.0
2015-04-17,11,19:02:00,Friday,Bayview and Steeles,Diversion,12,27,N,8329.0
2015-04-17,165,19:12:00,Friday,Wilson and Jane,Mechanical,27,73,W,1247.0
2015-04-17,165,19:12:00,Friday,Wilson and Jane,Utilized Off Route,10,32,W,1356.0
2015-04-17,40,19:13:00,Friday,RUNNYMEDE LOOP,Mechanical,10,20,EB,7304.0
2015-04-17,84,19:20:00,Friday,Sheppard Station,Mechanical,2,7,W,1209.0
2015-04-17,35,20:00:00,Friday,Entire Route,General Delay,20,40,,1.0
2015-04-17,109,20:00:00,Friday,Eglinton West Stn.,Diversion,300,322,N,8141.0
2015-04-17,195,20:00:00,Friday,Entire Route,General Delay,20,40,,1.0
2015-04-17,199,20:01:00,Friday,Finch/Kennedy,Mechanical,8,16,WB,1825.0
2015-04-17,53,20:15:00,Friday,Passmore - Markham Rd,Mechanical,5,15,W,1817.0
2015-04-17,40,20:35:00,Friday,Dundas/Indian rd.,Investigation,10,20,w/b,8063.0
2015-04-17,83,20:57:00,Friday,Carlaw and Lakeshore,Diversion,285,299,BW,
2015-04-17,72,21:00:00,Friday,Carlaw and Lakeshore,Diversion,271,281,BW,
2015-04-17,32,21:00:00,Friday,On Eglinton from Marlee to Bathurst,Diversion,306,314,b/w,
2015-04-17,39,21:01:00,Friday,Finch and Leslie,Mechanical,8,16,E,1141.0
2015-04-17,85,21:15:00,Friday,Meadowvale Loop,Mechanical,15,30,WB,9078.0
2015-04-17,165,21:25:00,Friday,go loop,Mechanical,40,80,s/b,1356.0
2015-04-17,32,21:53:00,Friday,Eglinton west / Jane,Investigation,8,16,e,1250.0
2015-04-17,69,21:56:00,Friday,Birchmount and St Clair,Diversion,10,20,EB,7697.0
2015-04-17,25,22:00:00,Friday,25-DonMills Route,General Delay,11,21,BW,
2015-04-17,32,22:07:00,Friday,Vaughan rd / St.Clair,Mechanical,8,16,e,1004.0
2015-04-17,25,22:07:00,Friday,DonMills and Wynford,Mechanical,10,20,SB,7483.0
2015-04-17,161,22:30:00,Friday,Bloor /Delaware,Diversion,82,102,e,1532.0
2015-04-17,64,22:59:00,Friday,Main Stn,Utilized Off Route,15,30,SB,7751.0
2015-04-17,29,23:52:00,Friday,Exhbition loop,Mechanical,8,16,n,9049.0
2015-04-17,29,23:52:00,Friday,Exhibition loop,Mechanical,8,16,n,9049.0
2015-04-18,16,00:04:00,Saturday,Danforth Road  and Savarin Road,Mechanical,15,30,n,7876.0
2015-04-18,53,00:53:00,Saturday,Steeles and Old Kennedy,Investigation,9,18,W,1727.0
2015-04-18,64,00:56:00,Saturday,Main Station,Mechanical,20,40,SB,8107.0
2015-04-18,38,00:57:00,Saturday,Rouge Go Station,Mechanical,13,26,WB,1138.0
2015-04-18,24,01:05:00,Saturday,Victoria Park Station,Utilized Off Route,10,30,NB,8131.0
2015-04-18,44,01:53:00,Saturday,Kipling/Horner,Investigation,30,60,n/b,8085.0
2015-04-18,320,02:50:00,Saturday,MacPherson & Yonge,Mechanical,4,8,N,8133.0
2015-04-18,329,03:00:00,Saturday,dufferin and springhurst loop,Emergency Services,20,40,s/b,9021.0
2015-04-18,6,05:00:00,Saturday,Bay and Queens Quay,Diversion,999,999,B/W,1615.0
2015-04-18,32,05:00:00,Saturday,Eglinton between Oakwood and Bathurst,Diversion,999,999,B/W,1558.0
2015-04-18,72,05:25:00,Saturday,Pape Station,Diversion,10,20,B/W,7729.0
2015-04-18,59,05:35:00,Saturday,Law.West. Stn,Late Leaving Garage,30,60,W,1276.0
2015-04-18,32,06:00:00,Saturday,Entire Route,General Delay,15,25,B/W,
2015-04-18,320,06:03:00,Saturday,YONGE AND ST CLAIR,Diversion,20,40,N/B,8365.0
2015-04-18,48,06:08:00,Saturday,Royal York Station,Late Leaving Garage,7,17,,8048.0
2015-04-18,83,06:10:00,Saturday,Jones route,Diversion,24,48,B/W,
2015-04-18,108,06:15:00,Saturday,Downsview stn,Late Leaving Garage,15,30,W,1271.0
2015-04-18,109,06:22:00,Saturday,Eglinton Stn,Late Leaving Garage,0,15,n,8211.0
2015-04-18,320,06:30:00,Saturday,yonge street at st clair,Diversion,0,0,n,8365.0
2015-04-18,106,06:46:00,Saturday,Downsview Stn,Late Leaving Garage,12,24,n,8352.0
2015-04-18,37,07:25:00,Saturday,Islington Station,Late Leaving Garage,17,37,n/b,8099.0
2015-04-18,47,07:39:00,Saturday,Earlscourt Loop,Mechanical,18,36,s/b,1250.0
2015-04-18,116,07:54:00,Saturday,morningside and staines,Mechanical,8,16,s,7492.0
2015-04-18,42,08:15:00,Saturday,Finch Stn,Late Leaving Garage,15,30,e,8303.0
2015-04-18,36,08:27:00,Saturday,1111 Finch Ave West,Mechanical,9,19,E/B,1791.0
2015-04-18,79,08:38:00,Saturday,Entire route,General Delay,17,34,b,
2015-04-18,199,08:52:00,Saturday,Finch station,Late Leaving Garage,8,16,E,1352.0
2015-04-18,96,09:05:00,Saturday,Weston rd,Mechanical,25,50,W,1804.0
2015-04-18,84,09:09:00,Saturday,Sheppard. Stn,Late Leaving Garage,9,18,W,7931.0
2015-04-18,7,09:11:00,Saturday,Wilson and Bathurst,Late Leaving Garage,6,12,s,9042.0
2015-04-18,42,09:15:00,Saturday,Finch Stn,Mechanical,15,30,e,8303.0
2015-04-18,29,09:23:00,Saturday,Dufferin at Tycose,Utilized Off Route,6,12,S,9023.0
2015-04-18,133,09:25:00,Saturday,Scarborough Town Center,Utilized Off Route,10,20,EB,1784.0
2015-04-18,709,09:25:00,Saturday,St.Clair West Stn,Utilized Off Route,1,1,E/B,1601.0
2015-04-18,29,09:30:00,Saturday,Dufferin st. at St. Clair,Utilized Off Route,6,12,N,9037.0
2015-04-18,24,09:30:00,Saturday,Victoria Park Station,Utilized Off Route,10,20,NB,8101.0
2015-04-18,709,09:31:00,Saturday,Bathurst and Eglinton,Utilized Off Route,1,1,N/B,1407.0
2015-04-18,709,09:32:00,Saturday,Eglinton and Marlee,Utilized Off Route,1,1,E/B,1017.0
2015-04-18,108,09:34:00,Saturday,Down stn,Utilized Off Route,9,18,E,1271.0
2015-04-18,84,09:35:00,Saturday,Down stn,Utilized Off Route,9,18,E,7922.0
2015-04-18,63,09:35:00,Saturday,Oakwood and St Clair,Utilized Off Route,7,13,s/b,1001.0
2015-04-18,81,09:38:00,Saturday,Pape Station,Utilized Off Route,7,14,NB,7755.0
2015-04-18,774,09:39:00,Saturday,Jane at Wilson,Utilized Off Route,30,60,s,1241.0
2015-04-18,26,09:40:00,Saturday,Dupont and Lansdowne,Emergency Services,24,48,e/b,1670.0
2015-04-18,102,09:42:00,Saturday,Warden Station,Utilized Off Route,11,22,NB,8125.0
2015-04-18,34,09:44:00,Saturday,Eglinton station,Utilized Off Route,6,12,e,7593.0
2015-04-18,63,09:44:00,Saturday,Oakwood and Eglinton,Utilized Off Route,7,13,s/b,1563.0
2015-04-18,39,09:45:00,Saturday,Finch/Bayview,Utilized Off Route,7,14,WB,1813.0
2015-04-18,90,09:47:00,Saturday,Oakwood at Vughn,Utilized Off Route,1,1,S,8396.0
2015-04-18,36,09:50:00,Saturday,WESTON RD AND FINCH,Investigation,6,12,W/B,1230.0
2015-04-18,90,09:55:00,Saturday,Vaughan and Oakwood,Utilized Off Route,8,16,s,8396.0
2015-04-18,34,09:57:00,Saturday,Eglinton station,Utilized Off Route,6,12,e,7622.0
2015-04-18,25,09:59:00,Saturday,Pape station,Utilized Off Route,6,12,n,7437.0
2015-04-18,53,10:00:00,Saturday,Yonge and Bishops,Mechanical,24,48,N/E,1780.0
2015-04-18,60,10:00:00,Saturday,Entire route,General Delay,25,30,B/W,
2015-04-18,95,10:00:00,Saturday,York Mills and Bayview,General Delay,20,0,BW,
2015-04-18,66,10:02:00,Saturday,Humber Loop,Mechanical,25,50,S,7977.0
2015-04-18,71,10:17:00,Saturday,Gunns Loop,Late Leaving Garage,12,28,s/b,1666.0
2015-04-18,106,10:34:00,Saturday,Downsvie w Stn,Mechanical,12,24,n,8337.0
2015-04-18,95,10:34:00,Saturday,Ellesmere and Markham,Mechanical,10,20,EB,1317.0
2015-04-18,60,10:58:00,Saturday,,Diversion,84,95,E/B,1356.0
2015-04-18,199,10:58:00,Saturday,Finch and Seneca Hill,Mechanical,7,14,WB,1774.0
2015-04-18,52,11:00:00,Saturday,"Lawrence Ave W, Weston to Yonge",General Delay,10,30,b,
2015-04-18,29,11:00:00,Saturday,Eglinton to Wilson,General Delay,35,14,,
2015-04-18,96,11:00:00,Saturday,YKMS to all Branches,General Delay,8,16,B/W,
2015-04-18,165,11:00:00,Saturday,YKMS to all Branches,General Delay,12,24,B/W,
2015-04-18,35,11:00:00,Saturday,Janes Station to Steeles Ave West,General Delay,20,16,B/W,
2015-04-18,195,11:00:00,Saturday,Jane Station to York University Commons,General Delay,30,20,B/W,
2015-04-18,7,11:00:00,Saturday,Bathurst Route,General Delay,45,52,BW,
2015-04-18,84,11:00:00,Saturday,Sheppard stn to WEBR,General Delay,9,18,B/W,
2015-04-18,129,11:15:00,Saturday,McCowan and Buroak,Diversion,25,52,N,1093.0
2015-04-18,60,11:17:00,Saturday,York U Commons,Mechanical,9,18,E/B,1299.0
2015-04-18,68,11:27:00,Saturday,Warden at Murraygrey,Mechanical,17,34,s,7602.0
2015-04-18,70,11:29:00,Saturday,Coxwell station,Mechanical,22,44,n,7446.0
2015-04-18,32,11:44:00,Saturday,Eglinton Stn,Late Leaving Garage,9,18,W/B,1031.0
2015-04-18,102,11:52:00,Saturday,EB Kingston Rd. at Fenwood,Mechanical,10,20,nb,8125.0
2015-04-18,12,12:00:00,Saturday,Kingston rd route,General Delay,18,36,B/W,
2015-04-18,24,12:00:00,Saturday,,General Delay,18,36,BW,
2015-04-18,91,12:00:00,Saturday,Woodbine North route,General Delay,24,48,B/W,
2015-04-18,57,12:00:00,Saturday,Midland rd route,General Delay,15,30,B/W,7730.0
2015-04-18,95,12:06:00,Saturday,York Mills and Leslie,Mechanical,8,16,WB,1763.0
2015-04-18,97,12:14:00,Saturday,Yong Street at yong Blvd.,Investigation,25,50,N,8325.0
2015-04-18,39,12:15:00,Saturday,Finch and Cherokee,Mechanical,7,14,EB,1112.0
2015-04-18,29,12:26:00,Saturday,Wilson Stn,Investigation,3,6,s,9008.0
2015-04-18,29,12:30:00,Saturday,Dufferin and Bloor,Mechanical,4,8,n,9019.0
2015-04-18,75,12:31:00,Saturday,Queens Quay at Jarvis,General Delay,19,37,73524,8158.0
2015-04-18,105,12:45:00,Saturday,Downsview Stn,Mechanical,15,30,n,8204.0
2015-04-18,85,13:00:00,Saturday,Don Mills Stn to Sheppard Stn,General Delay,22,40,E/W,
2015-04-18,94,13:02:00,Saturday,Hoskin and St George,Investigation,12,24,WB,7760.0
2015-04-18,196,13:17:00,Saturday,Downsview station,Utilized Off Route,10,20,N,8135.0
2015-04-18,191,13:21:00,Saturday,Eglinton and Martin Grove,Mechanical,10,20,S,7915.0
2015-04-18,76,13:36:00,Saturday,"On Mimico, at Lakeshore Blvd. W.",Mechanical,9,18,W,7345.0
2015-04-18,87,13:42:00,Saturday,Broadview Stn,Mechanical,12,25,N,7723.0
2015-04-18,12,13:42:00,Saturday,Victoria Park Station,Mechanical,17,34,WB,8127.0
2015-04-18,77,14:00:00,Saturday,Entire Route,General Delay,20,40,B/W,1527.0
2015-04-18,26,14:00:00,Saturday,Entire Route,General Delay,24,48,B/W,
2015-04-18,106,14:07:00,Saturday,Downsview STN,Utilized Off Route,10,20,WB,8382.0
2015-04-18,123,14:14:00,Saturday,Sherway Gardens,Mechanical,10,20,sb,7968.0
2015-04-18,32,14:24:00,Saturday,Millenieum and Tretheway,Mechanical,9,18,e,1607.0
2015-04-18,20,14:33:00,Saturday,2495 Eglinton,Investigation,18,36,EB,7836.0
2015-04-18,60,14:40:00,Saturday,Bathurst and Carpenter,Investigation,11,22,W,1329.0
2015-04-18,68,14:40:00,Saturday,Warden Station,Utilized Off Route,10,20,NB,7485.0
2015-04-18,160,15:00:00,Saturday,Bathurst North Route,General Delay,15,51,BW,
2015-04-18,65,15:03:00,Saturday,Parliament & Gerrad,Investigation,16,32,E,7849.0
2015-04-18,16,15:10:00,Saturday,Scarborough Town Centre,Utilized Off Route,10,20,sb,7693.0
2015-04-18,32,15:12:00,Saturday,Pine and Lawrence,Mechanical,9,18,e,1033.0
2015-04-18,68,15:20:00,Saturday,Warden Station,Utilized Off Route,10,20,NB,7406.0
2015-04-18,196,15:40:00,Saturday,York U.,Mechanical,10,20,s,8135.0
2015-04-18,196,15:40:00,Saturday,,Mechanical,10,0,s,8135.0
2015-04-18,35,15:50:00,Saturday,Finch and Jane,Investigation,8,16,S/B,1208.0
2015-04-18,63,15:57:00,Saturday,Ossington Ave. and Dundas St.West,Investigation,6,13,N,1014.0
2015-04-18,12,15:58:00,Saturday,Victoria Park Stn,Mechanical,34,68,S,7778.0
2015-04-18,60,16:02:00,Saturday,Finch Stn.,Mechanical,11,22,E,1386.0
2015-04-18,191,16:03:00,Saturday,Kipling Stn.,Mechanical,10,20,N,7912.0
2015-04-18,161,16:14:00,Saturday,Ossington Station,Mechanical,12,24,w,1617.0
2015-04-18,39,16:44:00,Saturday,Crowtrail and Neilson,Mechanical,7,14,WB,1825.0
2015-04-18,34,16:44:00,Saturday,Kennedy Station,Mechanical,4,8,WB,7675.0
2015-04-18,116,16:52:00,Saturday,Morningside and Ellesmere,Mechanical,4,8,NB,7616.0
2015-04-18,29,16:58:00,Saturday,Dufferin and Bloor,Investigation,3,6,s,9014.0
2015-04-18,60,17:00:00,Saturday,Steeles and Founders,Investigation,11,22,E,1237.0
2015-04-18,196,17:00:00,Saturday,York U,Mechanical,10,20,s,8135.0
2015-04-18,25,17:00:00,Saturday,DonMills and Eglinton,Mechanical,5,11,NB,7678.0
2015-04-18,160,17:15:00,Saturday,Bathurst & Cascadden,Mechanical,34,68,NB,8202.0
2015-04-18,63,17:30:00,Saturday,Eglinton Ave.West and Oakwood Ave.,Mechanical,6,13,N,1653.0
2015-04-18,29,17:35:00,Saturday,Wilson STN,Utilized Off Route,3,7,SB,8143.0
2015-04-18,29,17:45:00,Saturday,Wilson STN,Utilized Off Route,3,7,SB,9052.0
2015-04-18,29,17:50:00,Saturday,Wilson STN,Utilized Off Route,3,6,SB,8358.0
2015-04-18,45,17:55:00,Saturday,Kipling at Westway,Mechanical,10,19,nb,7911.0
2015-04-18,67,18:15:00,Saturday,Victoria Park Station,Utilized Off Route,15,30,NB,7540.0
2015-04-18,129,18:53:00,Saturday,Scarb Town Ctr Stn,Mechanical,7,14,North,1113.0
2015-04-18,26,19:30:00,Saturday,dupont and oakwood,Investigation,24,48,WB,1006.0
2015-04-18,60,19:32:00,Saturday,Steeles and Bathurst,Mechanical,18,36,e,1237.0
2015-04-18,63,19:49:00,Saturday,Northumberland St. and Ossington Ave.,Mechanical,10,20,N,1590.0
2015-04-18,113,20:00:00,Saturday,Kennedy Road and Summer Drive,Mechanical,20,40,n,7842.0
2015-04-18,102,20:29:00,Saturday,Markham and Nashdene,Investigation,10,20,N,7724.0
2015-04-18,192,20:36:00,Saturday,Kipling stn.,Mechanical,10,20,s/b,8005.0
2015-04-18,73,20:45:00,Saturday,Royal York stn.,Mechanical,20,40,s/b,8036.0
2015-04-18,49,21:09:00,Saturday,Kipling stn.,Late Leaving Garage,30,60,w/b,8038.0
2015-04-18,100,21:20:00,Saturday,Eglinton station,Utilized Off Route,9,18,EB,7599.0
2015-04-18,60,21:44:00,Saturday,finch stn,Mechanical,10,20,w/b,1684.0
2015-04-18,60,21:46:00,Saturday,finch stn,Mechanical,10,20,w/b,1342.0
2015-04-18,32,21:59:00,Saturday,oakwood and Vaughan,Investigation,15,30,WB,1565.0
2015-04-18,35,22:00:00,Saturday,jane and sheppard,Mechanical,8,16,w/b,1360.0
2015-04-18,53,22:04:00,Saturday,Steels at Redlea Ave,Mechanical,19,38,E/B,1087.0
2015-04-18,54,22:09:00,Saturday,Eglinton and duplex,Mechanical,25,55,WB,7413.0
2015-04-18,53,22:12:00,Saturday,Steels at Redlea,Utilized Off Route,20,40,E/B,1118.0
2015-04-18,97,22:13:00,Saturday,Davisville Station,Utilized Off Route,30,62,n,8334.0
2015-04-18,47,22:25:00,Saturday,Queen and Lansdowne,Utilized Off Route,30,60,NB,1557.0
2015-04-18,76,22:30:00,Saturday,Route 76 Royal York S,General Delay,1,1,b/w,
2015-04-18,32,22:31:00,Saturday,St Clair west station,Utilized Off Route,15,30,EB,1010.0
2015-04-18,35,23:21:00,Saturday,jane stn,Investigation,9,18,n/b,1384.0
2015-04-18,76,23:25:00,Saturday,Station rd./Mimico,Mechanical,16,30,s/b,8059.0
2015-04-18,100,23:54:00,Saturday,Broadview Station,Mechanical,14,28,NB,7674.0
2015-04-18,127,23:54:00,Saturday,Spadina and Dupont,Investigation,20,40,WB,1606.0
2015-04-19,133,00:12:00,Sunday,Dormington Dr,Mechanical,13,26,WB,1098.0
2015-04-19,95,00:17:00,Sunday,Kingston Rd Loop,Utilized Off Route,13,26,WB,1747.0
2015-04-19,106,01:33:00,Sunday,Wilson Station,Mechanical,15,31,n,8177.0
2015-04-19,41,01:47:00,Sunday,Keele station,Mechanical,25,47,NB,1560.0
2015-04-19,320,03:30:00,Sunday,Yonge & Steeles,Mechanical,3,6,S,7640.0
2015-04-19,302,03:43:00,Sunday,Warden ave and Danforth Rd,Mechanical,30,60,NB,7689.0
2015-04-19,53,03:45:00,Sunday,Steeles and McCowan rd,General Delay,13,26,E,1144.0
2015-04-19,305,04:40:00,Sunday,Eglinton Station,Mechanical,0,0,EB,7604.0
2015-04-19,32,05:00:00,Sunday,Eglinton between Oakwood and Bathurst,Diversion,999,999,B/W,1637.0
2015-04-19,6,05:07:00,Sunday,Bay and Queens Quay,Diversion,999,999,B/W,1204.0
2015-04-19,63,05:18:00,Sunday,Eglinton West Stn,Late Leaving Garage,12,24,S/B,1413.0
2015-04-19,41,05:22:00,Sunday,Founders and Steeles,Late Leaving Garage,20,33,S/B,1609.0
2015-04-19,47,05:36:00,Sunday,Earlscourt Loop,Late Leaving Garage,20,40,S/B,1620.0
2015-04-19,89,06:00:00,Sunday,Keele Stn,Late Leaving Garage,15,30,N/B,1536.0
2015-04-19,320,06:00:00,Sunday,YONGE ST B/W,Diversion,150,153,N/B,7401.0
2015-04-19,320,06:07:00,Sunday,YORKMILL AND YONGE,Mechanical,3,6,N/B,8394.0
2015-04-19,310,06:30:00,Sunday,BATHUSRT ST,Diversion,154,166,E/B,1790.0
2015-04-19,300,06:50:00,Sunday,EMBL,Late Leaving Garage,5,10,e,8090.0
2015-04-19,72,07:37:00,Sunday,Pape Route,Diversion,979,991,bw,7774.0
2015-04-19,53,08:00:00,Sunday,Finch station,Late Leaving Garage,27,54,WB,1793.0
2015-04-19,130,08:15:00,Sunday,STC,Late Leaving Garage,30,60,NB,1701.0
2015-04-19,48,08:25:00,Sunday,Mill loop,Late Leaving Garage,6,6,,8048.0
2015-04-19,77,08:30:00,Sunday,77-Swansea route,General Delay,12,10,b/w,1675.0
2015-04-19,54,08:30:00,Sunday,Eglinton Yonge,Diversion,15,95,bw,7435.0
2015-04-19,34,08:35:00,Sunday,Yonge Eglinton ave,Diversion,10,85,bw,7430.0
2015-04-19,24,08:38:00,Sunday,Victoria Park Stn,Mechanical,10,20,N/B,7756.0
2015-04-19,100,08:38:00,Sunday,Eglinton Yonge st,Diversion,23,100,bw,7408.0
2015-04-19,39,08:40:00,Sunday,Finch station,Investigation,10,20,EB,1784.0
2015-04-19,51,08:43:00,Sunday,Eglinton & Yonge St,Diversion,94,65,BW,8139.0
2015-04-19,59,08:43:00,Sunday,lawrence West,Mechanical,30,60,E/B,1410.0
2015-04-19,97,08:45:00,Sunday,Yonge St,Diversion,80,65,BW,8324.0
2015-04-19,28,08:45:00,Sunday,Yonge St,Diversion,95,65,BW,8370.0
2015-04-19,11,08:45:00,Sunday,Yonge St,Diversion,80,65,BW,8150.0
2015-04-19,56,08:45:00,Sunday,Eglinton & Yonge,Diversion,98,65,BW,8144.0
2015-04-19,103,08:45:00,Sunday,Eglinton & Yonge,Diversion,85,65,BW,8351.0
2015-04-19,41,08:48:00,Sunday,Keele stn,Utilized Off Route,10,20,n/b,1540.0
2015-04-19,80,08:50:00,Sunday,Humber loop,Late Leaving Garage,4,4,,7976.0
2015-04-19,14,08:50:00,Sunday,Duplex & Chaplin Cres,Diversion,70,90,e/b,1575.0
2015-04-19,83,09:00:00,Sunday,Jones Route,Diversion,847,984,bw,7871.0
2015-04-19,752,09:00:00,Sunday,Shuttle for Roncy 501 Streetcar,Utilized Off Route,0,0,,7315.0
2015-04-19,6,09:00:00,Sunday,6-Bay route,General Delay,15,12,b/w,
2015-04-19,14,09:00:00,Sunday,14-Glencairn route,General Delay,12,10,b/w,
2015-04-19,300,09:21:00,Sunday,Bloor and Yonge,Emergency Services,42,52,e,7632.0
2015-04-19,300,09:21:00,Sunday,Bloor and Yonge,Emergency Services,42,52,w,7336.0
2015-04-19,95,09:30:00,Sunday,YMSTN,Late Leaving Garage,20,40,e,1401.0
2015-04-19,165,09:36:00,Sunday,Barmac and Steeles,Mechanical,10,20,,1209.0
2015-04-19,100,09:38:00,Sunday,Broadview stn,Diversion,10,20,nb,7581.0
2015-04-19,91,09:42:00,Sunday,Wellesley  &  Yonge,Diversion,18,31,E/B,7848.0
2015-04-19,300,09:44:00,Sunday,Bloor and Bay st,Emergency Services,5,10,e,7581.0
2015-04-19,161,09:45:00,Sunday,Humber & Weston,Mechanical,16,32,b/w,1600.0
2015-04-19,25,09:49:00,Sunday,Pape stn,Diversion,8,16,nb,7632.0
2015-04-19,86,09:49:00,Sunday,Kennedy Stn,Mechanical,7,14,EB,7682.0
2015-04-19,165,09:56:00,Sunday,York Mills Stn,Mechanical,30,60,,1326.0
2015-04-19,25,09:57:00,Sunday,Pape stn,Diversion,8,16,nb,7479.0
2015-04-19,24,10:00:00,Sunday,Victoria Park  Route,General Delay,12,1,B/W,
2015-04-19,160,10:00:00,Sunday,Bathurst North 160 Route,General Delay,25,61,BW,
2015-04-19,7,10:00:00,Sunday,Bathurst 7 Route,General Delay,30,37,BW,
2015-04-19,54,10:12:00,Sunday,Eglinton stn,Diversion,8,16,eb,7440.0
2015-04-19,192,10:44:00,Sunday,Terminal Three,Mechanical,10,20,,8005.0
2015-04-19,165,10:45:00,Sunday,York mills Stn,Mechanical,10,20,,1274.0
2015-04-19,54,11:05:00,Sunday,Lawrence Vic Park,Mechanical,8,16,eb,7457.0
2015-04-19,24,11:15:00,Sunday,Victoria Park & Lawerence,Diversion,14,23,N/B,7686.0
2015-04-19,17,11:28:00,Sunday,Warden Station,Mechanical,18,36,NB,7726.0
2015-04-19,63,11:40:00,Sunday,Ossington and College,Mechanical,10,20,S/B,1224.0
2015-04-19,9,11:55:00,Sunday,STC,Late Leaving Garage,20,40,SB,7816.0
2015-04-19,168,12:00:00,Sunday,OLD WESTON RD AND ST CLAIR,General Delay,0,0,B/W,
2015-04-19,53,12:02:00,Sunday,Steeles & McCowan,Mechanical,9,18,WB,1098.0
2015-04-19,85,12:02:00,Sunday,Toronto Zoo,Late Leaving Garage,6,12,w,1793.0
2015-04-19,25,12:05:00,Sunday,Pape Stn,Mechanical,5,11,N+,7546.0
2015-04-19,63,12:15:00,Sunday,Entire Route,Mechanical,10,20,B/W,1592.0
2015-04-19,7,12:16:00,Sunday,Bathurst stn / Steeles,General Delay,20,35,B/W,
2015-04-19,160,12:16:00,Sunday,Wilson stn / Steeles,General Delay,15,30,B/W,
2015-04-19,89,12:23:00,Sunday,Weston Rd at King St,Investigation,10,20,s,1027.0
2015-04-19,39,12:31:00,Sunday,Finch and Sandhurst W,Investigation,9,17,E,1745.0
2015-04-19,47,12:40:00,Sunday,Lansdowne Ave at St Clair Ave W,Mechanical,20,40,s,1061.0
2015-04-19,77,12:44:00,Sunday,Queensway & Winderemere,Investigation,20,40,s/b,1675.0
2015-04-19,39,12:51:00,Sunday,Neilson and  Crowtrail,Investigation,9,17,W,1786.0
2015-04-19,29,13:00:00,Sunday,Glencairn to Wilson Stn,General Delay,40,14,b,
2015-04-19,106,13:10:00,Sunday,Downsview STN,Utilized Off Route,10,20,WB,8167.0
2015-04-19,29,13:35:00,Sunday,Dufferin and Bloor,Utilized Off Route,3,7,s,8190.0
2015-04-19,29,13:35:00,Sunday,Dufferin and Castlefield,Utilized Off Route,1,1,s,8216.0
2015-04-19,41,13:40:00,Sunday,Keele St at Whitburn Cres,Mechanical,10,19,s,1580.0
2015-04-19,54,13:44:00,Sunday,Lawrence E RT,Mechanical,16,32,EB,7436.0
2015-04-19,63,13:53:00,Sunday,Atlantic Ave. and King St.West,Utilized Off Route,7,15,N,1678.0
2015-04-19,47,13:55:00,Sunday,Lansdowne Ave at Dundas St W,Utilized Off Route,18,36,s,1011.0
2015-04-19,14,14:05:00,Sunday,Davisville stn,Investigation,20,40,w/b,1026.0
2015-04-19,97,14:05:00,Sunday,Davisvile STN,Investigation,30,60,NB,8324.0
2015-04-19,85,14:15:00,Sunday,Don Mills Station,Utilized Off Route,5,10,EB,1067.0
2015-04-19,165,14:30:00,Sunday,wilson - dufferin to bathurst,General Delay,30,47,bw,
2015-04-19,89,14:30:00,Sunday,Weston Rd at Rogers Rd,Mechanical,10,20,s,1409.0
2015-04-19,35,14:30:00,Sunday,jane - wilson to eglinton,General Delay,35,43,bw,
2015-04-19,96,14:30:00,Sunday,yorkmills stn to humberline,General Delay,35,52,bw,
2015-04-19,195,14:30:00,Sunday,jane - wilson to eglinton,General Delay,30,40,bw,
2015-04-19,129,14:40:00,Sunday,STC,Utilized Off Route,9,17,N,1753.0
2015-04-19,54,15:00:00,Sunday,Lawrence & Mossbank,Investigation,16,32,EB,7554.0
2015-04-19,43,15:46:00,Sunday,Kennedy and Sheppard,Mechanical,8,16,S,7654.0
2015-04-19,6,16:35:00,Sunday,Bay St at St Joseph St,Mechanical,12,24,s,1529.0
2015-04-19,36,17:05:00,Sunday,Bathurst,Investigation,5,10,W,1422.0
2015-04-19,25,17:10:00,Sunday,Millwood and Pape,Diversion,7,13,S,7480.0
2015-04-19,100,17:11:00,Sunday,Millwood and Pape,Diversion,7,16,S,7410.0
2015-04-19,191,17:30:00,Sunday,Finch,Mechanical,10,20,N,7922.0
2015-04-19,97,18:35:00,Sunday,Finch STN,Mechanical,30,60,NB,8393.0
2015-04-19,39,19:41:00,Sunday,Neilson at Crow Trail,Mechanical,9,17,W/B,1729.0
2015-04-19,25,19:56:00,Sunday,Don Mills and The Donway North,Mechanical,10,20,N,7533.0
2015-04-19,7,20:10:00,Sunday,Bathurst STN,Utilized Off Route,8,16,NB,8167.0
2015-04-19,29,20:10:00,Sunday,Dufferin and Bloor,Utilized Off Route,9,17,n,8373.0
2015-04-19,47,20:12:00,Sunday,Lansdowne Ave. and Bloor St.West,Utilized Off Route,10,20,N,1620.0
2015-04-19,32,20:12:00,Sunday,St.Clair West Station,Utilized Off Route,18,36,W,1637.0
2015-04-19,102,20:21:00,Sunday,Warden Stn,Utilized Off Route,24,36,S/B,7756.0
2015-04-19,25,20:27:00,Sunday,Don Mills Stn,Mechanical,10,20,S,7537.0
2015-04-19,106,20:50:00,Sunday,Downsview STN,Utilized Off Route,15,30,WB,8366.0
2015-04-19,30,21:56:00,Sunday,High Park at Humberside,Diversion,30,60,S,7943.0
2015-04-19,42,22:20:00,Sunday,Finch STN,Mechanical,30,60,EB,8331.0
2015-04-19,1,23:40:00,Sunday,Finch & Sheppard,Mechanical,5,10,SB,7919.0
2015-04-20,35,00:01:00,Monday,Steeles and Jane,Utilized Off Route,10,20,sb,1688.0
2015-04-20,35,00:10:00,Monday,Jane St-Yorkwood Blv,Utilized Off Route,10,20,sb,1243.0
2015-04-20,102,00:11:00,Monday,Greenholm and Markham,Investigation,17,33,N/B,7770.0
2015-04-20,35,00:15:00,Monday,Jane & Yorkwoods,Diversion,155,20,N,7901.0
2015-04-20,35,00:15:00,Monday,Jane and Yorkwood,Utilized Off Route,10,20,nb,1263.0
2015-04-20,320,01:52:00,Monday,Queens Quay & Bay,Diversion,248,8,N,8181.0
2015-04-20,1,02:05:00,Monday,Keele & Wilson,Mechanical,5,10,NB,1274.0
2015-04-20,86,04:20:00,Monday,Eglinton yard,Mechanical,17,0,s,7600.0
2015-04-20,86,04:21:00,Monday,Kennedy STN.,Mechanical,10,20,EB,7679.0
2015-04-20,354,04:30:00,Monday,Lawrence & Overtune,Mechanical,60,1,W,7476.0
2015-04-20,307,04:34:00,Monday,Dixon & Carlingview,Mechanical,30,60,W,1604.0
2015-04-20,307,04:34:00,Monday,Carlingview & Dixon,Mechanical,30,60,W,1604.0
2015-04-20,47,04:45:00,Monday,Earlscourt Loop,Mechanical,0,30,s/b,1023.0
2015-04-20,60,05:04:00,Monday,Steeles and Peter Kaiser,Late Leaving Garage,13,26,E/b,1545.0
2015-04-20,168,05:10:00,Monday,Avon loop,Late Leaving Garage,7,15,S,7306.0
2015-04-20,165,05:20:00,Monday,yorkmills stn,Late Leaving Garage,7,7,w,1219.0
2015-04-20,61,05:26:00,Monday,Eglinton Ave W. Lacelle Blvd,Investigation,10,20,n,8359.0
2015-04-20,14,05:30:00,Monday,caledonia,Late Leaving Garage,23,0,e/b,1605.0
2015-04-20,75,05:30:00,Monday,Lower jarvis and Esplanade,Diversion,998,992,E,8384.0
2015-04-20,109,05:30:00,Monday,Rajah and Neptune,Diversion,1208,1223,E,8313.0
2015-04-20,165,05:33:00,Monday,signet at steeles,Late Leaving Garage,8,23,s,7227.0
2015-04-20,59,05:35:00,Monday,Lawrence W. Stn,Late Leaving Garage,12,24,w/b,1268.0
2015-04-20,47,05:35:00,Monday,Lansdowne and Queen,Mechanical,15,24,n/b,1602.0
2015-04-20,35,05:42:00,Monday,Jane and Steeles,Late Leaving Garage,5,10,E/b,1345.0
2015-04-20,25,05:44:00,Monday,Duncan Mills Don Mills,Mechanical,6,15,sb,7605.0
2015-04-20,116,05:46:00,Monday,Eglinton yard,Mechanical,6,12,s,7478.0
2015-04-20,59,05:47:00,Monday,Lawrence W. Stn,Late Leaving Garage,12,24,W/b,1271.0
2015-04-20,41,05:50:00,Monday,keele stn,Late Leaving Garage,11,22,n/b,9141.0
2015-04-20,43,05:50:00,Monday,Eglinton yard,Mechanical,17,34,s,7640.0
2015-04-20,69,05:52:00,Monday,Danforth & Birchmount,Late Leaving Garage,18,36,N/B,7729.0
2015-04-20,25,05:53:00,Monday,Pape Stn,Mechanical,3,6,N,7652.0
2015-04-20,54,05:57:00,Monday,Star Spray Loop,Mechanical,9,18,wb,7641.0
2015-04-20,53,05:57:00,Monday,Morningside and Staines,Mechanical,3,17,w,9071.0
2015-04-20,131,05:58:00,Monday,Scarborough Town Centre,Late Leaving Garage,9,17,E,1757.0
2015-04-20,97,05:58:00,Monday,Steels at Hilda,Mechanical,0,30,s,8376.0
2015-04-20,39,05:59:00,Monday,Finch station,Late Leaving Garage,3,8,EB,1121.0
2015-04-20,165,06:00:00,Monday,yorkmills stn,Late Leaving Garage,6,11,w,1285.0
2015-04-20,320,06:00:00,Monday,Yonge Night Bus route,General Delay,17,20,B,7401.0
2015-04-20,310,06:00:00,Monday,Bathurst route,General Delay,20,32,B,1790.0
2015-04-20,35,06:00:00,Monday,Steeles To Jane Stn,General Delay,10,20,B/w,
2015-04-20,94,06:01:00,Monday,Castle Frank Stn.,Late Leaving Garage,12,24,w,7698.0
2015-04-20,34,06:01:00,Monday,Eglinton & Birchmount,Mechanical,4,8,w,7457.0
2015-04-20,96,06:02:00,Monday,humbercollege at hwy 27,Mechanical,15,30,e,1221.0
2015-04-20,32,06:02:00,Monday,Eglinton stn,Mechanical,5,10,e/b,1242.0
2015-04-20,7,06:03:00,Monday,Bathurst Station,Late Leaving Garage,8,17,N,9018.0
2015-04-20,191,06:03:00,Monday,Martin grove and Royalcrest,Mechanical,6,12,N,1682.0
2015-04-20,102,06:03:00,Monday,Warden Station,Mechanical,4,8,EB,7851.0
2015-04-20,52,06:03:00,Monday,skyway and dixon,Emergency Services,18,36,e/b,1651.0
2015-04-20,68,06:04:00,Monday,Warden stn,Mechanical,5,9,nb,7421.0
2015-04-20,25,06:05:00,Monday,Eglinton Garage,Mechanical,3,6,S,7479.0
2015-04-20,29,06:07:00,Monday,Dufferin at Tycos,Late Leaving Garage,8,16,s/b,9011.0
2015-04-20,7,06:08:00,Monday,bathurst and Wilson,Late Leaving Garage,8,14,S,9026.0
2015-04-20,39,06:09:00,Monday,Finch & Alexmuir,Mechanical,4,9,WB,1820.0
2015-04-20,37,06:10:00,Monday,Islington Station,Late Leaving Garage,7,15,N,8088.0
2015-04-20,88,06:10:00,Monday,Beth Nealson & Wickseed.,Late Leaving Garage,20,30,,9426.0
2015-04-20,68,06:12:00,Monday,Warden Loop,Mechanical,12,20,nb,7464.0
2015-04-20,25,06:14:00,Monday,Don Mills and Duncan Mills,Mechanical,5,10,S,7414.0
2015-04-20,100,06:14:00,Monday,Eglinton Station,Mechanical,13,26,e,7502.0
2015-04-20,54,06:15:00,Monday,Star Spray Loop,Mechanical,9,18,wb,7642.0
2015-04-20,53,06:15:00,Monday,Passmore and Markham,Mechanical,5,10,w,9091.0
2015-04-20,7,06:20:00,Monday,Heathdale and bathurst,Mechanical,9,18,S,9025.0
2015-04-20,24,06:22:00,Monday,VP Stn.,Late Leaving Garage,6,12,n,7783.0
2015-04-20,87,06:24:00,Monday,Main Stn.,Mechanical,8,16,w,7821.0
2015-04-20,107,06:25:00,Monday,Downsview Stn,Late Leaving Garage,7,14,n,2817.0
2015-04-20,199,06:28:00,Monday,Finch station,Late Leaving Garage,3,6,EB,1805.0
2015-04-20,52,06:29:00,Monday,royal york and dixon,Mechanical,12,24,e/b,1646.0
2015-04-20,45,06:29:00,Monday,KIPLING & STEELES,Mechanical,6,12,S,7313.0
2015-04-20,97,06:31:00,Monday,Bay and Queens Qyay,Diversion,210,240,S,8335.0
2015-04-20,100,06:32:00,Monday,Broadview station,Mechanical,13,23,e,7412.0
2015-04-20,39,06:32:00,Monday,Finch & Old Finch,Late Leaving Garage,15,30,WB,1808.0
2015-04-20,196,06:33:00,Monday,York U. Common,Late Leaving Garage,5,10,s,8138.0
2015-04-20,96,06:33:00,Monday,yorkmills stn,Late Leaving Garage,22,44,e,7202.0
2015-04-20,95,06:37:00,Monday,York Mills Station,Mechanical,7,0,e,1108.0
2015-04-20,86,06:37:00,Monday,Eglinton yard,Mechanical,5,10,e,7440.0
2015-04-20,139,06:38:00,Monday,Malvern Garage,Late Leaving Garage,10,20,w,1068.0
2015-04-20,107,06:39:00,Monday,Finch and Imperial,Mechanical,7,14,n,8350.0
2015-04-20,198,06:40:00,Monday,Eglinton yard,Mechanical,10,20,e,7446.0
2015-04-20,96,06:40:00,Monday,woodbine downs,Mechanical,15,30,e,7245.0
2015-04-20,84,06:41:00,Monday,Weston rd and Rivalda,Mechanical,8,16,w/b,1370.0
2015-04-20,32,06:41:00,Monday,Skymark,Mechanical,5,10,e/b,1607.0
2015-04-20,27,06:41:00,Monday,Princes gate,Late Leaving Garage,8,16,n/b,9032.0
2015-04-20,167,06:42:00,Monday,Sheppard at Brain,Mechanical,24,48,w,7819.0
2015-04-20,88,06:42:00,Monday,St Clair Stn,Late Leaving Garage,12,24,,8348.0
2015-04-20,54,06:42:00,Monday,Star Spray Loop,Mechanical,5,9,wb,7664.0
2015-04-20,84,06:45:00,Monday,Sheppard and Allen Rd.,Mechanical,5,10,E/b,1211.0
2015-04-20,100,06:48:00,Monday,Broadview station,Mechanical,10,13,e,7596.0
2015-04-20,198,06:50:00,Monday,Kingston Rd at Scarborough Golf Club,Mechanical,10,20,e,7602.0
2015-04-20,54,06:51:00,Monday,Scarbough Golf Club rd,Mechanical,9,18,eb,7480.0
2015-04-20,199,06:53:00,Monday,STC,Late Leaving Garage,2,5,WB,1081.0
2015-04-20,54,06:56:00,Monday,Lawrence rt,Mechanical,6,12,wb,7642.0
2015-04-20,96,06:57:00,Monday,wilson at julian,Mechanical,22,44,w,7202.0
2015-04-20,25,06:57:00,Monday,Pape Stn,Mechanical,3,6,N,7546.0
2015-04-20,108,06:58:00,Monday,Downsview Station,Mechanical,12,24,W,1688.0
2015-04-20,83,07:00:00,Monday,Lakeshore Garage,Utilized Off Route,14,28,s?b,7781.0
2015-04-20,45,07:00:00,Monday,ENTIRE ROUTE,General Delay,15,1,B/W,
2015-04-20,122,07:00:00,Monday,Yorkmills stn to Roywood,General Delay,10,20,b/w,
2015-04-20,95,07:00:00,Monday,Ellesmere and Calverly Trail,Mechanical,8,16,w,1137.0
2015-04-20,29,07:00:00,Monday,Wilson stn to Springhurst,General Delay,16,20,b/w,
2015-04-20,196,07:02:00,Monday,Downsview Stn,Late Leaving Garage,5,9,n,
2015-04-20,196,07:03:00,Monday,York U. Common,Late Leaving Garage,4,8,s,9401.0
2015-04-20,195,07:05:00,Monday,Arrow rd and Deerhide crescent,Mechanical,10,20,N/b,1357.0
2015-04-20,36,07:09:00,Monday,Finch West route,Mechanical,1,1,B,1404.0
2015-04-20,53,07:11:00,Monday,Passmore and Markham,Mechanical,5,10,w,1321.0
2015-04-20,195,07:14:00,Monday,Jane and Steeles,Late Leaving Garage,10,20,S/b,1364.0
2015-04-20,100,07:14:00,Monday,Broadview station,Utilized Off Route,10,13,e,7656.0
2015-04-20,102,07:15:00,Monday,WARDEN Stn,Utilized Off Route,10,20,N/B,8105.0
2015-04-20,108,07:15:00,Monday,DOWNSVIEW STATION,Mechanical,7,12,W/B,1804.0
2015-04-20,11,07:16:00,Monday,Davisville Stn.,Mechanical,12,18,n,8341.0
2015-04-20,52,07:19:00,Monday,lawrence west stn,Mechanical,12,24,w/b,1046.0
2015-04-20,68,07:20:00,Monday,Warden Lawrence,Investigation,4,8,nb,7565.0
2015-04-20,24,07:27:00,Monday,VP at Steeles,Utilized Off Route,6,12,S,7855.0
2015-04-20,14,07:30:00,Monday,entire route,General Delay,15,45,b/w,
2015-04-20,29,07:30:00,Monday,Dufferin at Tycos,Mechanical,7,14,s/b,8387.0
2015-04-20,84,07:30:00,Monday,84 Sheppard Ave W,General Delay,9,25,BW,
2015-04-20,115,07:30:00,Monday,Yorkmills stn to Bannatyne,General Delay,15,35,b/w,
2015-04-20,86,07:30:00,Monday,Scarborough route,General Delay,15,0,b/w,
2015-04-20,10,07:30:00,Monday,Don Mills Stn,Mechanical,15,30,e,8189.0
2015-04-20,84,07:32:00,Monday,Sheppard and Laura,Mechanical,9,18,W,1377.0
2015-04-20,165,07:41:00,Monday,wilson at ingleside,Mechanical,9,18,e,1686.0
2015-04-20,95,07:45:00,Monday,York Mills Stn - Ellesmere/Kingston Rd Loop,General Delay,7,12,B/W,
2015-04-20,68,07:46:00,Monday,Warden Bamburgh Circle,Investigation,4,8,sb,7653.0
2015-04-20,196,07:51:00,Monday,Down. Stn,Utilized Off Route,2,4,n,9049.0
2015-04-20,52,08:00:00,Monday,entire route,General Delay,12,35,b/w,
2015-04-20,29,08:00:00,Monday,Dufferin at Dufferin Park,Mechanical,8,16,n/b,9056.0
2015-04-20,21,08:00:00,Monday,Brimley & Eglington,General Delay,10,1,N/B,7817.0
2015-04-20,92,08:00:00,Monday,Ashbridges Bay Loop,Utilized Off Route,9,18,S/B,7720.0
2015-04-20,46,08:00:00,Monday,46 Martin Grove,General Delay,11,30,bw,
2015-04-20,33,08:00:00,Monday,Forrest Hill Route,General Delay,10,15,BW,8338.0
2015-04-20,39,08:00:00,Monday,Finch station to Neilson & Crow Trail,General Delay,8,12,B/W,1085.0
2015-04-20,199,08:00:00,Monday,Finch station to STC,General Delay,8,12,B/W,1093.0
2015-04-20,109,08:00:00,Monday,Ranee Route,General Delay,15,25,BW,
2015-04-20,5,08:00:00,Monday,Eglinton Stn- Queen's park,General Delay,12,40,n/s,
2015-04-20,85,08:06:00,Monday,Don Mills station,Mechanical,6,11,E,9077.0
2015-04-20,35,08:10:00,Monday,Jane and Steeles,Mechanical,5,10,S/b,1345.0
2015-04-20,104,08:12:00,Monday,Dufferin at Finch,Mechanical,13,26,s,8215.0
2015-04-20,61,08:15:00,Monday,,General Delay,10,30,n/s,
2015-04-20,51,08:15:00,Monday,Eglinton Stn.-TownSend & Freshmedow,General Delay,13,35,n/s,
2015-04-20,85,08:15:00,Monday,Don Mills station to Rouge Hill GO,General Delay,15,11,B/W,
2015-04-20,142,08:15:00,Monday,Bombay loop-Simcoe & Richmond,General Delay,30,75,n/s,
2015-04-20,117,08:20:00,Monday,Down Stn,Mechanical,10,20,n,8169.0
2015-04-20,106,08:25:00,Monday,Sentinel & Lamberton,Diversion,120,127,SB,8328.0
2015-04-20,53,08:30:00,Monday,Finch Station to Morningside and Staines,General Delay,14,10,bw,
2015-04-20,94,08:30:00,Monday,Wellesley Route,General Delay,10,20,bw,7707.0
2015-04-20,199,08:32:00,Monday,Finch & Midland,Investigation,3,6,EB,1805.0
2015-04-20,25,08:38:00,Monday,Don Mills and Duncan Mill Rd,Mechanical,3,6,S,7644.0
2015-04-20,74,08:40:00,Monday,Mt Pleasant route,General Delay,30,60,BW,
2015-04-20,199,08:42:00,Monday,Seneca College,Investigation,3,6,WB,1745.0
2015-04-20,44,08:47:00,Monday,KIPLING STATION,Mechanical,4,8,S,8069.0
2015-04-20,196,08:51:00,Monday,Sheppard Stn,Utilized Off Route,8,15,,9439.0
2015-04-20,196,08:59:00,Monday,Downsv. Stn,Utilized Off Route,2,5,n,8194.0
2015-04-20,60,09:00:00,Monday,60 Steeles Ave W,General Delay,7,20,E/B,1305.0
2015-04-20,97,09:00:00,Monday,Yorkmills to St Clair,General Delay,30,60,BW,
2015-04-20,50,09:23:00,Monday,Entire Burnhamthorpe Route,General Delay,15,30,b/w,7345.0
2015-04-20,100,09:30:00,Monday,Donmills & Eglinton,Mechanical,10,1,e,7487.0
2015-04-20,16,09:53:00,Monday,Sccarborough Town Center,Mechanical,10,20,SB,7842.0
2015-04-20,52,10:15:00,Monday,royal york and lawrence,Mechanical,15,30,e/b,1536.0
2015-04-20,54,10:19:00,Monday,Lawrence rt,Mechanical,6,12,wb,7439.0
2015-04-20,196,10:27:00,Monday,Downsview stn,Investigation,4,8,s,8334.0
2015-04-20,41,10:33:00,Monday,Keele and Flamborough,Investigation,11,22,s/b,9151.0
2015-04-20,31,10:48:00,Monday,Greenwood Stn.,Mechanical,12,24,s,7746.0
2015-04-20,79,11:05:00,Monday,Scarlett and Yorkleigh ave.,Mechanical,12,24,S,1667.0
2015-04-20,191,11:07:00,Monday,Kipling station,Mechanical,8,15,N,7947.0
2015-04-20,44,11:10:00,Monday,COL.SMITH LOOP,Mechanical,6,12,B/W,8028.0
2015-04-20,51,11:39:00,Monday,Leslie/ Francine,Investigation,30,60,s,8197.0
2015-04-20,169,11:55:00,Monday,Mccowan and Sheppard,Mechanical,30,60,w,8216.0
2015-04-20,45,11:58:00,Monday,Kipling at Dixon,Investigation,11,22,sb,8057.0
2015-04-20,54,12:05:00,Monday,Lawrence Don Mills,Mechanical,6,12,wb,7404.0
2015-04-20,54,12:05:00,Monday,Lawrence rt,Late Leaving Garage,6,12,wb,7404.0
2015-04-20,31,12:10:00,Monday,Greenwood Stn.,Mechanical,12,24,s,7740.0
2015-04-20,56,12:18:00,Monday,Eglinton Stn.,Mechanical,17,34,n,8327.0
2015-04-20,196,12:36:00,Monday,Downsview Stn,Utilized Off Route,2,5,w,9430.0
2015-04-20,133,12:39:00,Monday,Mccowan and Town Centre Court,Mechanical,10,20,e,1756.0
2015-04-20,42,12:45:00,Monday,Finch Stn,Mechanical,12,24,,8377.0
2015-04-20,195,13:00:00,Monday,Coomons,Mechanical,8,16,S,1576.0
2015-04-20,51,13:02:00,Monday,Eglinton Stn.,Mechanical,25,50,n,8392.0
2015-04-20,23,13:10:00,Monday,Main Station,Mechanical,10,20,NB,7742.0
2015-04-20,14,13:23:00,Monday,Davisville station,Emergency Services,11,35,N,1250.0
2015-04-20,5,13:25:00,Monday,Elm St. & Elizabeth,Mechanical,30,60,n,8364.0
2015-04-20,196,13:35:00,Monday,Downsview Stn,Utilized Off Route,3,8,,9439.0
2015-04-20,100,13:48:00,Monday,845 Brodview Ave N of Pretoria Ave,Mechanical,7,15,NB,7415.0
2015-04-20,11,13:49:00,Monday,Davisville Stn,Utilized Off Route,10,20,n,8190.0
2015-04-20,31,13:50:00,Monday,Greenwood Stn.,Mechanical,12,24,s,7863.0
2015-04-20,169,13:50:00,Monday,Huntingwood e of Warden,Mechanical,30,60,e,8309.0
2015-04-20,52,13:56:00,Monday,Dixon and Jane,Mechanical,24,48,WB,1516.0
2015-04-20,69,13:58:00,Monday,Warden Stn,Mechanical,6,12,NB,7738.0
2015-04-20,196,14:03:00,Monday,Downsview Stn,Mechanical,3,5,e,9414.0
2015-04-20,51,14:06:00,Monday,Leslie stn,Mechanical,25,50,s,8392.0
2015-04-20,60,14:13:00,Monday,Finch Station,Utilized Off Route,7,1,W,1305.0
2015-04-20,53,14:16:00,Monday,W/B Steeles and Kennedy,Investigation,6,11,W,1823.0
2015-04-20,102,14:18:00,Monday,Warden Station,Utilized Off Route,8,16,NB,7705.0
2015-04-20,36,14:20:00,Monday,Finch Stn,Late Leaving Garage,10,20,,9120.0
2015-04-20,110,14:23:00,Monday,LAKESHORE AND ISLINGTON,Mechanical,11,22,n/b,8030.0
2015-04-20,34,14:33:00,Monday,Eglinton Ave & Lebovic Ave,Late Leaving Garage,4,8,WB,7445.0
2015-04-20,87,14:37:00,Monday,Broadview Station,Late Leaving Garage,6,12,EB,7817.0
2015-04-20,88,14:40:00,Monday,St. Clair Station,Mechanical,15,30,eb,8387.0
2015-04-20,47,14:41:00,Monday,Lawrence and Apex,Mechanical,13,25,s,1016.0
2015-04-20,87,14:43:00,Monday,Broadview Station,Late Leaving Garage,6,12,EB,7767.0
2015-04-20,74,14:45:00,Monday,Mt pleasant loop,Late Leaving Garage,15,30,,8345.0
2015-04-20,52,14:46:00,Monday,Royal York and Dixon,Mechanical,15,30,EB,1536.0
2015-04-20,32,14:47:00,Monday,Eglinton stn,Late Leaving Garage,10,18,w,1605.0
2015-04-20,87,14:47:00,Monday,Main Station,Late Leaving Garage,6,12,WB,7732.0
2015-04-20,91,14:50:00,Monday,Cassandra Blvd,Late Leaving Garage,6,12,SB,8109.0
2015-04-20,32,14:51:00,Monday,Eglinton stn,Late Leaving Garage,8,16,w,1423.0
2015-04-20,224,14:53:00,Monday,Don Mills Station,Mechanical,10,20,EB,7543.0
2015-04-20,79,14:59:00,Monday,Pine and Lawrence,Mechanical,12,24,s,1649.0
2015-04-20,41,15:00:00,Monday,Entire Route,General Delay,20,30,B/W,
2015-04-20,39,15:03:00,Monday,Finch and Leslie,Mechanical,7,14,EB,1754.0
2015-04-20,108,15:04:00,Monday,Finch and Driftwood,Late Leaving Garage,4,8,S,1394.0
2015-04-20,45,15:04:00,Monday,Kipling stati9on,Mechanical,3,13,nb,7325.0
2015-04-20,86,15:05:00,Monday,Eglinton yard,Late Leaving Garage,14,28,EB,7429.0
2015-04-20,89,15:06:00,Monday,Keele Station,Late Leaving Garage,7,14,NB,1532.0
2015-04-20,41,15:14:00,Monday,Commons at York Uniiv.,Late Leaving Garage,14,28,SB,9143.0
2015-04-20,87,15:18:00,Monday,Cosburn and Broadview,Mechanical,6,12,WB,7845.0
2015-04-20,35,15:19:00,Monday,Fallstaf,Late Leaving Garage,5,10,S,1001.0
2015-04-20,195,15:19:00,Monday,Commons,Mechanical,9,18,S,1381.0
2015-04-20,52,15:20:00,Monday,Lawrence west station,Late Leaving Garage,11,22,WB,
2015-04-20,63,15:25:00,Monday,Oakwood Ave. and Eglinton Ave. West,Mechanical,5,10,S,1618.0
2015-04-20,42,15:27:00,Monday,Finch station,Mechanical,12,23,eb,9411.0
2015-04-20,52,15:29:00,Monday,Terminal 1,Late Leaving Garage,6,8,EB,1571.0
2015-04-20,52,15:30:00,Monday,Tollington and Martingrove,Late Leaving Garage,11,22,EB,1528.0
2015-04-20,42,15:38:00,Monday,Finch Station,Mechanical,12,23,eb,8169.0
2015-04-20,116,15:40:00,Monday,Kenney STN,Mechanical,12,24,EB,7576.0
2015-04-20,60,15:41:00,Monday,Entire 60 Steeles West Route - ( Keele St to FSTN),General Delay,15,28,B/W,
2015-04-20,41,15:41:00,Monday,Keele Station,Mechanical,10,21,SB,9151.0
2015-04-20,32,15:49:00,Monday,Skymark,Late Leaving Garage,8,16,e,1551.0
2015-04-20,124,15:51:00,Monday,Lawrence Station,Mechanical,6,12,eb,8350.0
2015-04-20,142,15:53:00,Monday,Richmond / Church,Diversion,72,102,n,8153.0
2015-04-20,196,15:56:00,Monday,Downsview Stn,Mechanical,2,4,w,9403.0
2015-04-20,52,16:09:00,Monday,Lawrence station,Late Leaving Garage,21,42,WB,1234.0
2015-04-20,63,16:09:00,Monday,Oakwood Ave. and Earlesdale Ave.,Mechanical,10,20,S,1204.0
2015-04-20,53,16:24:00,Monday,Steeles and Birmley,Investigation,2,5,W,9095.0
2015-04-20,196,16:24:00,Monday,Downsview stn,Mechanical,2,4,e,8301.0
2015-04-20,53,16:24:00,Monday,Steeles and Brimly,Investigation,5,7,W,1100.0
2015-04-20,199,16:27:00,Monday,Scarborough Town Centre,Mechanical,4,8,WB,1138.0
2015-04-20,21,16:28:00,Monday,Brimley and Port royal,Diversion,9,560,S,7695.0
2015-04-20,37,16:30:00,Monday,ISLINGTON AT IRWIN RD,Diversion,490,58,S/B,8042.0
2015-04-20,95,16:30:00,Monday,B/W,General Delay,8,12,B/w,
2015-04-20,63,16:31:00,Monday,Oakwood & Earlsdale,Investigation,10,20,S,1204.0
2015-04-20,95,16:32:00,Monday,Ellesmere at principal Drive,Mechanical,8,17,W/B,1085.0
2015-04-20,70,16:36:00,Monday,warden statin,Mechanical,18,36,w,7529.0
2015-04-20,165,16:38:00,Monday,York Mills Stn,Mechanical,27,73,W,7227.0
2015-04-20,6,16:45:00,Monday,Dupont St. and Bedford Rd,Diversion,25,35,S,1047.0
2015-04-20,26,16:45:00,Monday,Bedford Rd. and Davenport Rd.,Diversion,25,39,W,1678.0
2015-04-20,96,16:55:00,Monday,Humber College and Hwy.27,Mechanical,19,38,E,1217.0
2015-04-20,5,17:02:00,Monday,Queenpark circle,Mechanical,16,30,n,8364.0
2015-04-20,15,17:22:00,Monday,Royal York Station,Investigation,12,24,W,7974.0
2015-04-20,60,17:25:00,Monday,Finch Station,Utilized Off Route,11,22,W,7245.0
2015-04-20,36,17:26:00,Monday,Bathurst and Finch,Emergency Services,4,8,,9111.0
2015-04-20,53,17:32:00,Monday,Steeles Ave E and Midland Ave,Utilized Off Route,5,10,E,1141.0
2015-04-20,195,17:36:00,Monday,Steeles,Mechanical,8,16,S,1399.0
2015-04-20,45,17:39:00,Monday,Kipling station,Mechanical,8,16,nb,7314.0
2015-04-20,81,17:40:00,Monday,Thorncliff and Overlea,Mechanical,7,14,E,8100.0
2015-04-20,78,17:45:00,Monday,Carluke and Fifeshire,Mechanical,15,30,S,8135.0
2015-04-20,60,17:46:00,Monday,Finch Station,Utilized Off Route,7,14,W,1327.0
2015-04-20,100,17:53:00,Monday,Wynford Dr at Concorde Pl,Mechanical,6,11,SB,7596.0
2015-04-20,96,18:03:00,Monday,Humber College Blvd. and Finch,Mechanical,19,38,W,1804.0
2015-04-20,116,18:04:00,Monday,Ellesmere and Morningside,Mechanical,6,12,EB,7618.0
2015-04-20,116,18:04:00,Monday,Ellesmere and Morningside,Mechanical,6,12,SB,7618.0
2015-04-20,131,18:05:00,Monday,Scarborough Town Ctr,Utilized Off Route,9,18,S,1069.0
2015-04-20,34,18:07:00,Monday,Eglinton Ave at Prudham Gate,Investigation,4,8,WB,7609.0
2015-04-20,62,18:16:00,Monday,Broadview and Mortimer Ave,Investigation,15,17,SB,7809.0
2015-04-20,22,18:20:00,Monday,Coxwell Station,Mechanical,8,16,SB,7797.0
2015-04-20,96,18:22:00,Monday,Woodbine Downs and Carrier Dr.,Mechanical,19,38,E,1268.0
2015-04-20,52,18:31:00,Monday,Lawrence and Shermount,Investigation,11,22,EB,1539.0
2015-04-20,165,18:33:00,Monday,Steeles and Barmac,Mechanical,16,24,E,7251.0
2015-04-20,53,18:34:00,Monday,Morning side and Oasis drive,Mechanical,14,32,W,9078.0
2015-04-20,131,18:38:00,Monday,STC,Utilized Off Route,1,1,N/B,1352.0
2015-04-20,34,18:38:00,Monday,Eglinton Ave & Leslie St,Mechanical,4,11,EB,7518.0
2015-04-20,165,18:45:00,Monday,York Mills Stn.,Utilized Off Route,10,32,W,1237.0
2015-04-20,199,18:52:00,Monday,Finch and Mccowan,Emergency Services,5,10,WB,1133.0
2015-04-20,83,18:56:00,Monday,Queen and Carlaw,Mechanical,18,39,SB,7824.0
2015-04-20,131,19:17:00,Monday,Old Finch and Morning View,Mechanical,8,16,S/B,1102.0
2015-04-20,36,19:30:00,Monday,Finch Stn,Emergency Services,8,16,,9111.0
2015-04-20,25,19:30:00,Monday,Don Mills and Wynford,General Delay,5,9,SB,
2015-04-20,105,19:43:00,Monday,Downsview,Mechanical,15,30,n,8186.0
2015-04-20,196,19:48:00,Monday,Downsview stn,Utilized Off Route,2,4,n,8201.0
2015-04-20,26,19:58:00,Monday,St.George stn.,Mechanical,24,48,w,1580.0
2015-04-20,91,20:28:00,Monday,29 Valleywoods drive,Mechanical,24,48,NB,7704.0
2015-04-20,57,20:37:00,Monday,Midland Avenue and Huntingwood,Mechanical,12,24,N,7834.0
2015-04-20,11,21:06:00,Monday,Davisville stn,Mechanical,30,60,n,8209.0
2015-04-20,90,21:08:00,Monday,Vaughan and Maplewood,Mechanical,8,16,sb,9444.0
2015-04-20,52,21:20:00,Monday,Dixon rd / Scarlett,Mechanical,15,30,e,1598.0
2015-04-20,199,21:29:00,Monday,Finch Ave E and Wayside Ave,Diversion,71,79,W,1111.0
2015-04-20,39,21:29:00,Monday,Finch Ave E and Wayside Ave,Diversion,130,136,W,1819.0
2015-04-20,39,21:35:00,Monday,Finch Ave E and Tiffield Rd,Mechanical,6,12,W,1787.0
2015-04-20,60,22:20:00,Monday,Steeles & Norfinch,Mechanical,15,30,W,1374.0
2015-04-20,36,23:44:00,Monday,Finch & Sentinal,Mechanical,10,20,W,1393.0
2015-04-20,96,23:49:00,Monday,Weston & Walsh,Mechanical,18,36,E,1415.0
2015-04-21,70,01:05:00,Tuesday,Coxwell & Plains,Mechanical,30,60,NB,7612.0
2015-04-21,25,05:00:00,Tuesday,Eglinton Garage,Mechanical,1,1,S,7417.0
2015-04-21,35,05:07:00,Tuesday,Jane Stn,Late Leaving Garage,5,10,N/b,7918.0
2015-04-21,21,05:15:00,Tuesday,Brimley -Wenlock to Steeles,Diversion,1,1,B/W,7790.0
2015-04-21,165,05:20:00,Tuesday,yorkmills stn,Late Leaving Garage,7,7,w,1219.0
2015-04-21,53,05:22:00,Tuesday,Passmore and Markham,Mechanical,5,10,w,1080.0
2015-04-21,90,05:25:00,Tuesday,Oakwood and Vaughan,Late Leaving Garage,30,1,N,9404.0
2015-04-21,10,05:28:00,Tuesday,Van Horn/Bickerton,Late Leaving Garage,0,15,w,8342.0
2015-04-21,39,05:30:00,Tuesday,Finch station,Late Leaving Garage,5,11,EB,1762.0
2015-04-21,75,05:30:00,Tuesday,Lower jarvis and Esplanade,Diversion,992,998,E,8301.0
2015-04-21,109,05:30:00,Tuesday,Neptune and Rajah,Diversion,1208,1223,E,8210.0
2015-04-21,39,05:31:00,Tuesday,Finch & Baldoon,Late Leaving Garage,4,8,EB,1825.0
2015-04-21,32,05:35:00,Tuesday,Pine and Lawrence,Mechanical,0,9,e/b,1600.0
2015-04-21,54,05:37:00,Tuesday,Eglinton Yard,Mechanical,1,1,ob,7467.0
2015-04-21,92,05:48:00,Tuesday,Woodbine Stn,Late Leaving Garage,15,30,s/b,7829.0
2015-04-21,85,05:49:00,Tuesday,Rouge Hill GO,Late Leaving Garage,11,21,W,9071.0
2015-04-21,60,05:51:00,Tuesday,Martin grove and steeles,Late Leaving Garage,2,4,E/b,1701.0
2015-04-21,86,05:52:00,Tuesday,Kennedy station,Mechanical,9,18,e,7620.0
2015-04-21,32,05:52:00,Tuesday,Eglinton and Keele,Late Leaving Garage,19,28,e/b,1042.0
2015-04-21,116,05:54:00,Tuesday,Morningside and Staines,Utilized Off Route,6,12,n,7656.0
2015-04-21,116,05:55:00,Tuesday,Kennedy station,Mechanical,12,24,e,7578.0
2015-04-21,53,05:55:00,Tuesday,Passmore and Markham,Mechanical,5,10,w,1102.0
2015-04-21,168,05:58:00,Tuesday,Avon Loop,Late Leaving Garage,8,13,S,8012.0
2015-04-21,106,06:00:00,Tuesday,York U. Common,Late Leaving Garage,15,30,s,8352.0
2015-04-21,52,06:07:00,Tuesday,royal york and dixon,Late Leaving Garage,12,24,e/b,1020.0
2015-04-21,76,06:07:00,Tuesday,Royal York Rd and Dartmouth Crs,Mechanical,4,9,S,8047.0
2015-04-21,79,06:08:00,Tuesday,pine,Late Leaving Garage,12,24,s/b,1590.0
2015-04-21,199,06:09:00,Tuesday,STC,Late Leaving Garage,2,5,WB,1098.0
2015-04-21,90,06:10:00,Tuesday,oakwood and vaughan,Mechanical,4,9,S,9420.0
2015-04-21,53,06:11:00,Tuesday,Finch Station,Mechanical,0,0,e,9087.0
2015-04-21,39,06:13:00,Tuesday,Finch & Baldoon,Late Leaving Garage,3,9,EB,1784.0
2015-04-21,86,06:14:00,Tuesday,Eglinton yard,Mechanical,4,8,s,7668.0
2015-04-21,41,06:15:00,Tuesday,Keele and Petrolia,Late Leaving Garage,11,22,s/b,9152.0
2015-04-21,34,06:17:00,Tuesday,Kennedy station,Mechanical,4,8,w,7525.0
2015-04-21,45,06:18:00,Tuesday,KIPLING & STEELES,Mechanical,5,10,S,8060.0
2015-04-21,32,06:21:00,Tuesday,Emmett,Late Leaving Garage,11,20,e/b,1235.0
2015-04-21,32,06:26:00,Tuesday,Skymark,Late Leaving Garage,5,10,e/b,1018.0
2015-04-21,97,06:31:00,Tuesday,bay and Queens Quay,Diversion,210,240,S,8390.0
2015-04-21,63,06:35:00,Tuesday,King & Strachan,Investigation,4,9,e/b,1633.0
2015-04-21,45,06:35:00,Tuesday,KIPLING & STEELES,Late Leaving Garage,6,12,S,7952.0
2015-04-21,53,06:38:00,Tuesday,Finch Station,Mechanical,4,8,e,1111.0
2015-04-21,49,06:39:00,Tuesday,BLOOR & MARKLAND,Late Leaving Garage,6,15,E,7348.0
2015-04-21,191,06:45:00,Tuesday,Dixon and Attewell,Mechanical,5,23,N,7905.0
2015-04-21,191,06:49:00,Tuesday,Kipling station,Mechanical,5,10,N,7915.0
2015-04-21,42,06:50:00,Tuesday,Victoria Park,Late Leaving Garage,13,23,w,8205.0
2015-04-21,199,06:50:00,Tuesday,STC,Late Leaving Garage,3,5,WB,1133.0
2015-04-21,89,06:52:00,Tuesday,Albion and Weaton Road,Late Leaving Garage,5,10,s/b,1575.0
2015-04-21,124,06:53:00,Tuesday,lawrence stn,Late Leaving Garage,6,13,e/b,8181.0
2015-04-21,60,06:57:00,Tuesday,FSTN,Late Leaving Garage,7,14,W,1260.0
2015-04-21,105,06:59:00,Tuesday,Downsview Stn,Mechanical,29,43,n,9443.0
2015-04-21,32,06:59:00,Tuesday,Eglinton stn,Late Leaving Garage,5,10,w/b,1287.0
2015-04-21,195,07:00:00,Tuesday,Steeles To Jane Stn,General Delay,10,20,B/W,
2015-04-21,35,07:00:00,Tuesday,Steeles to Jane Stn,General Delay,5,10,B/w,
2015-04-21,68,07:03:00,Tuesday,Warden stn,Mechanical,5,9,nb,7490.0
2015-04-21,125,07:04:00,Tuesday,Finch Stn,Late Leaving Garage,8,15,NB,8370.0
2015-04-21,102,07:17:00,Tuesday,Anserson and Bur Oak,Mechanical,20,40,S,7872.0
2015-04-21,81,07:26:00,Tuesday,65 Thorncliffe Pk,Utilized Off Route,5,10,S/B,7841.0
2015-04-21,87,07:27:00,Tuesday,Broadview  Stn,Utilized Off Route,5,10,E/B,7859.0
2015-04-21,84,07:30:00,Tuesday,Sheppard Station to Weston Rd.,General Delay,10,12,B/W,
2015-04-21,29,07:30:00,Tuesday,Wilson st to Princes Gate,General Delay,12,16,b/w,
2015-04-21,199,07:37:00,Tuesday,Finch & Leslie,Mechanical,3,6,WB,1823.0
2015-04-21,165,07:41:00,Tuesday,wilson at ingleside,Mechanical,9,18,e,1686.0
2015-04-21,199,07:54:00,Tuesday,Finch & Brimley,Mechanical,3,6,WB,1098.0
2015-04-21,89,07:55:00,Tuesday,Keele and Annette,Investigation,5,10,s/b,1500.0
2015-04-21,14,08:00:00,Tuesday,entire route,General Delay,15,45,b/w,
2015-04-21,33,08:00:00,Tuesday,Forrest Hill Route,General Delay,15,30,BW,8197.0
2015-04-21,94,08:00:00,Tuesday,WELLESLEY ROUTE,General Delay,10,0,B/W,
2015-04-21,24,08:00:00,Tuesday,VICTORIA PARK,General Delay,8,0,B/W,
2015-04-21,36,08:00:00,Tuesday,Finch west route,General Delay,12,18,B,9114.0
2015-04-21,199,08:12:00,Tuesday,STC,Utilized Off Route,3,6,WB,1146.0
2015-04-21,132,08:12:00,Tuesday,Scarborough Town Centre,Mechanical,12,24,E,1078.0
2015-04-21,196,08:13:00,Tuesday,Dwonsview Station,Utilized Off Route,3,6,N,9441.0
2015-04-21,196,08:14:00,Tuesday,Downsview Stn,Utilized Off Route,2,5,n,9436.0
2015-04-21,5,08:15:00,Tuesday,Eglinton stn- Queen's park,General Delay,10,25,r,
2015-04-21,61,08:15:00,Tuesday,Bombay Loop- Eglinton Stn.,General Delay,10,30,N/S,
2015-04-21,85,08:17:00,Tuesday,Sheppard and Kennedy,Mechanical,11,22,E,9074.0
2015-04-21,160,08:20:00,Tuesday,Wilson Station,Mechanical,20,40,N,8365.0
2015-04-21,32,08:21:00,Tuesday,Eglinton stn,Utilized Off Route,5,10,w/b,1625.0
2015-04-21,96,08:25:00,Tuesday,wilson at ingleside,Mechanical,22,44,e,1686.0
2015-04-21,66,08:30:00,Tuesday,Old Mill Station,Mechanical,14,28,S,8096.0
2015-04-21,51,08:30:00,Tuesday,Eglinton stn- fresh medow,General Delay,14,28,S/N,
2015-04-21,96,08:50:00,Tuesday,humbercollege at hwy 27,Investigation,17,34,e,1294.0
2015-04-21,196,08:51:00,Tuesday,Dufferin Stn,Utilized Off Route,2,5,n,9435.0
2015-04-21,196,08:51:00,Tuesday,Sheppard Stn,Utilized Off Route,8,15,,9429.0
2015-04-21,196,08:54:00,Tuesday,Sheppard Stn,Utilized Off Route,2,8,,9412.0
2015-04-21,97,09:00:00,Tuesday,Yonge St,General Delay,30,60,,
2015-04-21,85,09:02:00,Tuesday,Sheppard and Greembriar,Investigation,13,25,W,1145.0
2015-04-21,53,09:11:00,Tuesday,Yonge and Steeles,Investigation,3,9,s,1278.0
2015-04-21,36,09:15:00,Tuesday,Humber College and Finch,Diversion,40,46,E,1225.0
2015-04-21,191,09:15:00,Tuesday,Humber College and Finch,Diversion,40,45,N,7951.0
2015-04-21,11,09:16:00,Tuesday,Bayview/ Eglinton,Mechanical,10,20,S,8360.0
2015-04-21,34,09:17:00,Tuesday,Eglinton & Lebovic,Mechanical,4,8,e,7525.0
2015-04-21,38,09:20:00,Tuesday,Ellesmere and Morningside,Mechanical,8,16,w,1107.0
2015-04-21,196,09:24:00,Tuesday,Downsview Stn,Mechanical,3,5,n,9405.0
2015-04-21,70,10:04:00,Tuesday,Oconnor Binswood,Diversion,14,23,wb,7616.0
2015-04-21,35,10:05:00,Tuesday,Jane and Finch,Mechanical,8,16,S/b,1274.0
2015-04-21,52,10:27:00,Tuesday,lawrence stn,Investigation,1,1,w/b,1057.0
2015-04-21,45,10:30:00,Tuesday,KIPLING & WESTHUMBER,Mechanical,6,11,S,8030.0
2015-04-21,21,10:30:00,Tuesday,STC,Mechanical,14,28,N/B,7790.0
2015-04-21,102,10:54:00,Tuesday,Warden Stn,Utilized Off Route,8,16,N/B,7767.0
2015-04-21,52,10:56:00,Tuesday,Lawrence and Keele,Mechanical,15,30,w/b,1614.0
2015-04-21,40,11:05:00,Tuesday,Runnymede Loop,Utilized Off Route,5,10,E,8098.0
2015-04-21,76,11:08:00,Tuesday,Royal York Station,Utilized Off Route,9,18,S,8090.0
2015-04-21,32,11:28:00,Tuesday,Emmett,Mechanical,13,26,e/b,1010.0
2015-04-21,56,11:44:00,Tuesday,Eglinton Stn,Mechanical,17,34,N,8304.0
2015-04-21,81,11:46:00,Tuesday,Pape Stn,Utilized Off Route,10,20,S/b,8103.0
2015-04-21,199,11:50:00,Tuesday,McCowan & Kenhatch,Mechanical,5,10,WB,1819.0
2015-04-21,77,11:53:00,Tuesday,Runnymede and Bloor,Investigation,24,48,n,1546.0
2015-04-21,198,11:57:00,Tuesday,Kennedy STN,Mechanical,10,20,EB,7541.0
2015-04-21,71,12:30:00,Tuesday,St Clair and Britannia,Diversion,60,84,n,1628.0
2015-04-21,29,12:53:00,Tuesday,Wilson stn,Mechanical,5,10,s/b,9025.0
2015-04-21,60,13:00:00,Tuesday,Entire 60 Steeles West Route ( Fenmar to FSTN),General Delay,15,28,B/W,
2015-04-21,35,13:00:00,Tuesday,Jane st to all branches,General Delay,1,1,BW,1.0
2015-04-21,85,13:00:00,Tuesday,Don Mills Stn to Sheppard Stn,General Delay,25,41,W/E,
2015-04-21,195,13:00:00,Tuesday,Jane stn to all branches,General Delay,1,1,NB,1.0
2015-04-21,29,13:01:00,Tuesday,Wilson stn,Mechanical,5,10,s/b,9049.0
2015-04-21,60,13:04:00,Tuesday,York U / Commons,Utilized Off Route,8,1,E,1732.0
2015-04-21,196,13:06:00,Tuesday,Downsview Stn,Mechanical,2,5,w,9401.0
2015-04-21,40,13:10:00,Tuesday,DUNDAS STREET,General Delay,13,23,bw,
2015-04-21,130,13:15:00,Tuesday,STC,Mechanical,30,60,N,1703.0
2015-04-21,199,13:34:00,Tuesday,STC,Utilized Off Route,5,10,W,
2015-04-21,90,13:36:00,Tuesday,St.Clair west station,Utilized Off Route,8,16,Wb,8373.0
2015-04-21,41,14:00:00,Tuesday,Entire Route,General Delay,30,40,B/W,
2015-04-21,45,14:00:00,Tuesday,Rathburn to Eglinton,General Delay,15,10,bw,
2015-04-21,29,14:00:00,Tuesday,Dufferin route,General Delay,20,15,B,
2015-04-21,109,14:00:00,Tuesday,On Route,General Delay,20,40,SB,
2015-04-21,96,14:00:00,Tuesday,Weston and Albion,Mechanical,32,64,E,1399.0
2015-04-21,47,14:15:00,Tuesday,Entire Route,General Delay,10,18,B/W,
2015-04-21,168,14:25:00,Tuesday,DUNDAS ON BLOOR,Investigation,10,20,NB,7933.0
2015-04-21,25,14:27:00,Tuesday,Pape Station,Mechanical,3,6,NB,7682.0
2015-04-21,53,14:28:00,Tuesday,Malvern Garage,Late Leaving Garage,4,13,W,9086.0
2015-04-21,87,14:29:00,Tuesday,Broadview Station,Mechanical,11,22,EB,7849.0
2015-04-21,48,14:30:00,Tuesday,RATHBURN AND CENTENNIAL,General Delay,13,25,eb,
2015-04-21,76,14:35:00,Tuesday,ROYAL YORK STN,Utilized Off Route,9,18,NB,7343.0
2015-04-21,61,14:44:00,Tuesday,Bombay lp,Mechanical,15,30,s,8179.0
2015-04-21,190,14:45:00,Tuesday,Don Mills Station,Mechanical,5,10,EB,7625.0
2015-04-21,57,14:45:00,Tuesday,Birchmount Garage,Late Leaving Garage,8,16,N,7877.0
2015-04-21,161,14:45:00,Tuesday,Entire Route,General Delay,12,24,B/W,
2015-04-21,52,14:57:00,Tuesday,Keele and Lawrence,Investigation,15,30,w,1024.0
2015-04-21,39,14:58:00,Tuesday,Seneca Loop,Late Leaving Garage,10,20,,1784.0
2015-04-21,79,15:00:00,Tuesday,Entire Route,General Delay,9,21,B/W,
2015-04-21,108,15:04:00,Tuesday,Finch and Driftwood,Late Leaving Garage,4,8,S,1306.0
2015-04-21,6,15:05:00,Tuesday,Morningside and Morningview trail,Late Leaving Garage,9,18,n,1403.0
2015-04-21,60,15:08:00,Tuesday,York U / Commons,Late Leaving Garage,11,1,E,1205.0
2015-04-21,132,15:12:00,Tuesday,Hupfield and Sewells,Late Leaving Garage,12,24,W,1793.0
2015-04-21,102,15:17:00,Tuesday,Warden Station,Late Leaving Garage,5,10,NB,7800.0
2015-04-21,35,15:19:00,Tuesday,Falstaf,Late Leaving Garage,5,10,S,1654.0
2015-04-21,34,15:21:00,Tuesday,Eglinton Ave & Lebovic Ave,Late Leaving Garage,4,8,WB,7681.0
2015-04-21,35,15:21:00,Tuesday,Steeles,Late Leaving Garage,5,10,S,1596.0
2015-04-21,131,15:23:00,Tuesday,Kennedy Stn,Late Leaving Garage,8,17,,1145.0
2015-04-21,24,15:24:00,Tuesday,VP Stn.,Mechanical,7,14,n,7830.0
2015-04-21,34,15:27:00,Tuesday,Eglinton Ave at Prudham Gt,Mechanical,4,8,WB,7404.0
2015-04-21,84,15:28:00,Tuesday,Sheppard Station,Late Leaving Garage,11,22,W,1221.0
2015-04-21,21,15:28:00,Tuesday,Scarborough town center,Mechanical,9,18,N,7804.0
2015-04-21,102,15:28:00,Tuesday,Lawrence and Markham,Mechanical,22,44,NB,7799.0
2015-04-21,191,15:35:00,Tuesday,Royalcrest Rd and Hwy 27,Mechanical,5,10,,1392.0
2015-04-21,29,15:45:00,Tuesday,Bridgeland,Emergency Services,5,15,S,9042.0
2015-04-21,196,15:50:00,Tuesday,Downsview Stn,Mechanical,2,4,w,9410.0
2015-04-21,63,15:54:00,Tuesday,Oakwood Ave. and St.Clair Ave.West,Investigation,5,10,S,1577.0
2015-04-21,65,15:58:00,Tuesday,Castle Frank Station,Mechanical,9,18,SB,7814.0
2015-04-21,94,16:00:00,Tuesday,Wellesley Route,General Delay,10,20,bw,7826.0
2015-04-21,52,16:00:00,Tuesday,Entire route,General Delay,12,6,b/w,
2015-04-21,61,16:00:00,Tuesday,Bombay loop,Mechanical,12,24,s,8193.0
2015-04-21,65,16:00:00,Tuesday,Parliament route,General Delay,15,1,B/W,
2015-04-21,6,16:10:00,Tuesday,Queens Quay and Dockside Ave.,Mechanical,5,10,N,1577.0
2015-04-21,106,16:11:00,Tuesday,Downsview Stn,Mechanical,10,19,w,8359.0
2015-04-21,96,16:21:00,Tuesday,Carrier Loop,Mechanical,28,56,E,1561.0
2015-04-21,709,16:23:00,Tuesday,Eglinton w stn,Utilized Off Route,5,10,e,1036.0
2015-04-21,709,16:23:00,Tuesday,Eglinton w stn,Utilized Off Route,5,10,e,1510.0
2015-04-21,780,16:25:00,Tuesday,Eglinton Stn,Utilized Off Route,1,1,s,7453.0
2015-04-21,54,16:25:00,Tuesday,Eglinton station,Utilized Off Route,11,22,w,7638.0
2015-04-21,145,16:25:00,Tuesday,RICHMOND AND JARVIS,Diversion,205,235,eb,7972.0
2015-04-21,196,16:30:00,Tuesday,Downsview Stn,Mechanical,2,4,w,9438.0
2015-04-21,7,16:34:00,Tuesday,Bathurst/Finch,Mechanical,8,16,SB,9037.0
2015-04-21,79,16:40:00,Tuesday,Entire Route,Mechanical,12,24,B/W,1647.0
2015-04-21,190,16:52:00,Tuesday,Birchmount and Sheppard,Mechanical,5,10,WB,7431.0
2015-04-21,92,16:58:00,Tuesday,Woodbine Station,Mechanical,10,20,N,7810.0
2015-04-21,46,17:00:00,Tuesday,Kipling and Rathburn,General Delay,10,20,B/W,
2015-04-21,32,17:05:00,Tuesday,Dufferin and Eglinton,Investigation,9,18,e,1025.0
2015-04-21,54,17:06:00,Tuesday,Northfield and Orton Pk,Investigation,12,24,s,7435.0
2015-04-21,53,17:10:00,Tuesday,Steeles and Donmills,Mechanical,5,6,W,1712.0
2015-04-21,165,17:16:00,Tuesday,Steeles and Barmac,Mechanical,8,23,S,1700.0
2015-04-21,68,17:25:00,Tuesday,angus glen,Mechanical,18,36,s,7603.0
2015-04-21,84,17:30:00,Tuesday,Sheppard Avenue and Yonge Street,General Delay,10,20,E/B,
2015-04-21,46,17:30:00,Tuesday,Martin Grove and Hwy 409,General Delay,10,20,S/B,
2015-04-21,84,17:46:00,Tuesday,Downsview Station,Investigation,22,44,E,1364.0
2015-04-21,29,17:48:00,Tuesday,St. Clair,Investigation,5,10,N,9447.0
2015-04-21,109,17:52:00,Tuesday,Eglinton West Station,Mechanical,15,30,Nb,8353.0
2015-04-21,84,18:31:00,Tuesday,Downsview Station,Investigation,10,11,W,1260.0
2015-04-21,54,18:40:00,Tuesday,SRT,Mechanical,10,20,E,7411.0
2015-04-21,84,18:44:00,Tuesday,Weston and Bradstock,Mechanical,6,12,E,1222.0
2015-04-21,65,18:45:00,Tuesday,Berkley and Front,Mechanical,6,22,NB,7875.0
2015-04-21,25,19:30:00,Tuesday,Wynford to Eglinton,General Delay,5,10,SB,
2015-04-21,168,19:42:00,Tuesday,AVON LOOP,Emergency Services,10,20,SB,7307.0
2015-04-21,102,19:44:00,Tuesday,Warden Stn,Mechanical,18,37,NB,7799.0
2015-04-21,85,20:15:00,Tuesday,Sheppard @ Morningside,Emergency Services,13,26,E,9064.0
2015-04-21,190,20:35:00,Tuesday,Warden and Sheppard,Mechanical,5,8,EB,7430.0
2015-04-21,52,20:55:00,Tuesday,Terminal 1 at Airport,Mechanical,15,30,w,1064.0
2015-04-21,116,21:00:00,Tuesday,Kennedy STN,Mechanical,10,20,EB,7580.0
2015-04-21,24,21:01:00,Tuesday,Victoria Park and Eglinton Square,Investigation,9,18,SB,7732.0
2015-04-21,24,21:01:00,Tuesday,Victoria park and Eglinton Square,Investigation,9,18,SB,7732.0
2015-04-21,52,22:00:00,Tuesday,Dixon rd / Carlingview,Mechanical,15,30,e,1587.0
2015-04-21,52,22:25:00,Tuesday,Dixon rd /Martingrove,Mechanical,15,30,e,1201.0
2015-04-21,39,23:11:00,Tuesday,Finch & Cherokee,Diversion,67,73,wb,1784.0
2015-04-21,52,23:23:00,Tuesday,WestWood mall bus terminal,Investigation,15,30,w,1578.0
2015-04-21,17,23:54:00,Tuesday,Warden Station,Investigation,22,44,NB,7751.0
2015-04-22,35,00:25:00,Wednesday,jane and gordonmakay,Investigation,10,20,s/b,1303.0
2015-04-22,22,01:12:00,Wednesday,Kingston and Dixon,Emergency Services,20,50,EB,7720.0
2015-04-22,95,01:32:00,Wednesday,Kingston Rd-Ellesmere rd Loop,Mechanical,10,20,wb,1722.0
2015-04-22,322,02:00:00,Wednesday,Kington Rd and Dixon,Diversion,30,270,sbwb,7713.0
2015-04-22,320,02:44:00,Wednesday,yonge and lawerence,Investigation,4,8,s/b,8336.0
2015-04-22,32,03:07:00,Wednesday,Eglinton stn,Late Leaving Garage,8,16,w/b,1536.0
2015-04-22,116,04:50:00,Wednesday,Eglinton Yard,Utilized Off Route,16,23,s,7453.0
2015-04-22,320,04:59:00,Wednesday,Yonge and Eglinton,Mechanical,15,30,N,8357.0
2015-04-22,25,05:00:00,Wednesday,Eglinton Yard,Utilized Off Route,15,30,n,7545.0
2015-04-22,21,05:15:00,Wednesday,Brimley- Wenlock to Steeles,Diversion,1,1,B/W,7796.0
2015-04-22,90,05:19:00,Wednesday,OAKWOOD AND Vaughan,Late Leaving Garage,20,0,2,8334.0
2015-04-22,7,05:21:00,Wednesday,Bathurst and wilson,Late Leaving Garage,10,30,S,9038.0
2015-04-22,34,05:22:00,Wednesday,Eglinton yard,Utilized Off Route,8,16,e/b,7463.0
2015-04-22,80,05:25:00,Wednesday,Queensway Division,Late Leaving Garage,1,1,W,7968.0
2015-04-22,80,05:27:00,Wednesday,The Queensway and Kipling Ave,Late Leaving Garage,14,14,E,8030.0
2015-04-22,109,05:30:00,Wednesday,Neptune and Rajah,Diversion,1208,1223,E,8203.0
2015-04-22,9,05:30:00,Wednesday,STC,Late Leaving Garage,15,30,S/B,7765.0
2015-04-22,75,05:30:00,Wednesday,lower jarvis and esplanade,Diversion,992,998,E,8202.0
2015-04-22,65,05:34:00,Wednesday,Parliament & Carlton,Investigation,15,30,S/B,7879.0
2015-04-22,110,05:37:00,Wednesday,Long Branch Loop,Mechanical,19,29,N,7303.0
2015-04-22,86,05:38:00,Wednesday,Eglinton yard,Mechanical,8,16,s,7410.0
2015-04-22,106,05:40:00,Wednesday,Wilson Garage,Late Leaving Garage,10,25,NB,8201.0
2015-04-22,172,05:45:00,Wednesday,Commissioner & Logan,Mechanical,15,30,W/b,7694.0
2015-04-22,116,05:54:00,Wednesday,Morningside and Staines,Utilized Off Route,6,12,n,7460.0
2015-04-22,53,05:55:00,Wednesday,Passmore and Markham,Mechanical,2,7,w,1780.0
2015-04-22,39,05:57:00,Wednesday,Finch & Baldoon,Late Leaving Garage,5,10,EB,1085.0
2015-04-22,25,05:59:00,Wednesday,Eglinton Yard,Mechanical,1,1,S,7597.0
2015-04-22,37,06:02:00,Wednesday,Woodbine downs Casino,Mechanical,30,30,,7957.0
2015-04-22,51,06:03:00,Wednesday,Eglinton Stn.,Mechanical,14,28,e,8364.0
2015-04-22,168,06:05:00,Wednesday,Dundas West Station,Mechanical,5,9,N,7338.0
2015-04-22,69,06:10:00,Wednesday,Danforth & Birchmount,Late Leaving Garage,18,36,S/B,7813.0
2015-04-22,108,06:10:00,Wednesday,stong at driftwood,Mechanical,24,51,w,1350.0
2015-04-22,34,06:13:00,Wednesday,Kennedy Station,Mechanical,4,8,w,7415.0
2015-04-22,17,06:13:00,Wednesday,Warden Station,Mechanical,7,14,EB,7698.0
2015-04-22,79,06:15:00,Wednesday,runnymede stn,Late Leaving Garage,8,16,w/b,1563.0
2015-04-22,29,06:15:00,Wednesday,Dufferin and Tycos,Mechanical,8,16,s/b,9016.0
2015-04-22,53,06:15:00,Wednesday,Passmore and Markham,Mechanical,5,10,w,9092.0
2015-04-22,66,06:24:00,Wednesday,Old Mill Station,Mechanical,14,28,S,8062.0
2015-04-22,162,06:25:00,Wednesday,Donway East at Lawrence,Mechanical,1,1,w,8383.0
2015-04-22,29,06:25:00,Wednesday,Princes gate,Late Leaving Garage,8,16,n/b,9000.0
2015-04-22,199,06:25:00,Wednesday,STC,Late Leaving Garage,3,6,WB,1808.0
2015-04-22,81,06:28:00,Wednesday,65 Thorncliffe Pk Drive,Utilized Off Route,7,14,S/B,7820.0
2015-04-22,42,06:30:00,Wednesday,Victoria Park and McNicoll,Late Leaving Garage,5,12,w,8366.0
2015-04-22,51,06:31:00,Wednesday,Eglinton stn,Mechanical,14,28,e/b,8155.0
2015-04-22,83,06:33:00,Wednesday,Ccommissioners and Carlaw,Mechanical,14,28,EB,7756.0
2015-04-22,29,06:33:00,Wednesday,Princes Gate,Late Leaving Garage,8,16,n/b,9000.0
2015-04-22,32,06:41:00,Wednesday,Skymark,Late Leaving Garage,5,10,e,1520.0
2015-04-22,108,06:44:00,Wednesday,Down stn.,Late Leaving Garage,13,26,W,1221.0
2015-04-22,124,06:53:00,Wednesday,Lawrence Stn,Utilized Off Route,7,13,e,8352.0
2015-04-22,60,06:53:00,Wednesday,SGHL,Late Leaving Garage,7,14,E,1422.0
2015-04-22,96,06:55:00,Wednesday,yorkmills stn,Mechanical,22,44,w,1237.0
2015-04-22,29,07:00:00,Wednesday,Wilson stn to Springhurst,General Delay,12,16,b/w,
2015-04-22,108,07:00:00,Wednesday,Grandravine at Derrydown,Mechanical,9,18,B/W,1367.0
2015-04-22,94,07:03:00,Wednesday,Wellesly Stn,Late Leaving Garage,6,12,W/B,7689.0
2015-04-22,102,07:07:00,Wednesday,Warden Station,Mechanical,5,10,EB,8119.0
2015-04-22,54,07:09:00,Wednesday,Lawrence rt,Mechanical,6,12,eb,7504.0
2015-04-22,36,07:11:00,Wednesday,Humberwood loop,Late Leaving Garage,5,10,E,9115.0
2015-04-22,5,07:12:00,Wednesday,Eglinton Stn.,Mechanical,12,24,n,8360.0
2015-04-22,44,07:13:00,Wednesday,KIPLING STATIOPN,Mechanical,4,8,S,8083.0
2015-04-22,79,07:13:00,Wednesday,pine,Mechanical,9,18,s/b,1203.0
2015-04-22,11,07:15:00,Wednesday,Bayview & Eglinton,Mechanical,6,13,s,8365.0
2015-04-22,22,07:15:00,Wednesday,Coxwell Station,Mechanical,8,16,SB,7842.0
2015-04-22,95,07:23:00,Wednesday,Ellesmere and Helicon Gate,Mechanical,10,20,w,1723.0
2015-04-22,70,07:29:00,Wednesday,Pharmacy Craighton,Mechanical,18,36,wb,7424.0
2015-04-22,5,07:30:00,Wednesday,Eglinton Stn-Queen's park,General Delay,12,45,S/N,
2015-04-22,122,07:33:00,Wednesday,Yorkmills stn,Mechanical,10,20,e/b,8126.0
2015-04-22,94,07:45:00,Wednesday,WELLESLEY ROUTE,General Delay,10,0,B/W,
2015-04-22,11,07:46:00,Wednesday,Bellsize & Cleveland,Utilized Off Route,12,24,n,8192.0
2015-04-22,5,07:48:00,Wednesday,Eglinton Stn.,Mechanical,12,24,s,8141.0
2015-04-22,40,07:50:00,Wednesday,Runnymede Loop,Mechanical,6,13,E,7306.0
2015-04-22,106,07:57:00,Wednesday,Downsview STN,Utilized Off Route,7,14,WB,8138.0
2015-04-22,24,08:00:00,Wednesday,VP ROUTE,General Delay,5,0,B/W,
2015-04-22,34,08:00:00,Wednesday,34 Eglinton route,General Delay,10,12,bw,
2015-04-22,7,08:00:00,Wednesday,Bathurst Route,General Delay,9,13,NB,
2015-04-22,52,08:00:00,Wednesday,entire route,General Delay,12,40,b/w,
2015-04-22,14,08:00:00,Wednesday,entire route,General Delay,15,45,b/w,
2015-04-22,33,08:00:00,Wednesday,Forrest Hill route,General Delay,22,0,BW,8362.0
2015-04-22,109,08:00:00,Wednesday,Ranee Route,General Delay,20,30,BW,
2015-04-22,51,08:15:00,Wednesday,Eglinton Stn.-Freshmedow,General Delay,14,35,n,
2015-04-22,54,08:17:00,Wednesday,Lawrence RT,Investigation,6,12,wb,7582.0
2015-04-22,25,08:18:00,Wednesday,Don Mills and Duncan Mill,Investigation,3,6,S,7500.0
2015-04-22,36,08:30:00,Wednesday,Finch @ Bathurst,General Delay,14,20,W,9124.0
2015-04-22,95,08:30:00,Wednesday,Ellesmere and McCowan,Mechanical,8,16,e,1351.0
2015-04-22,196,08:40:00,Wednesday,Downsview STN,Utilized Off Route,4,8,NB,8346.0
2015-04-22,97,08:40:00,Wednesday,Yonge St,General Delay,30,60,,
2015-04-22,196,09:06:00,Wednesday,Sheppard & Yonge Stn,Utilized Off Route,8,15,,8335.0
2015-04-22,94,09:30:00,Wednesday,WELLESLEY/JARVIS,Diversion,30,40,B/W,7731.0
2015-04-22,54,09:33:00,Wednesday,Star Spray Loop,Mechanical,9,18,wb,7513.0
2015-04-22,124,09:58:00,Wednesday,Yonge & Eglinton,Mechanical,6,12,SB,8158.0
2015-04-22,54,10:02:00,Wednesday,Lawrence Warden,Utilized Off Route,6,12,wb,7520.0
2015-04-22,96,10:39:00,Wednesday,wilson at jane,Mechanical,9,18,e,1265.0
2015-04-22,95,10:46:00,Wednesday,u OF t Scarborough Campus,Mechanical,15,30,w,1125.0
2015-04-22,63,10:53:00,Wednesday,Ossington and Bloor,Investigation,8,15,S/B,1675.0
2015-04-22,81,11:00:00,Wednesday,Pape SDtn,Mechanical,10,20,N/B,7804.0
2015-04-22,191,11:05:00,Wednesday,Humber College/ Hwy 27,Mechanical,6,14,S,7922.0
2015-04-22,34,11:08:00,Wednesday,Eglinton & Laird,Investigation,8,16,e,7653.0
2015-04-22,107,12:05:00,Wednesday,Keele St from Balsaltic to Rivermede,Diversion,630,641,b,8194.0
2015-04-22,96,12:45:00,Wednesday,Wilson and Jane,Mechanical,9,18,E,1265.0
2015-04-22,66,12:51:00,Wednesday,LAKESHORE AND PARKLAWN,General Delay,12,42,BW,8072.0
2015-04-22,41,12:58:00,Wednesday,Keele and Lawrence,Investigation,9,17,NB,9145.0
2015-04-22,7,13:00:00,Wednesday,On Route,General Delay,15,30,BW,
2015-04-22,7,13:00:00,Wednesday,Shelorne Av/Bathurst,Diversion,10,20,SB,9013.0
2015-04-22,195,13:00:00,Wednesday,Steeles,Mechanical,8,16,S,1220.0
2015-04-22,22,13:24:00,Wednesday,Kingston Rd and Dixon,Diversion,20,106,BW,
2015-04-22,37,13:33:00,Wednesday,Steeles loop/Islington,Investigation,18,36,s/b,8078.0
2015-04-22,52,13:47:00,Wednesday,Jane and Lawrence,Mechanical,15,32,e,1054.0
2015-04-22,52,13:50:00,Wednesday,Lawrence and Dufferin,Mechanical,15,30,e,1590.0
2015-04-22,41,14:00:00,Wednesday,Entire Route,General Delay,25,35,B/W,
2015-04-22,29,14:00:00,Wednesday,Dufferin route,General Delay,20,15,B,
2015-04-22,63,14:00:00,Wednesday,Entire Roiute,General Delay,10,20,B/W,
2015-04-22,196,14:05:00,Wednesday,Downsview  Stn,Utilized Off Route,3,5,w,9415.0
2015-04-22,79,14:05:00,Wednesday,Pine and Lawrence,Mechanical,24,48,S/B,1652.0
2015-04-22,60,14:10:00,Wednesday,Steeles and Gerryfitzgerald,Mechanical,5,10,E,1706.0
2015-04-22,43,14:18:00,Wednesday,Kennedy STN,Mechanical,12,24,SB,7675.0
2015-04-22,196,14:43:00,Wednesday,Downsview Station,Utilized Off Route,2,5,nb,9412.0
2015-04-22,199,14:44:00,Wednesday,Malvern Garage,Late Leaving Garage,1,1,,1130.0
2015-04-22,79,15:00:00,Wednesday,Entire Route,General Delay,12,24,B/W,
2015-04-22,161,15:00:00,Wednesday,Entire Route,General Delay,12,24,B/W,
2015-04-22,47,15:00:00,Wednesday,Entire Route,General Delay,12,20,B/W,
2015-04-22,94,15:00:00,Wednesday,Wellesley Route,General Delay,10,20,bw,7731.0
2015-04-22,54,15:00:00,Wednesday,1) Laird   2) Midland,General Delay,19,30,e,
2015-04-22,32,15:01:00,Wednesday,Eglinton west stn,Investigation,13,21,e/b,1573.0
2015-04-22,84,15:03:00,Wednesday,St. Basil School at Starview lane/Weston,Late Leaving Garage,2,6,E,9446.0
2015-04-22,125,15:07:00,Wednesday,Bathurst and Antibes,Mechanical,5,15,eb,8359.0
2015-04-22,32,15:07:00,Wednesday,Eglinton west stn,Mechanical,12,20,w/b,1000.0
2015-04-22,6,15:09:00,Wednesday,Industry St. and Ray Ave.,Mechanical,10,20,S,1571.0
2015-04-22,95,15:14:00,Wednesday,YOCE,Late Leaving Garage,11,11,e,1764.0
2015-04-22,190,15:14:00,Wednesday,Progress and Midland,Mechanical,5,5,EB,7508.0
2015-04-22,60,15:20:00,Wednesday,Steeles and Dufferin,Mechanical,3,10,W,1687.0
2015-04-22,132,15:24:00,Wednesday,STC,Late Leaving Garage,12,24,E,1140.0
2015-04-22,132,15:32:00,Wednesday,Milner @ Markham,Mechanical,12,24,E,1113.0
2015-04-22,7,15:35:00,Wednesday,Baycrest/Bathurst,Mechanical,8,16,NB,9015.0
2015-04-22,42,15:38:00,Wednesday,Finch Station,Mechanical,12,23,eb,9425.0
2015-04-22,95,15:46:00,Wednesday,Ellesmere RT,Mechanical,9,18,WB,1764.0
2015-04-22,142,15:47:00,Wednesday,Church,Mechanical,30,60,n,8331.0
2015-04-22,16,15:59:00,Wednesday,St. Clair and North Woodrow,Mechanical,10,19,EB,7778.0
2015-04-22,26,16:00:00,Wednesday,Entrie Route,General Delay,18,36,B/W,
2015-04-22,23,16:00:00,Wednesday,Dawes rd route,General Delay,10,1,B/W,
2015-04-22,6,16:00:00,Wednesday,Entire Route,General Delay,5,10,B/W,
2015-04-22,122,16:00:00,Wednesday,Graydon Hall route,General Delay,20,30,B,
2015-04-22,29,16:01:00,Wednesday,Wilson Station,Late Leaving Garage,10,20,S,9050.0
2015-04-22,29,16:05:00,Wednesday,Lawrence,Investigation,10,20,N,9404.0
2015-04-22,145,16:18:00,Wednesday,PETER ST AND ADELAIDE,Mechanical,30,38,eb,7317.0
2015-04-22,145,16:20:00,Wednesday,JARVIS AND RICHMOND,Diversion,200,230,eb,7934.0
2015-04-22,95,16:30:00,Wednesday,Don Mills to Leslie,General Delay,10,1,BW,
2015-04-22,60,16:30:00,Wednesday,60 Steeles W,General Delay,5,15,BW,
2015-04-22,45,16:32:00,Wednesday,Kipling and Steeles,Investigation,4,12,sb,7958.0
2015-04-22,96,16:40:00,Wednesday,Bartor and Clayson,Diversion,40,68,S,1257.0
2015-04-22,196,16:42:00,Wednesday,Downsview Stn,Utilized Off Route,3,6,w,8319.0
2015-04-22,6,16:44:00,Wednesday,Davenport Rd. and Avenue Rd.,Investigation,10,20,S,1045.0
2015-04-22,29,16:50:00,Wednesday,Wilson Station,Mechanical,10,20,S,9019.0
2015-04-22,61,17:00:00,Wednesday,Roe,Utilized Off Route,12,24,s,8389.0
2015-04-22,15,17:00:00,Wednesday,Queensway division,Investigation,1,1,e/b,7907.0
2015-04-22,15,17:00:00,Wednesday,Queensway division,Investigation,1,1,e/b,7907.0
2015-04-22,24,17:01:00,Wednesday,VP at St. Clair,Investigation,15,30,n,7737.0
2015-04-22,67,17:09:00,Wednesday,Pharmacy / Sherwood,Mechanical,10,20,SB,7422.0
2015-04-22,32,17:13:00,Wednesday,Eglinton and Marlee,Investigation,8,16,e/b,1660.0
2015-04-22,90,17:20:00,Wednesday,St.Clair West Station,Mechanical,11,22,WB,8144.0
2015-04-22,50,17:30:00,Wednesday,Islington Station to Mill rd Loop,General Delay,15,0,BW,
2015-04-22,102,17:31:00,Wednesday,Warden Station,Mechanical,5,10,EB,7773.0
2015-04-22,44,17:32:00,Wednesday,Colonel Sam Smith Loop`,Mechanical,3,7,nb,7318.0
2015-04-22,191,18:01:00,Wednesday,Kipling Stn,Mechanical,4,9,,1405.0
2015-04-22,20,18:02:00,Wednesday,Main Stn.,Mechanical,14,28,e,7849.0
2015-04-22,42,18:07:00,Wednesday,Cummer and Maxome,Emergency Services,12,23,eb,8200.0
2015-04-22,95,18:33:00,Wednesday,Ellesmere and Morrish,Mechanical,12,24,WB,1716.0
2015-04-22,95,19:08:00,Wednesday,York Mills and Don Mills,Mechanical,8,16,WB,1716.0
2015-04-22,46,19:44:00,Wednesday,Steeles Loop at Martin Grove,Mechanical,17,34,S,1258.0
2015-04-22,45,20:41:00,Wednesday,Kipling Station,Mechanical,9,18,N,8021.0
2015-04-22,133,21:07:00,Wednesday,Staines Rd-Mantis,Mechanical,10,20,sb,1088.0
2015-04-22,39,21:13:00,Wednesday,Finch & Bridletowne Cir,Investigation,8,16,WB,1283.0
2015-04-22,63,21:30:00,Wednesday,Oakwood / Rogers rd,Diversion,20,32,s,1583.0
2015-04-22,23,22:26:00,Wednesday,Main Stn,Diversion,15,25,,
2015-04-22,20,22:26:00,Wednesday,Main Stn,Diversion,30,40,,
2015-04-22,64,22:26:00,Wednesday,Main Stn,Diversion,15,25,,
2015-04-22,113,22:26:00,Wednesday,Main Stn,Diversion,24,34,BW,
2015-04-22,71,23:10:00,Wednesday,Mount Dennis  divisional stop,Mechanical,20,40,s,1529.0
2015-04-22,90,23:28:00,Wednesday,Oakwood and Vaughan,Mechanical,10,20,S,8373.0
2015-04-23,1,01:46:00,Thursday,Sheppard station,Mechanical,3,6,s,1060.0
2015-04-23,300,01:55:00,Thursday,Bathurst Stn,Mechanical,20,40,eb,7487.0
2015-04-23,300,02:04:00,Thursday,Bathurst Stn,Mechanical,20,40,eb,7273.0
2015-04-23,320,02:32:00,Thursday,yonge and eglinton,Mechanical,4,8,w/b,7510.0
2015-04-23,307,03:00:00,Thursday,eglinton and caladonia,Diversion,12,42,w/b,1603.0
2015-04-23,35,04:11:00,Thursday,Jane and Steeles,Late Leaving Garage,15,30,S/b,1238.0
2015-04-23,17,04:31:00,Thursday,Steeles & Mountcastle Gate,Late Leaving Garage,12,1,S/b,8116.0
2015-04-23,168,04:42:00,Thursday,Dundas West Station,Mechanical,24,0,N,7957.0
2015-04-23,32,04:50:00,Thursday,Eglintont stn,Late Leaving Garage,30,44,w/b,1602.0
2015-04-23,52,05:00:00,Thursday,bathurst and lawrence,Late Leaving Garage,9,18,w/b,1568.0
2015-04-23,60,05:01:00,Thursday,Finch Stn,Mechanical,13,26,E/b,1706.0
2015-04-23,7,05:10:00,Thursday,Village gate and Steeles,Late Leaving Garage,29,59,S,9030.0
2015-04-23,60,05:12:00,Thursday,Steeles Loop,Late Leaving Garage,10,20,E/b,7319.0
2015-04-23,21,05:15:00,Thursday,Brimley-Wenlocl to Steeles,Diversion,1,1,B/W,7735.0
2015-04-23,102,05:22:00,Thursday,Markham & Nashdene,Late Leaving Garage,15,30,N/B,7707.0
2015-04-23,126,05:25:00,Thursday,st clair west stn,Late Leaving Garage,30,0,w/b,1061.0
2015-04-23,110,05:26:00,Thursday,Evans Av and Islington Ave,Late Leaving Garage,7,7,N,7317.0
2015-04-23,110,05:26:00,Thursday,ISLINGTON & EVANS,Mechanical,10,0,S,7317.0
2015-04-23,109,05:30:00,Thursday,Neptune and Rajah,General Delay,992,998,E,8346.0
2015-04-23,165,05:30:00,Thursday,finch at weston,Late Leaving Garage,14,14,n,1554.0
2015-04-23,75,05:30:00,Thursday,lower Jarvis and Esplanade,General Delay,1208,1223,E,8162.0
2015-04-23,39,05:31:00,Thursday,Finch & Baldoon,Late Leaving Garage,4,8,EB,1729.0
2015-04-23,300,05:34:00,Thursday,Kipling station,Utilized Off Route,8,15,E,8068.0
2015-04-23,39,05:38:00,Thursday,Finch & Leslie,Emergency Services,5,10,EB,1119.0
2015-04-23,60,05:42:00,Thursday,Gihon Springs,Mechanical,7,14,E,1274.0
2015-04-23,36,05:45:00,Thursday,Finch station,Utilized Off Route,10,20,W,9130.0
2015-04-23,45,05:46:00,Thursday,KIPLING & STEELES,Late Leaving Garage,8,12,S,7336.0
2015-04-23,63,05:49:00,Thursday,Eglinton west stn,Late Leaving Garage,13,25,s/b,1204.0
2015-04-23,68,05:51:00,Thursday,Warden stn,Late Leaving Garage,5,9,nb,7647.0
2015-04-23,116,05:53:00,Thursday,Eglintion yard,Mechanical,7,14,e,7682.0
2015-04-23,116,05:54:00,Thursday,Morningside nd Staines,Utilized Off Route,6,12,n,7486.0
2015-04-23,165,05:55:00,Thursday,weston at major mackenzie,Late Leaving Garage,37,74,s,7245.0
2015-04-23,52,06:00:00,Thursday,lawrence stn,Late Leaving Garage,12,24,w/b,1044.0
2015-04-23,71,06:01:00,Thursday,Mt Dennis garage,Mechanical,20,40,s/b,1622.0
2015-04-23,24,06:01:00,Thursday,Victoria Park Stn,Late Leaving Garage,10,20,N/B,7799.0
2015-04-23,116,06:03:00,Thursday,Eglinton yard,Mechanical,6,12,s,7500.0
2015-04-23,70,06:04:00,Thursday,Eglinton yard,Mechanical,1,1,ob,7659.0
2015-04-23,54,06:04:00,Thursday,Eglinton Yard,Mechanical,1,1,ob,7429.0
2015-04-23,34,06:09:00,Thursday,Kennedy Station,Mechanical,4,8,w,7568.0
2015-04-23,36,06:10:00,Thursday,Finch and Arrow,Late Leaving Garage,10,20,E,9134.0
2015-04-23,32,06:10:00,Thursday,Skymark,Late Leaving Garage,5,10,e/b,1649.0
2015-04-23,131,06:11:00,Thursday,Morningview trail and Morningside,Late Leaving Garage,8,11,n,1769.0
2015-04-23,168,06:12:00,Thursday,AVON LOOP,Mechanical,5,9,S,7938.0
2015-04-23,116,06:15:00,Thursday,Morningside and Lawrence,Mechanical,6,12,e,7588.0
2015-04-23,105,06:15:00,Thursday,Downsview stn,Mechanical,23,14,n,9405.0
2015-04-23,49,06:18:00,Thursday,BLOOR & WESTMALL,Investigation,15,30,E,7304.0
2015-04-23,90,06:20:00,Thursday,St.Clair W Station,Mechanical,5,12,N,8193.0
2015-04-23,70,06:21:00,Thursday,Coxwell stn,Diversion,9,18,eb,7659.0
2015-04-23,32,06:21:00,Thursday,Skymark,Late Leaving Garage,6,11,e/b,1632.0
2015-04-23,199,06:22:00,Thursday,STC,Late Leaving Garage,3,6,WB,1351.0
2015-04-23,25,06:25:00,Thursday,Pape Stn,Mechanical,3,6,N,7409.0
2015-04-23,190,06:28:00,Thursday,Eglinton garage,Mechanical,1,1,N,7647.0
2015-04-23,88,06:29:00,Thursday,Beth Nealson,Mechanical,9,18,n,9436.0
2015-04-23,39,06:32:00,Thursday,Seneca College,Late Leaving Garage,8,15,WB,1073.0
2015-04-23,40,06:38:00,Thursday,Runnymede Loop,Late Leaving Garage,9,15,E,8055.0
2015-04-23,191,06:42:00,Thursday,Martin grove and Royalcrest,Late Leaving Garage,5,10,N,7923.0
2015-04-23,117,06:44:00,Thursday,Downsview stn,Mechanical,16,26,n,9402.0
2015-04-23,113,06:45:00,Thursday,MAIN STN,Mechanical,13,26,E,7835.0
2015-04-23,196,06:48:00,Thursday,Commons,Utilized Off Route,4,8,s,9404.0
2015-04-23,133,06:51:00,Thursday,Neilson and Crow Trail,Diversion,327,337,b/w,1743.0
2015-04-23,133,06:51:00,Thursday,Neilson and Crow Trail,Investigation,9,18,n,1092.0
2015-04-23,96,06:53:00,Thursday,carrier lp,Late Leaving Garage,22,44,e,1390.0
2015-04-23,60,06:53:00,Thursday,SGHL,Mechanical,7,14,E,1231.0
2015-04-23,36,06:55:00,Thursday,Humberwood loop,Late Leaving Garage,5,10,E,1225.0
2015-04-23,7,06:55:00,Thursday,bathurst and Wilson,Late Leaving Garage,5,10,N,9002.0
2015-04-23,773,07:00:00,Thursday,Eglinton W stn,Late Leaving Garage,1,1,e/b,1650.0
2015-04-23,41,07:00:00,Thursday,Keele station,Mechanical,11,22,n/b,9138.0
2015-04-23,95,07:02:00,Thursday,ELRT,Late Leaving Garage,8,16,W,1707.0
2015-04-23,11,07:09:00,Thursday,Belsize/ Cleveland,Mechanical,13,1,s,8198.0
2015-04-23,98,07:09:00,Thursday,Willowdale Steeles,Mechanical,30,60,,8354.0
2015-04-23,134,07:11:00,Thursday,Progress and Estate,Mechanical,6,0,e,1108.0
2015-04-23,196,07:13:00,Thursday,Downsview stn,Late Leaving Garage,2,4,n,8342.0
2015-04-23,37,07:13:00,Thursday,Dixon and Islington,Investigation,7,14,,8074.0
2015-04-23,35,07:15:00,Thursday,Jane and Steeles,Mechanical,10,20,N/b,1337.0
2015-04-23,131,07:17:00,Thursday,Tapscott/Blackwell,Investigation,8,15,WB,1744.0
2015-04-23,75,07:21:00,Thursday,Bloor and sherbourne,Late Leaving Garage,3,11,N,8343.0
2015-04-23,45,07:36:00,Thursday,KIPLING & PRNCS MAARGARET,Mechanical,6,12,S,8050.0
2015-04-23,129,07:36:00,Thursday,Major MacKenzie and Ridgecrest,Mechanical,14,27,s,1819.0
2015-04-23,38,07:42:00,Thursday,Rouge Hill Go stn,Mechanical,15,30,w,1827.0
2015-04-23,106,07:48:00,Thursday,Downsview stn,Mechanical,7,14,n,8172.0
2015-04-23,39,08:00:00,Thursday,Finch station to Neilson & Crow Trail,General Delay,8,12,B/W,1073.0
2015-04-23,11,08:00:00,Thursday,Davisville & Steeles,General Delay,12,35,S/N,
2015-04-23,113,08:00:00,Thursday,DANFORTH ROUTE,General Delay,7,0,BW,
2015-04-23,39,08:00:00,Thursday,Finch & Neilson,Diversion,258,262,EB,1782.0
2015-04-23,43,08:00:00,Thursday,43 Kennedy route,General Delay,7,9,bw,
2015-04-23,24,08:00:00,Thursday,VP ROUTE,General Delay,10,0,BW,
2015-04-23,199,08:00:00,Thursday,Finch station to STC,General Delay,8,12,B/W,1103.0
2015-04-23,199,08:04:00,Thursday,STC,Mechanical,3,6,WB,1103.0
2015-04-23,21,08:10:00,Thursday,Brimley at Steeles Loop,Mechanical,7,14,S/B,8112.0
2015-04-23,122,08:10:00,Thursday,,Mechanical,10,20,e/b,8333.0
2015-04-23,139,08:12:00,Thursday,Neilson n of crowtrail,Diversion,118,138,s,1787.0
2015-04-23,61,08:15:00,Thursday,Eglinton Stn.-Bombay Loop,General Delay,10,35,S/N,
2015-04-23,5,08:15:00,Thursday,Eglinton Stn.-Queen's Park Circle,General Delay,12,40,S/N,
2015-04-23,32,08:17:00,Thursday,Eglinton and Bathurst,Mechanical,5,10,e/b,1572.0
2015-04-23,199,08:24:00,Thursday,Finch station,Investigation,3,6,EB,1148.0
2015-04-23,60,08:24:00,Thursday,FSTN,Investigation,7,14,W,1564.0
2015-04-23,53,08:26:00,Thursday,Finch Station,Investigation,10,23,e,9091.0
2015-04-23,53,08:28:00,Thursday,Finch Station,Diversion,13,18,w,9076.0
2015-04-23,97,08:30:00,Thursday,Yonge St,General Delay,30,60,BW,
2015-04-23,32,08:45:00,Thursday,Eglinton west stn,Mechanical,5,10,e/b,1546.0
2015-04-23,122,08:45:00,Thursday,Yorkkmills  and Lesmill,Utilized Off Route,10,20,w/b,8303.0
2015-04-23,116,08:58:00,Thursday,Eglinton and Lawrence,Mechanical,6,12,w,7496.0
2015-04-23,74,09:00:00,Thursday,Mt Pleasant route,General Delay,15,30,,
2015-04-23,196,09:04:00,Thursday,Downsview stn,Mechanical,2,4,n,1790.0
2015-04-23,196,09:12:00,Thursday,Downsview stn,Utilized Off Route,2,4,n,9426.0
2015-04-23,32,09:15:00,Thursday,Eglinton west stn,Utilized Off Route,5,10,e/b,1669.0
2015-04-23,11,09:18:00,Thursday,Bayview/ Sheppard,Mechanical,12,24,N,8326.0
2015-04-23,113,09:21:00,Thursday,DANFORTH/WARDEN,Mechanical,13,26,W,7792.0
2015-04-23,36,09:23:00,Thursday,Finch and Keele,Mechanical,5,10,E,1309.0
2015-04-23,195,09:30:00,Thursday,York U.Commons,Mechanical,10,20,S/b,1208.0
2015-04-23,160,09:40:00,Thursday,Atkinson and Bathurst,Diversion,0,0,S,9415.0
2015-04-23,51,09:50:00,Thursday,Leslie/ Lesmill,Investigation,16,30,S,8139.0
2015-04-23,84,10:16:00,Thursday,Sheppard Stn,Mechanical,5,10,W/b,1356.0
2015-04-23,23,10:18:00,Thursday,Victoria Park and St Clair,Diversion,10,20,SB,7812.0
2015-04-23,24,10:20:00,Thursday,VICTORIA PARK /ST CLAIR,Diversion,213,223,S,7745.0
2015-04-23,65,10:30:00,Thursday,Princess and Front,Emergency Services,16,32,NB,7708.0
2015-04-23,199,11:00:00,Thursday,Finch & Brimley,Diversion,48,53,WB,1272.0
2015-04-23,39,11:00:00,Thursday,Finch & Brimley,Diversion,48,54,WB,1781.0
2015-04-23,94,11:02:00,Thursday,SPADINA,Mechanical,10,20,E,7800.0
2015-04-23,192,11:25:00,Thursday,KIPLING STATION,Mechanical,11,22,N,8005.0
2015-04-23,21,11:37:00,Thursday,Brimley & Finch,Investigation,14,28,S/B,7735.0
2015-04-23,51,11:48:00,Thursday,Freshmedow-Townsend,Mechanical,25,50,21506,8164.0
2015-04-23,41,11:58:00,Thursday,Keele stn,Investigation,7,14,n,9141.0
2015-04-23,29,12:00:00,Thursday,Wilson stn to Springurst,General Delay,1,1,b/w,
2015-04-23,199,12:05:00,Thursday,Bridletowne Circle,Emergency Services,4,9,EB,1099.0
2015-04-23,80,12:06:00,Thursday,Queensway/Algie,Investigation,24,48,e/b,8019.0
2015-04-23,95,12:10:00,Thursday,Ellesmere/Wye Valley Road,Mechanical,15,30,EB,1145.0
2015-04-23,199,12:16:00,Thursday,Finch & Kennedy,Mechanical,5,10,WB,1736.0
2015-04-23,199,12:25:00,Thursday,Finch station,Mechanical,5,9,EB,1140.0
2015-04-23,35,12:28:00,Thursday,Pallisades,Mechanical,5,10,N,1361.0
2015-04-23,36,12:53:00,Thursday,Finch and Jane,Investigation,6,11,E,9111.0
2015-04-23,195,13:00:00,Thursday,Commons,General Delay,1,1,BW,1.0
2015-04-23,53,13:09:00,Thursday,Steeles and 404,Investigation,5,11,E,1777.0
2015-04-23,68,13:19:00,Thursday,Eglinton / Warden,Mechanical,9,19,NB,7591.0
2015-04-23,104,13:29:00,Thursday,Answorth and Faywood,Mechanical,15,27,n,8332.0
2015-04-23,41,13:29:00,Thursday,Keele / Ingram,Investigation,7,14,n,9138.0
2015-04-23,111,13:53:00,Thursday,East Mall/Eglinton,Investigation,12,24,n/b,7339.0
2015-04-23,41,14:00:00,Thursday,Entire Route,General Delay,25,35,B/W,
2015-04-23,29,14:00:00,Thursday,Dufferin route,General Delay,22,15,BW,
2015-04-23,196,14:03:00,Thursday,Downsview Stn,Utilized Off Route,2,5,n,8174.0
2015-04-23,39,14:05:00,Thursday,Bridletowne Circle. West,Late Leaving Garage,6,12,EB,1782.0
2015-04-23,85,14:08:00,Thursday,Sheppard @ Meadowvale,Emergency Services,6,12,W,9058.0
2015-04-23,196,14:13:00,Thursday,Downsview Stn,Utilized Off Route,2,5,n,8189.0
2015-04-23,85,14:35:00,Thursday,Sheppard @ Meadowvale,Emergency Services,6,12,W,9062.0
2015-04-23,110,14:38:00,Thursday,Longbranch,Mechanical,11,23,s/b,8032.0
2015-04-23,84,14:38:00,Thursday,Jane and Steeles,Late Leaving Garage,22,44,W,1357.0
2015-04-23,84,14:38:00,Thursday,Sheppard Station,Mechanical,22,44,W,1266.0
2015-04-23,96,14:39:00,Thursday,York Mills Stn.,Mechanical,19,38,W,1213.0
2015-04-23,85,14:40:00,Thursday,Sheppard @ Meadowvale,Late Leaving Garage,6,12,W,9062.0
2015-04-23,129,14:40:00,Thursday,STC Station,Late Leaving Garage,10,25,n,9099.0
2015-04-23,31,14:49:00,Thursday,Greenwood Stn.,Late Leaving Garage,8,16,S,8120.0
2015-04-23,25,14:55:00,Thursday,Don Mills Station,Mechanical,3,6,SB,7682.0
2015-04-23,46,15:00:00,Thursday,Bethridge and Martin Grove,General Delay,10,20,S,
2015-04-23,46,15:00:00,Thursday,Burnamthrope to Ratburn on Kipling Avenue,General Delay,10,20,B/W,
2015-04-23,70,15:00:00,Thursday,St Clair and O'Connor,General Delay,5,23,e,
2015-04-23,10,15:00:00,Thursday,Victoria Park,Mechanical,1,1,w,8368.0
2015-04-23,59,15:00:00,Thursday,Culford/ Lawrence to Lawrence West Station,General Delay,10,20,B/W,
2015-04-23,60,15:02:00,Thursday,Finch Stn,Late Leaving Garage,7,14,,1329.0
2015-04-23,84,15:03:00,Thursday,Saint Basil School at Starview Lane/ Weston,Late Leaving Garage,5,13,W,9410.0
2015-04-23,70,15:07:00,Thursday,eglinton yard,Late Leaving Garage,1,1,e,7649.0
2015-04-23,108,15:09:00,Thursday,Downsview Stn,Mechanical,14,28,,1504.0
2015-04-23,95,15:14:00,Thursday,YOCE,Late Leaving Garage,9,18,e,1402.0
2015-04-23,196,15:15:00,Thursday,Downsview Stn,Utilized Off Route,3,5,n,9429.0
2015-04-23,133,15:15:00,Thursday,S/b at Neilson and Berner trail,Mechanical,7,14,S,1778.0
2015-04-23,91,15:20:00,Thursday,Cassandra and Underhill,Late Leaving Garage,6,11,SB,7842.0
2015-04-23,169,15:22:00,Thursday,Don Mills Stn,Mechanical,30,60,e,8209.0
2015-04-23,60,15:22:00,Thursday,Finch Stn,Late Leaving Garage,7,14,,9114.0
2015-04-23,90,15:30:00,Thursday,Hillcrest,Mechanical,8,16,Wb,9438.0
2015-04-23,96,15:31:00,Thursday,Woodbine Downs and Carrier Dr.,Mechanical,19,38,E,1341.0
2015-04-23,59,15:34:00,Thursday,Lawrence and Benton,Mechanical,13,26,E,1340.0
2015-04-23,107,15:44:00,Thursday,Downsview Stn,Late Leaving Garage,1,1,n,8146.0
2015-04-23,95,15:48:00,Thursday,Ellesmere RT,Mechanical,9,18,WB,1402.0
2015-04-23,37,15:51:00,Thursday,Islington/Winnipeg,Investigation,10,19,n/b,8018.0
2015-04-23,87,15:54:00,Thursday,Broadview Station,Mechanical,5,10,WB,7878.0
2015-04-23,92,15:59:00,Thursday,Woodbine Station,Mechanical,9,18,SB,7842.0
2015-04-23,36,16:00:00,Thursday,Finch West route,General Delay,18,24,B,9130.0
2015-04-23,47,16:00:00,Thursday,Entire route,General Delay,10,20,b/w,
2015-04-23,79,16:00:00,Thursday,Entire route,General Delay,8,16,b/w,
2015-04-23,161,16:00:00,Thursday,entire route,General Delay,8,16,b/w,
2015-04-23,68,16:01:00,Thursday,Civic / Warden,Mechanical,18,21,NB,7508.0
2015-04-23,125,16:03:00,Thursday,Bathurst and Antibes.,Mechanical,10,20,wb,8193.0
2015-04-23,68,16:05:00,Thursday,warden station,Utilized Off Route,7,13,NB,7522.0
2015-04-23,89,16:14:00,Thursday,Eglinton and Weston,Mechanical,7,14,NB,1522.0
2015-04-23,39,16:15:00,Thursday,Snadhurst Circle W,Mechanical,5,10,EB,1745.0
2015-04-23,42,16:19:00,Thursday,Finch Station.,Utilized Off Route,23,46,eb,8200.0
2015-04-23,122,16:20:00,Thursday,Fenelon dr and Graydon hall,Mechanical,16,32,W,8310.0
2015-04-23,60,16:23:00,Thursday,Finch Stn,Mechanical,7,14,,1236.0
2015-04-23,7,16:30:00,Thursday,Bathurst Station,Mechanical,7,14,NB,9028.0
2015-04-23,108,16:30:00,Thursday,Entire Route,Mechanical,14,28,,1396.0
2015-04-23,86,16:45:00,Thursday,Meadowvale and Eucid,Investigation,14,28,SB,7495.0
2015-04-23,32,16:50:00,Thursday,Eglinton w stn,Investigation,8,16,e,1586.0
2015-04-23,42,16:50:00,Thursday,McNicoll and Don Mills,Emergency Services,23,46,eb,8186.0
2015-04-23,102,16:50:00,Thursday,St Clair and Santamonica,Investigation,7,9,WB,7790.0
2015-04-23,196,17:00:00,Thursday,Downsview Stn,Utilized Off Route,3,5,n,9403.0
2015-04-23,41,17:10:00,Thursday,Lawrence and Keele,Investigation,10,20,SB,1202.0
2015-04-23,132,17:12:00,Thursday,STC,Mechanical,12,24,E,1775.0
2015-04-23,21,17:20:00,Thursday,Brimley Rd at Dorcot,Investigation,8,16,s,7701.0
2015-04-23,85,17:38:00,Thursday,Don Mills Stn,Mechanical,12,24,E,9088.0
2015-04-23,26,17:40:00,Thursday,Dupont and Shaw,Mechanical,14,24,WB,1270.0
2015-04-23,165,17:55:00,Thursday,Weston and Ormont,Diversion,30,35,S,1701.0
2015-04-23,143,17:57:00,Thursday,Neville Loop,Mechanical,1,1,e,8127.0
2015-04-23,41,18:06:00,Thursday,Keele Station,Mechanical,11,21,NB,9144.0
2015-04-23,54,18:10:00,Thursday,eglinton station,Mechanical,11,22,e,7589.0
2015-04-23,96,18:13:00,Thursday,Carrier Loop,Mechanical,28,56,E,1209.0
2015-04-23,60,18:18:00,Thursday,Finch Stn,Mechanical,8,16,,1370.0
2015-04-23,39,18:20:00,Thursday,Lesslie St,Mechanical,5,10,EB,1147.0
2015-04-23,133,18:30:00,Thursday,Morningside & Staines,Mechanical,7,14,SB,1074.0
2015-04-23,54,18:38:00,Thursday,Mt Pleasant,Emergency Services,1,1,e,7650.0
2015-04-23,96,18:42:00,Thursday,wilson and Avenue Rd.,Mechanical,7,14,W,7202.0
2015-04-23,63,18:58:00,Thursday,ossington and Argyle,Investigation,7,14,SB,1018.0
2015-04-23,36,19:17:00,Thursday,Finch and Bathurst,Investigation,6,14,W,9127.0
2015-04-23,165,19:23:00,Thursday,Weston and Sheppard,Mechanical,10,17,N,1688.0
2015-04-23,21,19:43:00,Thursday,STC,Mechanical,11,22,s,7802.0
2015-04-23,21,19:46:00,Thursday,STC,Emergency Services,11,22,s,8109.0
2015-04-23,172,19:51:00,Thursday,Carlaw and Commisioners,Mechanical,22,44,WB,7761.0
2015-04-23,53,19:55:00,Thursday,Steeles and Markham,Mechanical,5,10,E,1283.0
2015-04-23,94,20:16:00,Thursday,Wellesley Station,Investigation,13,26,WB,7750.0
2015-04-23,165,20:45:00,Thursday,wilson and jethro,Mechanical,10,20,w/b,1294.0
2015-04-23,63,20:55:00,Thursday,Ossington / Queen,Investigation,6,13,s,1235.0
2015-04-23,169,20:58:00,Thursday,Pleasant and Vic Park,Mechanical,30,60,W,8365.0
2015-04-23,52,21:05:00,Thursday,Lawrence west stn,Mechanical,15,30,w,1672.0
2015-04-23,51,21:16:00,Thursday,Eglinton Station,Mechanical,24,48,N,8367.0
2015-04-23,190,22:50:00,Thursday,Midland & progress,Mechanical,15,30,EB,7417.0
2015-04-23,35,23:00:00,Thursday,jane stn,Mechanical,8,16,n/b,1550.0
2015-04-23,196,23:32:00,Thursday,Downsview Station,Mechanical,10,20,n,8394.0
2015-04-24,30,00:15:00,Friday,Dundas/Mabelle,Mechanical,30,60,e/b,8041.0
2015-04-24,1,00:34:00,Friday,Finch Station,Mechanical,3,6,s,1146.0
2015-04-24,24,01:05:00,Friday,Victoria Park Station,Utilized Off Route,15,30,NB,7848.0
2015-04-24,320,02:30:00,Friday,yonge and fairlawn,Mechanical,4,8,s/b,8381.0
2015-04-24,300,03:15:00,Friday,Pape and Danforth,Mechanical,20,40,eb,8005.0
2015-04-24,311,03:49:00,Friday,islington stn,Mechanical,15,30,s/b,7326.0
2015-04-24,86,04:26:00,Friday,Eglinton yard,Mechanical,7,14,e,7412.0
2015-04-24,311,04:34:00,Friday,Lakeshore & 8th street,Late Leaving Garage,15,30,N,7957.0
2015-04-24,25,04:54:00,Friday,FreshMmeadow Dr /DonMills,Late Leaving Garage,24,34,N,7547.0
2015-04-24,60,05:04:00,Friday,Steeles And Signet,Late Leaving Garage,12,24,E/b,1404.0
2015-04-24,29,05:16:00,Friday,Wilson stn,Late Leaving Garage,9,18,s/b,9016.0
2015-04-24,95,05:20:00,Friday,Kingston Road Loop,Mechanical,3,13,w,1819.0
2015-04-24,60,05:23:00,Friday,FSTN,Late Leaving Garage,13,1,W,1302.0
2015-04-24,160,05:32:00,Friday,Bathurst / Raeburn,Mechanical,20,0,n,8310.0
2015-04-24,102,05:34:00,Friday,Warden Station,Mechanical,10,20,EB,7809.0
2015-04-24,86,05:37:00,Friday,Eglinton Yard,Late Leaving Garage,8,16,EB,7612.0
2015-04-24,42,05:40:00,Friday,Kennedy,Utilized Off Route,22,44,w,8161.0
2015-04-24,96,05:45:00,Friday,Thistle Down Blvd Albion,Mechanical,20,1,E/B,1214.0
2015-04-24,92,05:48:00,Friday,Woodbine Station,Mechanical,15,30,SB,7861.0
2015-04-24,52,05:50:00,Friday,royal york,Late Leaving Garage,11,22,e/b,1040.0
2015-04-24,84,05:53:00,Friday,Finch And Arrow.,Late Leaving Garage,11,22,E/b,1297.0
2015-04-24,56,05:54:00,Friday,Eglinton Stn.,Late Leaving Garage,1,23,E,9417.0
2015-04-24,32,05:55:00,Friday,Eglinton stn,Late Leaving Garage,5,10,w,1010.0
2015-04-24,52,05:55:00,Friday,lawrence stn,Late Leaving Garage,12,24,w/b,1613.0
2015-04-24,6,05:57:00,Friday,Bedford,Late Leaving Garage,8,16,s,1064.0
2015-04-24,32,06:05:00,Friday,Eglinton stn,Late Leaving Garage,5,10,w,1423.0
2015-04-24,87,06:05:00,Friday,Cosburn/Glebemount,Mechanical,8,16,n,7752.0
2015-04-24,105,06:05:00,Friday,Confederation and Dufferin,Late Leaving Garage,17,34,n,9432.0
2015-04-24,98,06:07:00,Friday,Peckham,Mechanical,26,55,s,8136.0
2015-04-24,34,06:09:00,Friday,Eglinton Station,Mechanical,4,8,e,7633.0
2015-04-24,106,06:10:00,Friday,York U. Common,Late Leaving Garage,10,20,s,8358.0
2015-04-24,25,06:14:00,Friday,Don Mills and Duncan Mill,Mechanical,5,10,S,7497.0
2015-04-24,122,06:14:00,Friday,Roywood and Underpass,Late Leaving Garage,1,1,w/b,8359.0
2015-04-24,57,06:14:00,Friday,Midland and Finch,Mechanical,7,15,SB,7718.0
2015-04-24,68,06:15:00,Friday,Warden Stn,Mechanical,4,8,N,7551.0
2015-04-24,127,06:15:00,Friday,Spadina Station,Late Leaving Garage,17,34,w/b,1625.0
2015-04-24,29,06:15:00,Friday,Dufferin and Tycos,Late Leaving Garage,8,16,s/b,8301.0
2015-04-24,79,06:18:00,Friday,pine,Late Leaving Garage,9,18,s/b,1530.0
2015-04-24,53,06:19:00,Friday,Morningside and Staines,Mechanical,3,15,w,9081.0
2015-04-24,52,06:20:00,Friday,lawrence stn,Mechanical,12,24,w/b,1201.0
2015-04-24,195,06:24:00,Friday,Jane and Steeles,Late Leaving Garage,10,20,S/b,1394.0
2015-04-24,84,06:27:00,Friday,Sheppard Yonge Stn,Late Leaving Garage,4,8,W/b,1271.0
2015-04-24,125,06:35:00,Friday,Antibies,Mechanical,15,27,e,9423.0
2015-04-24,37,06:36:00,Friday,Islington Stn,Late Leaving Garage,22,33,n/b,8062.0
2015-04-24,196,06:41:00,Friday,Commons,Late Leaving Garage,5,0,s,8355.0
2015-04-24,102,06:47:00,Friday,WARDEN Stn,Late Leaving Garage,10,20,N/B,7852.0
2015-04-24,37,06:47:00,Friday,Islington Stn,Utilized Off Route,7,14,n/b,8070.0
2015-04-24,14,06:50:00,Friday,davisville stn,Late Leaving Garage,15,30,w/b,1253.0
2015-04-24,89,06:52:00,Friday,Keele station,Late Leaving Garage,5,10,n/b,1620.0
2015-04-24,102,06:57:00,Friday,Wearden Stn,Late Leaving Garage,10,20,N/B,7815.0
2015-04-24,60,06:57:00,Friday,FSTN,Late Leaving Garage,7,14,W,9132.0
2015-04-24,145,07:00:00,Friday,Lakeshore Blvd W and Kipling Av,Late Leaving Garage,10,40,E,7945.0
2015-04-24,37,07:02:00,Friday,Islington Stn,Mechanical,8,15,n/b,8003.0
2015-04-24,142,07:04:00,Friday,Adelaidem St.& University Ave.,Diversion,30,165,S,8173.0
2015-04-24,139,07:07:00,Friday,Finch/Birchmount,Mechanical,20,40,WB,1709.0
2015-04-24,75,07:09:00,Friday,Bloor and Sherbourne,Late Leaving Garage,6,12,n,8349.0
2015-04-24,95,07:10:00,Friday,ELRT,Late Leaving Garage,8,16,w,1134.0
2015-04-24,145,07:11:00,Friday,Adelaide St W and University Av,Diversion,108,1,E,7343.0
2015-04-24,26,07:15:00,Friday,St George stn,Mechanical,14,29,w/b,1218.0
2015-04-24,141,07:30:00,Friday,University and Adelaide,Diversion,120,150,e,1043.0
2015-04-24,95,07:30:00,Friday,SCLP,Late Leaving Garage,10,19,w,1792.0
2015-04-24,143,07:30:00,Friday,Adelaide and University,Diversion,1,1,EB,8102.0
2015-04-24,54,07:31:00,Friday,SRT Laewrence,Mechanical,11,22,W/B,7484.0
2015-04-24,94,07:34:00,Friday,WELLESLEY STN,Late Leaving Garage,6,12,E,
2015-04-24,142,07:45:00,Friday,Bombay loop/ Simcoe & Richmond,General Delay,30,38,S/N,
2015-04-24,66,07:47:00,Friday,Humber Loop,Late Leaving Garage,17,25,N,7972.0
2015-04-24,12,07:59:00,Friday,Victoria Park Station,Mechanical,7,14,SB,7855.0
2015-04-24,5,08:00:00,Friday,Eglinton Stn-Queen's park circle,General Delay,12,30,S/N,
2015-04-24,108,08:00:00,Friday,Sheppard at Keele,General Delay,9,18,W,
2015-04-24,109,08:00:00,Friday,Ranee rte,General Delay,15,30,b/w,
2015-04-24,196,08:08:00,Friday,Downsview stn,Utilized Off Route,2,4,n,8145.0
2015-04-24,75,08:20:00,Friday,Q.Q/ Jarvis,Mechanical,6,12,n,8216.0
2015-04-24,11,08:30:00,Friday,,General Delay,14,35,N/S,
2015-04-24,61,08:30:00,Friday,Eglinton Stn.Bombay Loop,General Delay,10,30,S/N,
2015-04-24,51,08:30:00,Friday,Eglinton Stn. Townsend/ Freshmedow,General Delay,25,35,S/N,
2015-04-24,74,08:30:00,Friday,Mt. Pleasant,General Delay,15,30,,
2015-04-24,97,08:40:00,Friday,Wilson/Yonge to Eglinton/Yonge,General Delay,30,60,,
2015-04-24,199,08:46:00,Friday,Finch Station,Mechanical,3,6,EB,1758.0
2015-04-24,100,08:47:00,Friday,Donmills & Eglinton,Mechanical,3,13,e,7448.0
2015-04-24,106,08:49:00,Friday,Downsview stn,Mechanical,7,14,n,8358.0
2015-04-24,196,08:51:00,Friday,Sheppard & Yonge,Utilized Off Route,8,15,,8317.0
2015-04-24,96,08:55:00,Friday,Bartor and Arrow,Mechanical,5,11,W/B,1305.0
2015-04-24,94,09:00:00,Friday,WELLESLEY ROUTE,General Delay,10,0,BW,
2015-04-24,190,09:01:00,Friday,STC,Mechanical,5,10,W,7509.0
2015-04-24,196,09:06:00,Friday,Sheppard / Yonge St,Utilized Off Route,8,15,,8303.0
2015-04-24,196,09:08:00,Friday,Downsview stn,Utilized Off Route,2,4,n,8208.0
2015-04-24,102,09:14:00,Friday,Maybrook Dr & Passmore,Mechanical,20,40,S/b,7725.0
2015-04-24,102,09:29:00,Friday,Warden Stn,Mechanical,17,34,N/B,7717.0
2015-04-24,35,10:07:00,Friday,Jane and Steeles,Mechanical,10,20,S/b,1324.0
2015-04-24,191,10:10:00,Friday,Kipling station,Mechanical,5,10,N,7905.0
2015-04-24,94,10:22:00,Friday,WELLESLEY/YONGE,Investigation,10,20,W,7873.0
2015-04-24,96,10:40:00,Friday,WILSON STATION,Emergency Services,18,30,W/B,1252.0
2015-04-24,54,11:10:00,Friday,Markham/Lawrence,Investigation,12,24,w,7418.0
2015-04-24,196,11:23:00,Friday,downview station,Mechanical,2,4,N,8364.0
2015-04-24,54,11:30:00,Friday,warden and eglinton,Mechanical,12,24,e,7682.0
2015-04-24,165,11:50:00,Friday,York Mills station,Mechanical,9,27,N,1380.0
2015-04-24,56,12:01:00,Friday,Eglinton Stn.,Mechanical,17,34,E,9419.0
2015-04-24,88,12:10:00,Friday,St Clair Stn,Mechanical,15,30,,9420.0
2015-04-24,196,12:11:00,Friday,Downsview Station,Mechanical,7,14,n,9443.0
2015-04-24,196,12:18:00,Friday,Downsview Station,Mechanical,3,6,n,9436.0
2015-04-24,12,12:43:00,Friday,Brimley and Kingston,Investigation,20,40,EB,7866.0
2015-04-24,133,12:49:00,Friday,Ellesmere and Markham,Investigation,10,20,e,1101.0
2015-04-24,68,12:58:00,Friday,Lawrence,General Delay,13,21,w,
2015-04-24,72,12:59:00,Friday,Pape and Bain,Investigation,10,20,NB,7708.0
2015-04-24,24,13:13:00,Friday,VP at Cassandra,Investigation,20,30,n,7859.0
2015-04-24,196,13:13:00,Friday,Downsview Station,Mechanical,3,6,n,9404.0
2015-04-24,167,13:50:00,Friday,Pharmacy Ave. at Huntingwood,Mechanical,24,48,n,7803.0
2015-04-24,198,13:50:00,Friday,kennedy station,Mechanical,10,20,s,7553.0
2015-04-24,83,13:53:00,Friday,Lakeshore,Utilized Off Route,16,32,n,7716.0
2015-04-24,100,13:55:00,Friday,Broadview station,Utilized Off Route,7,14,n,7591.0
2015-04-24,7,14:00:00,Friday,On Route,General Delay,15,24,BW,
2015-04-24,41,14:00:00,Friday,Entire Route,General Delay,30,40,B/W,
2015-04-24,63,14:00:00,Friday,Entire route,General Delay,10,20,b/w,
2015-04-24,107,14:00:00,Friday,DOWNVIEW STATION TO TESTON,General Delay,25,45,B/W,
2015-04-24,81,14:00:00,Friday,Pape Stn.,Utilized Off Route,10,20,n,7832.0
2015-04-24,100,14:02:00,Friday,Broadview station,Utilized Off Route,7,14,n,7513.0
2015-04-24,106,14:10:00,Friday,downsview Station,Mechanical,10,20,n,8438.0
2015-04-24,510,14:14:00,Friday,egl yard,Late Leaving Garage,1,1,w,7675.0
2015-04-24,224,14:18:00,Friday,Don Mills Station,Mechanical,10,20,EB,7536.0
2015-04-24,191,14:39:00,Friday,Hyw27 @ Royal Crest,Mechanical,4,11,s,7901.0
2015-04-24,84,14:54:00,Friday,Finch and Arrow,Late Leaving Garage,29,51,E,1704.0
2015-04-24,41,14:55:00,Friday,Keele Station,Late Leaving Garage,13,13,NB,9149.0
2015-04-24,122,14:55:00,Friday,Roywood and fenside,Late Leaving Garage,16,32,W,8159.0
2015-04-24,117,14:56:00,Friday,Alness and Steeles,Mechanical,14,28,s,8358.0
2015-04-24,52,15:00:00,Friday,Entire route,General Delay,15,15,b/w,
2015-04-24,7,15:00:00,Friday,Lawrence/Bathurst,Mechanical,7,14,SB,9002.0
2015-04-24,47,15:00:00,Friday,Entire route,General Delay,8,16,b/w,
2015-04-24,46,15:00:00,Friday,Bethridge and Martin Grove,General Delay,10,20,B/W,
2015-04-24,46,15:00:00,Friday,Burnamthrope to Ratburn on Kipling,General Delay,10,20,B/W,
2015-04-24,61,15:00:00,Friday,Avenue Road North Route,General Delay,20,23,b/w,
2015-04-24,70,15:00:00,Friday,Coxwell/O'Connor,General Delay,7,25,bw,
2015-04-24,54,15:11:00,Friday,Lawrence and Warden,Utilized Off Route,11,22,w,7435.0
2015-04-24,53,15:12:00,Friday,Markham - Passmore,Late Leaving Garage,17,30,W,9078.0
2015-04-24,190,15:18:00,Friday,STC,Mechanical,5,10,EB,7471.0
2015-04-24,84,15:20:00,Friday,Weston and Bradstock,Mechanical,11,22,E,1505.0
2015-04-24,22,15:26:00,Friday,Coxwell and Upper Gerrard,Diversion,19,27,S/B,7813.0
2015-04-24,84,15:28:00,Friday,Sheppard Station,Late Leaving Garage,11,22,W,1271.0
2015-04-24,59,15:30:00,Friday,Culford lawrence to Lawrence W. Station,General Delay,10,20,B/W,
2015-04-24,115,15:30:00,Friday,Silver hills route,General Delay,20,30,B,
2015-04-24,67,15:30:00,Friday,Victoria Park Station,Utilized Off Route,10,20,NB,7506.0
2015-04-24,122,15:30:00,Friday,graydon hall route,General Delay,35,35,B,
2015-04-24,22,15:30:00,Friday,Coxwell route,General Delay,10,1,B/W,
2015-04-24,95,15:30:00,Friday,Don Mills to York Mills Station,General Delay,15,1,Bw,
2015-04-24,196,15:30:00,Friday,downsview station,Utilized Off Route,4,8,n,9415.0
2015-04-24,192,15:40:00,Friday,TERMINAL 3,Mechanical,8,17,S/B,8016.0
2015-04-24,53,15:49:00,Friday,Woodbine - Steeles,Investigation,17,30,W,9078.0
2015-04-24,196,15:53:00,Friday,Downsview Station,Mechanical,4,8,n,9417.0
2015-04-24,84,15:55:00,Friday,120 Sheppard Avenue west,Diversion,37,59,B/W,
2015-04-24,111,16:00:00,Friday,Bloor and Eastmall,Investigation,11,22,,7331.0
2015-04-24,85,16:00:00,Friday,Sheppard @ Buchan,Diversion,60,76,W,1085.0
2015-04-24,79,16:00:00,Friday,Entire route,General Delay,8,16,b/w,
2015-04-24,98,16:06:00,Friday,Sheppard and Quilter,Diversion,43,58,bw,8154.0
2015-04-24,196,16:08:00,Friday,Quilter,Diversion,48,60,b/w,9404.0
2015-04-24,196,16:12:00,Friday,Downsviw Station,Utilized Off Route,3,7,nb,8319.0
2015-04-24,32,16:12:00,Friday,Irving and Keele,Investigation,8,16,e,1024.0
2015-04-24,54,16:14:00,Friday,Orton pk on Lawrence,Investigation,10,20,w,7479.0
2015-04-24,45,16:15:00,Friday,KIPLING AT PANARAMA COURT,Mechanical,10,20,S/B,7341.0
2015-04-24,199,16:21:00,Friday,Finch at Milliken,Investigation,4,8,W/B,1068.0
2015-04-24,94,16:30:00,Friday,Wellesley Route,General Delay,10,20,bw,7769.0
2015-04-24,161,16:30:00,Friday,Entire route,General Delay,8,15,b/w,
2015-04-24,97,16:40:00,Friday,Yonge and Glencairn,Investigation,30,60,nb,8192.0
2015-04-24,39,16:45:00,Friday,Seneca College.,Utilized Off Route,10,20,W/B,1081.0
2015-04-24,11,16:45:00,Friday,Bayview and Hwy 401,General Delay,21,20,b/w,
2015-04-24,53,16:55:00,Friday,Finch Station to Morningside/Staines,General Delay,10,16,B/W,
2015-04-24,60,16:57:00,Friday,Finch Station,Mechanical,5,10,W,1355.0
2015-04-24,198,17:00:00,Friday,scarb coll.route,General Delay,15,0,b/w,
2015-04-24,196,17:00:00,Friday,Downsview Station,Mechanical,12,24,E,9404.0
2015-04-24,65,17:00:00,Friday,CastleFrank Station,Investigation,9,18,NB,7774.0
2015-04-24,116,17:00:00,Friday,morningside route,General Delay,10,0,b/w,
2015-04-24,78,17:00:00,Friday,St. Andrews route,General Delay,15,30,B,
2015-04-24,86,17:00:00,Friday,scarborough route,General Delay,10,0,b/w,
2015-04-24,70,17:01:00,Friday,coxwell station,Investigation,1,1,w,7435.0
2015-04-24,112,17:05:00,Friday,E/B DUNDAS AT THE EASTMALL,Mechanical,17,34,N/B,8045.0
2015-04-24,16,17:19:00,Friday,Danforth and Wolfe,Investigation,9,19,S/B,7879.0
2015-04-24,39,17:21:00,Friday,Finch at Bay view,General Delay,5,10,B/W,
2015-04-24,43,17:24:00,Friday,Kennedy Station,Investigation,9,18,NB,7583.0
2015-04-24,39,17:57:00,Friday,Finch Stn,Utilized Off Route,10,20,E/B,1737.0
2015-04-24,46,18:00:00,Friday,Martin Grove and Westhumber,Mechanical,11,22,S,1212.0
2015-04-24,85,18:14:00,Friday,Sheppard @ Markham,Mechanical,6,12,W,9074.0
2015-04-24,20,18:16:00,Friday,Danforth at VP,Investigation,14,28,w,7784.0
2015-04-24,122,18:30:00,Friday,Leslie,Mechanical,16,32,W,8359.0
2015-04-24,132,18:40:00,Friday,Hupfield @ Glanvil Cresent,Diversion,150,162,E,1764.0
2015-04-24,51,18:52:00,Friday,Leslie Station,Mechanical,24,48,n,8357.0
2015-04-24,191,19:04:00,Friday,Kipling Stn.,Mechanical,8,14,N,7923.0
2015-04-24,21,19:20:00,Friday,Kennedy Station,Mechanical,11,22,NB,7785.0
2015-04-24,112,20:34:00,Friday,West Mall/Burnhamthorpe,Mechanical,15,30,n/b,8017.0
2015-04-24,84,21:10:00,Friday,Sheppard and kodiak,Mechanical,10,20,w/b,1365.0
2015-04-24,29,21:34:00,Friday,Auburn ave,Investigation,6,11,N,9016.0
2015-04-24,11,22:38:00,Friday,Davisville Station,Mechanical,15,30,n,8312.0
2015-04-24,89,23:35:00,Friday,Weston rd / Rogers,Investigation,15,30,n,1583.0
2015-04-24,92,23:38:00,Friday,Woodbince & Gerrard,Investigation,20,40,NB,7618.0
2015-04-24,36,23:40:00,Friday,finch stn,Mechanical,10,20,w/b,9111.0
2015-04-24,35,23:46:00,Friday,jane stn,Mechanical,9,18,s/b,1554.0
2015-04-25,1,00:28:00,Saturday,Vaughan and St.Clair,Investigation,10,20,E,8180.0
2015-04-25,7,00:30:00,Saturday,Bathurst and Sheppard,Mechanical,10,20,n,8303.0
2015-04-25,116,00:47:00,Saturday,Morningside / Gardentree,Diversion,10,30,SB,7628.0
2015-04-25,52,00:50:00,Saturday,Westway/ Trio,Diversion,84,105,b/w,1644.0
2015-04-25,1,01:02:00,Saturday,York Mills Station,Mechanical,3,6,n,7502.0
2015-04-25,134,01:03:00,Saturday,Bellamy and Progress,Mechanical,30,60,SB,1763.0
2015-04-25,86,01:53:00,Saturday,Kennedy Station,Utilized Off Route,1,1,,7655.0
2015-04-25,54,01:58:00,Saturday,Eglinton Station,Utilized Off Route,1,1,EB,7633.0
2015-04-25,87,02:00:00,Saturday,Main Station,Utilized Off Route,0,0,BW,7690.0
2015-04-25,300,02:04:00,Saturday,bathurst Station,Utilized Off Route,1,1,EB,7513.0
2015-04-25,35,02:18:00,Saturday,jane stn,Utilized Off Route,20,40,s/b,1789.0
2015-04-25,41,05:00:00,Saturday,Founders,Late Leaving Garage,15,31,s/b,1501.0
2015-04-25,6,05:07:00,Saturday,Bedford & Dupont,Late Leaving Garage,15,15,s/b,1547.0
2015-04-25,305,05:15:00,Saturday,Kingston/Guildcrest Dr.,Mechanical,30,60,EB,7435.0
2015-04-25,36,05:22:00,Saturday,SENTINEL AND FINCH,Mechanical,10,20,E/B,1688.0
2015-04-25,60,05:27:00,Saturday,Steeles Loop,Mechanical,14,29,E/B,1395.0
2015-04-25,47,05:29:00,Saturday,Yorkdale stn,Late Leaving Garage,8,17,s/b,1249.0
2015-04-25,89,05:30:00,Saturday,Albion & Weston,Late Leaving Garage,15,35,s/b,1556.0
2015-04-25,25,05:30:00,Saturday,Pape station,Mechanical,20,35,n,7573.0
2015-04-25,35,05:33:00,Saturday,Hullmar,Late Leaving Garage,16,32,N,1257.0
2015-04-25,59,05:40:00,Saturday,Law. W. Stn.,Late Leaving Garage,30,60,W,1209.0
2015-04-25,123,05:56:00,Saturday,Longbranch,Late Leaving Garage,20,45,N/B,7964.0
2015-04-25,21,05:57:00,Saturday,Brimley and Eagledance,Diversion,10,733,BW,
2015-04-25,54,06:08:00,Saturday,Lawrence and Scarborough Golf,Mechanical,22,0,e,7661.0
2015-04-25,109,06:22:00,Saturday,Eglinton Stn,Late Leaving Garage,0,15,n,8146.0
2015-04-25,43,06:23:00,Saturday,Kennedy station,Mechanical,15,30,n,7483.0
2015-04-25,7,06:27:00,Saturday,Bathurst at Sheppard,Mechanical,11,21,n,8358.0
2015-04-25,73,06:30:00,Saturday,Weston and Oak St,Mechanical,15,30,n/b,7926.0
2015-04-25,54,06:30:00,Saturday,Lawrence LRT,Mechanical,22,0,w,7521.0
2015-04-25,70,07:05:00,Saturday,Cowxweel and Cosburn,Diversion,60,82,N,7641.0
2015-04-25,84,07:43:00,Saturday,WEBR,Mechanical,10,20,E,7947.0
2015-04-25,102,08:10:00,Saturday,Warden Station,Investigation,55,110,SB,7842.0
2015-04-25,110,08:22:00,Saturday,Islington Station,Late Leaving Garage,18,25,s/b,8071.0
2015-04-25,54,08:45:00,Saturday,Hanna to Bessborough,Diversion,140,160,w,7675.0
2015-04-25,34,08:45:00,Saturday,Eglinton at Hannah,Diversion,140,147,WB,7459.0
2015-04-25,100,08:45:00,Saturday,Eglinton at Hannah,Diversion,140,150,WB,7613.0
2015-04-25,51,08:50:00,Saturday,Hanna Rd/Eglinton Av,Diversion,24,48,WB,8378.0
2015-04-25,56,08:55:00,Saturday,Hanna Rd/Eglinton Av,Diversion,24,48,WB,8377.0
2015-04-25,97,09:00:00,Saturday,Yorkmills to Steeles,General Delay,45,85,BW,
2015-04-25,199,09:08:00,Saturday,Finch station,Utilized Off Route,8,16,EB,1823.0
2015-04-25,81,09:08:00,Saturday,Pape Station,Utilized Off Route,9,18,NB,7693.0
2015-04-25,41,09:15:00,Saturday,Eglinton and Keele,Mechanical,12,24,NB,1234.0
2015-04-25,97,09:16:00,Saturday,Yonge/Belsize Av,Investigation,30,60,Sb,8186.0
2015-04-25,22,09:22:00,Saturday,Coxwell Station,Utilized Off Route,12,24,SB,7823.0
2015-04-25,72,09:25:00,Saturday,Pape Station,Utilized Off Route,10,20,SB,7786.0
2015-04-25,24,09:30:00,Saturday,,General Delay,15,0,B/W,
2015-04-25,106,09:34:00,Saturday,Downsview Station,Utilized Off Route,12,24,WB,8186.0
2015-04-25,52,09:34:00,Saturday,Lawrence west Station,Late Leaving Garage,11,21,WB,1522.0
2015-04-25,52,09:42:00,Saturday,Tollington and Martin Grove,Late Leaving Garage,15,25,EB,1660.0
2015-04-25,169,09:45:00,Saturday,Birchmount/Huntingwood Av,Mechanical,30,60,WB,8359.0
2015-04-25,25,10:00:00,Saturday,DonMills Route,General Delay,10,20,B/W,
2015-04-25,11,10:00:00,Saturday,On Route,General Delay,40,64,BW,
2015-04-25,34,10:00:00,Saturday,Entire Route,General Delay,15,12,BW,
2015-04-25,116,10:00:00,Saturday,Entire Route,General Delay,10,12,BW,
2015-04-25,51,10:00:00,Saturday,On Route,General Delay,40,61,BW,
2015-04-25,26,10:00:00,Saturday,St George Stn to Jane Stn,General Delay,10,24,b,
2015-04-25,86,10:00:00,Saturday,Entire Route,General Delay,10,12,BW,
2015-04-25,112,10:02:00,Saturday,Renforth / Convair,Mechanical,20,40,s/b,8044.0
2015-04-25,29,10:13:00,Saturday,Wilson Stn,Utilized Off Route,5,10,s,8200.0
2015-04-25,87,10:30:00,Saturday,COSBURN ROUTE,General Delay,10,0,B/W,
2015-04-25,104,10:41:00,Saturday,Wilson Stn,Mechanical,14,28,n,8161.0
2015-04-25,21,11:00:00,Saturday,Brimley rd route,General Delay,10,1,b/w,
2015-04-25,12,11:00:00,Saturday,Kingston rd route,General Delay,15,1,b/w,
2015-04-25,61,11:00:00,Saturday,On Route,General Delay,30,50,BW,
2015-04-25,51,11:00:00,Saturday,51 Leslie Route,General Delay,22,46,BW,
2015-04-25,195,11:00:00,Saturday,Entire route,General Delay,25,40,B/W,
2015-04-25,35,11:00:00,Saturday,Entire route,General Delay,25,40,B/W,
2015-04-25,11,11:00:00,Saturday,11 Bayview Route,General Delay,42,66,BW,
2015-04-25,97,11:00:00,Saturday,97 Yonge Street Route,General Delay,20,50,BW,
2015-04-25,84,11:14:00,Saturday,WEBR,Mechanical,7,14,E,1231.0
2015-04-25,85,11:29:00,Saturday,Sheppard/Brimley,Mechanical,22,44,WB,1824.0
2015-04-25,85,11:44:00,Saturday,Don Mills Station,Utilized Off Route,22,44,EB,1709.0
2015-04-25,192,11:45:00,Saturday,Kipling station,Mechanical,10,20,nb,8003.0
2015-04-25,53,11:55:00,Saturday,Finch station,Late Leaving Garage,6,12,EB,1077.0
2015-04-25,86,12:00:00,Saturday,Kennedy Stn,Utilized Off Route,6,12,EB,7479.0
2015-04-25,84,12:00:00,Saturday,Jane,Mechanical,7,14,W,1285.0
2015-04-25,191,12:05:00,Saturday,Steeles and Martin Grove Loop,Late Leaving Garage,10,20,S,7918.0
2015-04-25,52,12:09:00,Saturday,Lawrence west station,Late Leaving Garage,8,16,WB,1408.0
2015-04-25,41,12:10:00,Saturday,keele st at wilson ave,Mechanical,7,14,s,1539.0
2015-04-25,129,12:14:00,Saturday,STC,Mechanical,7,14,NB,1091.0
2015-04-25,29,12:25:00,Saturday,Dufferin and Samor,Mechanical,3,6,s,9038.0
2015-04-25,22,12:26:00,Saturday,Bingham loop to Coxwell Station,General Delay,15,25,B/W,
2015-04-25,91,12:26:00,Saturday,Woodbine Station to York Mills,General Delay,15,25,B/W,
2015-04-25,57,12:30:00,Saturday,Midland rd route,General Delay,10,1,b/w,
2015-04-25,29,12:30:00,Saturday,Wilson Stn,Mechanical,3,7,s,9037.0
2015-04-25,199,12:30:00,Saturday,Entire Route,General Delay,10,1,BW,
2015-04-25,52,12:35:00,Saturday,Jane and lawrence,Mechanical,21,46,EB,1507.0
2015-04-25,95,13:00:00,Saturday,Entire Route,General Delay,10,0,BW,
2015-04-25,54,13:00:00,Saturday,54 Lawrence E  Rouet,General Delay,35,30,BW,
2015-04-25,70,13:00:00,Saturday,70 O Conner Route,General Delay,27,24,BW,
2015-04-25,100,13:00:00,Saturday,100 Flemingdon route,General Delay,30,20,BW,
2015-04-25,68,13:00:00,Saturday,68 Warden Route,General Delay,30,20,BW,
2015-04-25,85,13:00:00,Saturday,Sheppard Stn to Rouge Hill Go,General Delay,20,15,E/W,
2015-04-25,39,13:05:00,Saturday,Finch and Don Mills,Mechanical,7,14,EB,1719.0
2015-04-25,97,13:09:00,Saturday,Yonge and Sheppard,Emergency Services,15,21,s,8328.0
2015-04-25,129,13:17:00,Saturday,STC Stn,Mechanical,7,14,n,1125.0
2015-04-25,24,13:22:00,Saturday,Victoria Park and Steeles,Investigation,8,17,S/B,7744.0
2015-04-25,29,13:25:00,Saturday,Dufferin and St Clair,Investigation,3,7,s,9047.0
2015-04-25,165,13:30:00,Saturday,Wilson Station,Mechanical,8,16,E,7232.0
2015-04-25,91,13:42:00,Saturday,Woodbine Station,Mechanical,12,24,n,7856.0
2015-04-25,96,13:50:00,Saturday,Kipling & Brookmere,Investigation,17,34,N,1255.0
2015-04-25,63,14:00:00,Saturday,Entire route,General Delay,12,6,b/w,
2015-04-25,161,14:00:00,Saturday,Entrie Route,General Delay,12,24,B/W,
2015-04-25,79,14:00:00,Saturday,Entrie Route,General Delay,10,20,B/W,
2015-04-25,52,14:00:00,Saturday,Entire Route,General Delay,17,34,B/W,
2015-04-25,100,14:08:00,Saturday,St Dennis and Wynford,Mechanical,9,18,SB,7464.0
2015-04-25,100,14:08:00,Saturday,St Denneis and Wynford,Mechanical,9,18,NB,7601.0
2015-04-25,85,14:18:00,Saturday,Meadowvale Loop,Mechanical,5,10,W,1089.0
2015-04-25,53,14:20:00,Saturday,Finch Stn to Steeles and Midland,General Delay,7,9,bw,
2015-04-25,11,14:20:00,Saturday,Bayview/lawrence Ramp,Diversion,24,48,NB,8302.0
2015-04-25,97,14:23:00,Saturday,Bishop & Yonge,Investigation,30,60,SB,8308.0
2015-04-25,29,14:23:00,Saturday,Wilson Stn,Mechanical,3,6,s,
2015-04-25,6,14:30:00,Saturday,Davenport Rd at New St,Investigation,12,24,n,1632.0
2015-04-25,94,14:33:00,Saturday,Ossington Stn,Investigation,12,24,,7730.0
2015-04-25,41,14:40:00,Saturday,Keele St at Dovehouse Ave,Mechanical,7,14,n,1617.0
2015-04-25,36,14:42:00,Saturday,Jane,Utilized Off Route,7,14,E,1422.0
2015-04-25,35,14:42:00,Saturday,Jane and Finch,Utilized Off Route,8,16,S,7951.0
2015-04-25,25,15:00:00,Saturday,Pape Stn,Mechanical,5,10,S/B,7646.0
2015-04-25,196,15:07:00,Saturday,Downsview STN,Utilized Off Route,10,20,NB,8318.0
2015-04-25,106,15:10:00,Saturday,Downsview STN,Utilized Off Route,10,20,WB,8164.0
2015-04-25,165,15:15:00,Saturday,Clayson & Wilson,Mechanical,8,16,E,7249.0
2015-04-25,116,15:16:00,Saturday,Kennedy Stn,Utilized Off Route,6,12,EB,7447.0
2015-04-25,32,15:17:00,Saturday,Skymark,Mechanical,9,18,e,1013.0
2015-04-25,72,15:35:00,Saturday,Pape Station,Mechanical,10,20,SB,7850.0
2015-04-25,7,15:44:00,Saturday,Bathurst STN,Mechanical,7,14,NB,8135.0
2015-04-25,89,15:45:00,Saturday,weston Rd at Walsh Ave,Emergency Services,8,18,n,1245.0
2015-04-25,17,15:47:00,Saturday,Birchmount and Wintermute,Diversion,15,133,NB,
2015-04-25,36,16:00:00,Saturday,HWLP,Utilized Off Route,7,14,E,1294.0
2015-04-25,97,16:04:00,Saturday,Yonge & Norton,Investigation,30,60,NB,8148.0
2015-04-25,131,16:06:00,Saturday,STC,Mechanical,18,36,E,1816.0
2015-04-25,133,16:08:00,Saturday,STC,Utilized Off Route,7,14,E,1067.0
2015-04-25,42,16:22:00,Saturday,Finch STN,Utilized Off Route,12,24,NB,1802.0
2015-04-25,32,16:36:00,Saturday,Westside mall and Eglinton,Investigation,9,18,e,1546.0
2015-04-25,29,16:50:00,Saturday,Wilson STN,Utilized Off Route,3,6,SB,9040.0
2015-04-25,29,17:00:00,Saturday,Dufferin and Eglinton,Diversion,3,7,s,8304.0
2015-04-25,29,17:00:00,Saturday,Dufferin & Eglinton,Utilized Off Route,3,7,SB,8304.0
2015-04-25,709,17:02:00,Saturday,Eglinton west station,Utilized Off Route,1,1,e,1048.0
2015-04-25,54,17:04:00,Saturday,Eglinton & Leslie,Mechanical,15,30,EB,7484.0
2015-04-25,23,17:40:00,Saturday,Main Station,Mechanical,10,20,NB,7814.0
2015-04-25,47,17:45:00,Saturday,Caledonia rd at rogers Rd,Mechanical,18,36,n,1562.0
2015-04-25,52,18:03:00,Saturday,Lawrence Ave. West and Caledonia Rd.,Mechanical,17,34,E,1287.0
2015-04-25,74,18:45:00,Saturday,St Clair STN,Mechanical,30,60,NB,8165.0
2015-04-25,85,18:52:00,Saturday,Meadowvale Loop,Mechanical,7,14,W,1785.0
2015-04-25,35,19:09:00,Saturday,William Cragg & Jane,Mechanical,12,24,N,1514.0
2015-04-25,709,19:29:00,Saturday,Eglinton and yonge,Utilized Off Route,1,1,e,1048.0
2015-04-25,29,19:29:00,Saturday,Dufferin and Dupont,Utilized Off Route,8,16,n,8389.0
2015-04-25,35,19:45:00,Saturday,Jane & Eglinton,Mechanical,12,24,N,1268.0
2015-04-25,65,20:02:00,Saturday,Argyle and Ossington,Investigation,6,12,n,1200.0
2015-04-25,84,21:10:00,Saturday,sheppard stn,Emergency Services,11,22,b/w,1394.0
2015-04-25,98,21:15:00,Saturday,Sheppard Station,Mechanical,30,60,e,8347.0
2015-04-25,110,21:27:00,Saturday,Islington/Noresman,Investigation,20,45,s/b,8078.0
2015-04-25,134,21:50:00,Saturday,Pullman Ct and Finchdene,Investigation,30,60,SB`,1763.0
2015-04-25,25,21:55:00,Saturday,pape station,Mechanical,10,20,NB,7685.0
2015-04-25,24,22:03:00,Saturday,Victoria Park and Jonesville,Investigation,10,20,SB,7752.0
2015-04-25,21,22:12:00,Saturday,Triton and Borough,Investigation,20,40,Sb,7849.0
2015-04-25,50,22:30:00,Saturday,Mill rd loop,Mechanical,30,60,e/b,7976.0
2015-04-25,95,23:23:00,Saturday,York Mills Stn,Mechanical,10,20,EB,1328.0
2015-04-25,37,23:37:00,Saturday,Islington stn.,Utilized Off Route,30,60,s/b,8014.0
2015-04-25,95,23:38:00,Saturday,Dewry Dr,Mechanical,10,20,EB,1785.0
2015-04-25,95,23:45:00,Saturday,Victoria Park,Utilized Off Route,10,20,EB,1720.0
2015-04-25,91,23:45:00,Saturday,Bermondsey and Hollinger,Mechanical,30,60,NB,7699.0
2015-04-25,24,23:51:00,Saturday,Victoria Park Stn,Utilized Off Route,10,20,NB,7817.0
2015-04-25,52,23:53:00,Saturday,Lawrence west station,Mechanical,30,60,EB,1622.0
2015-04-25,1,23:55:00,Saturday,Yonge and Ranleigh,Mechanical,3,6,s,1207.0
2015-04-26,300,02:30:00,Sunday,Victoria Park,Mechanical,7,14,EB,8061.0
2015-04-26,300,03:20:00,Sunday,Islington Ave,Mechanical,8,16,WB,7651.0
2015-04-26,313,04:44:00,Sunday,jane and mapleleaf,Investigation,20,40,n/b,1254.0
2015-04-26,310,05:10:00,Sunday,Bathurst and Steeles,Mechanical,30,60,N/b,8357.0
2015-04-26,320,05:58:00,Sunday,YorkMills and Yonge,Late Leaving Garage,18,21,n,7621.0
2015-04-26,47,07:20:00,Sunday,Dundas and Lansdowne,Diversion,30,50,n,1216.0
2015-04-26,7,07:33:00,Sunday,Steeles / Bathurst stn,General Delay,10,20,B/W,
2015-04-26,310,07:34:00,Sunday,Greenwin Village,Diversion,180,193,N/b,8194.0
2015-04-26,310,07:43:00,Sunday,Greenwin / Bathurst,Investigation,30,45,s,8384.0
2015-04-26,310,07:43:00,Sunday,Greenwin / Bathurst,Investigation,12,27,s,8374.0
2015-04-26,42,07:45:00,Sunday,Kennedy loop,Mechanical,15,0,w,1790.0
2015-04-26,73,08:00:00,Sunday,Royal York Station,Late Leaving Garage,5,1,N,8060.0
2015-04-26,71,08:19:00,Sunday,Runnymede stn,Late Leaving Garage,0,25,n,1246.0
2015-04-26,199,08:25:00,Sunday,STC,Late Leaving Garage,10,20,WB,1797.0
2015-04-26,199,08:25:00,Sunday,STC,Late Leaving Garage,5,10,WB,1729.0
2015-04-26,5,08:30:00,Sunday,Bloor / Avenue,Diversion,120,133,s,8174.0
2015-04-26,94,08:31:00,Sunday,Queens Park Circle,Diversion,120,140,B/W,7882.0
2015-04-26,25,08:34:00,Sunday,eglinton yard,Late Leaving Garage,1,1,w,7471.0
2015-04-26,25,08:35:00,Sunday,Pape stn,Late Leaving Garage,3,6,w,7644.0
2015-04-26,116,08:36:00,Sunday,eglinton yard,Late Leaving Garage,1,1,w,7625.0
2015-04-26,111,08:39:00,Sunday,Kipling Station,Late Leaving Garage,7,26,N,8019.0
2015-04-26,7,08:40:00,Sunday,Steeles,Mechanical,9,18,s,8175.0
2015-04-26,44,09:02:00,Sunday,Col. Samuel Smith Loop,Late Leaving Garage,15,30,N,8022.0
2015-04-26,80,09:09:00,Sunday,Humber Loop,Late Leaving Garage,12,1,W,8053.0
2015-04-26,54,09:15:00,Sunday,Leslie and Eglinton,Mechanical,16,32,w,7450.0
2015-04-26,73,09:24:00,Sunday,Royal York Station,Mechanical,14,38,N,8016.0
2015-04-26,52,09:44:00,Sunday,Airport rd and Victory,Emergency Services,24,48,E/B,1200.0
2015-04-26,53,10:00:00,Sunday,Finch station to Markham & Steeles,General Delay,8,12,B/W,1707.0
2015-04-26,42,10:13:00,Sunday,Pineway & Cummer,Emergency Services,15,30,EB,8383.0
2015-04-26,6,10:25:00,Sunday,Quuens quay and Dockside,Mechanical,15,30,N/B,1218.0
2015-04-26,22,10:25:00,Sunday,Coxwell Stn,Utilized Off Route,15,30,S,7821.0
2015-04-26,85,10:53:00,Sunday,Sheppard and Warden,Mechanical,8,16,EB,1060.0
2015-04-26,85,11:00:00,Sunday,Entire Route,General Delay,10,1,BW,
2015-04-26,41,11:10:00,Sunday,Keele and Wilson,Emergency Services,20,40,N/B,1058.0
2015-04-26,52,11:16:00,Sunday,Law west Station,Mechanical,24,48,W/b,1053.0
2015-04-26,17,11:32:00,Sunday,Warden Stn,Mechanical,30,60,S/B,7742.0
2015-04-26,72,11:43:00,Sunday,Pape Station,Mechanical,12,24,EB,7785.0
2015-04-26,24,11:50:00,Sunday,Victoria Park Stn,Late Leaving Garage,8,16,N/B,8117.0
2015-04-26,102,11:53:00,Sunday,Warden Stn,Utilized Off Route,17,34,S/B,7823.0
2015-04-26,129,11:58:00,Sunday,Steeles & McCowan,Late Leaving Garage,11,20,SB,1328.0
2015-04-26,709,12:00:00,Sunday,Eglinton west stn,Utilized Off Route,5,10,e,1407.0
2015-04-26,709,12:00:00,Sunday,Pine,Utilized Off Route,5,10,s,1224.0
2015-04-26,168,12:00:00,Sunday,OLD WESTON RD AT ST CLAIR,General Delay,10,20,b/w,
2015-04-26,709,12:00:00,Sunday,Eglinton Stn,Utilized Off Route,5,10,e,1500.0
2015-04-26,47,12:03:00,Sunday,Queen st,Late Leaving Garage,9,18,n,1409.0
2015-04-26,32,12:05:00,Sunday,Eglinton stn,Late Leaving Garage,12,23,w,1501.0
2015-04-26,37,12:06:00,Sunday,ISLINGTON AT THE WESTWAY,Mechanical,18,36,b/w,8096.0
2015-04-26,25,12:16:00,Sunday,DonMills Route,General Delay,5,10,B/W,
2015-04-26,100,12:19:00,Sunday,DVP HWY Bridge on Wynford,Mechanical,10,20,W,7420.0
2015-04-26,22,12:19:00,Sunday,Coxwell Stn,Emergency Services,10,20,,7733.0
2015-04-26,29,12:57:00,Sunday,Wilson Stn,Utilized Off Route,4,8,n,8338.0
2015-04-26,77,13:00:00,Sunday,Entire Route,General Delay,20,40,B/W,1204.0
2015-04-26,79,13:00:00,Sunday,Entire Route,General Delay,12,24,B/W,
2015-04-26,32,13:00:00,Sunday,Entire Route,General Delay,11,22,B/W,
2015-04-26,71,13:00:00,Sunday,Entire Route,General Delay,24,48,B/W,
2015-04-26,106,13:06:00,Sunday,York U,Mechanical,10,20,S,8342.0
2015-04-26,109,13:15:00,Sunday,Eglinton W Stn,Investigation,17,34,n,8392.0
2015-04-26,109,13:20:00,Sunday,Eglinton West STN,Diversion,33,40,BW,
2015-04-26,29,13:30:00,Sunday,Springhurst to Princess Gate Loop,Diversion,255,259,w,8390.0
2015-04-26,29,13:48:00,Sunday,Wilson Stn,Mechanical,4,7,s,8372.0
2015-04-26,32,13:53:00,Sunday,Eglinton Ave. West and Kipling Ave.,Mechanical,11,22,W,1646.0
2015-04-26,133,14:00:00,Sunday,STC,Mechanical,10,20,N/B,1092.0
2015-04-26,106,14:02:00,Sunday,Downsview STN,Utilized Off Route,10,20,WB,8178.0
2015-04-26,196,14:03:00,Sunday,Downsview Stn,Utilized Off Route,3,5,w,8363.0
2015-04-26,16,14:24:00,Sunday,STC Stn,Utilized Off Route,12,24,S,7802.0
2015-04-26,36,14:37:00,Sunday,Finch Stn,Mechanical,5,10,,1285.0
2015-04-26,102,14:50:00,Sunday,Warden Stn,Utilized Off Route,10,21,E,8103.0
2015-04-26,22,15:00:00,Sunday,Bingham Loop,Utilized Off Route,10,20,W,7821.0
2015-04-26,22,15:00:00,Sunday,Coxwell Stn,Utilized Off Route,10,20,S,7836.0
2015-04-26,116,15:08:00,Sunday,Eglinton at Torrance,Mechanical,8,16,EB,7422.0
2015-04-26,32,15:22:00,Sunday,Eglinton Ave. West and Weston Rd.,Investigation,20,40,E,1589.0
2015-04-26,37,15:26:00,Sunday,ISLINGTON AT DUNDAS ST W,Investigation,20,40,N/B,8088.0
2015-04-26,47,15:35:00,Sunday,Lansdowne Ave. and St.Clair Ave. West,Investigation,9,18,S,1037.0
2015-04-26,25,15:44:00,Sunday,77 Metres  B/4 DonMills Rd on FreshMeadow Dr,Mechanical,5,10,S/B,7478.0
2015-04-26,60,15:52:00,Sunday,Finch Stn,Mechanical,11,22,,1550.0
2015-04-26,40,16:00:00,Sunday,DUNDAS W STN,Mechanical,12,24,W/B,8046.0
2015-04-26,53,16:03:00,Sunday,Passmore and Markham,Mechanical,13,17,W,1087.0
2015-04-26,168,16:05:00,Sunday,DUNDAS W STN,Utilized Off Route,9,18,N/B,7963.0
2015-04-26,102,16:12:00,Sunday,Warden Station,Mechanical,11,22,SB,7842.0
2015-04-26,12,16:20:00,Sunday,Brimley and St Clair,Mechanical,17,34,EB,8101.0
2015-04-26,25,17:02:00,Sunday,DonMills Station,Mechanical,10,20,NB,7524.0
2015-04-26,32,17:07:00,Sunday,Pine St. and Lawrence Ave. West,Mechanical,11,22,E,1017.0
2015-04-26,129,17:35:00,Sunday,STC,Mechanical,9,18,N,1328.0
2015-04-26,190,18:40:00,Sunday,DonMills Station,Mechanical,10,19,EB,7668.0
2015-04-26,133,18:50:00,Sunday,STC,Mechanical,10,20,N/B,1127.0
2015-04-26,108,18:58:00,Sunday,Jane and Driftwood,Mechanical,9,18,W/b,1342.0
2015-04-26,57,19:28:00,Sunday,Silver Star and Steeles,Investigation,33,59,N/B,7863.0
2015-04-26,102,19:45:00,Sunday,Warden Stn,Utilized Off Route,12,24,S/B,7772.0
2015-04-26,89,19:52:00,Sunday,Keele and West Toronto,Mechanical,12,24,SB,1586.0
2015-04-26,52,19:57:00,Sunday,Westway and Brampton,Mechanical,15,30,WB,1295.0
2015-04-26,89,20:14:00,Sunday,Keele station,Mechanical,12,24,NB,1413.0
2015-04-26,116,20:38:00,Sunday,Morningside and Ellesmere,Investigation,10,20,SB,7411.0
2015-04-26,52,20:57:00,Sunday,Lawrence and Weston,Mechanical,15,30,EB,1048.0
2015-04-26,52,21:05:00,Sunday,Lawrence and Jane,Mechanical,30,60,EB,1571.0
2015-04-26,110,22:28:00,Sunday,Islington at Evans,Mechanical,15,45,S,8049.0
2015-04-26,95,22:40:00,Sunday,Valley Woods Rd,Mechanical,13,26,EB,1707.0
2015-04-27,116,00:00:00,Monday,Morningside and Ellesmere,Diversion,85,102,SB,
2015-04-27,39,00:10:00,Monday,Finch/McCowan,Diversion,36,46,EB,1307.0
2015-04-27,95,00:20:00,Monday,Ellesmere Rd and Morningside,Diversion,10,23,eb,1105.0
2015-04-27,129,00:25:00,Monday,Finch/McCowan,Diversion,27,47,SB,1400.0
2015-04-27,83,00:52:00,Monday,Donlands Station,Diversion,24,74,BW,
2015-04-27,54,04:50:00,Monday,Eglinton Yard,Mechanical,1,1,ob,7402.0
2015-04-27,36,04:56:00,Monday,Finch and Arrow,Mechanical,23,1,W,9107.0
2015-04-27,41,05:13:00,Monday,keele stn,Late Leaving Garage,11,22,n/b,9137.0
2015-04-27,6,05:21:00,Monday,bedford,Late Leaving Garage,8,16,s/b,1006.0
2015-04-27,96,05:24:00,Monday,yorkmills stn,Mechanical,36,36,w,7202.0
2015-04-27,96,05:29:00,Monday,finch at humberline,Mechanical,11,20,e,1265.0
2015-04-27,47,05:32:00,Monday,Yorkdale stn,Late Leaving Garage,20,29,s/b,1524.0
2015-04-27,32,05:36:00,Monday,Eglinton stn,Late Leaving Garage,5,10,w/b,1654.0
2015-04-27,17,05:45:00,Monday,Warden Station,Mechanical,7,14,EB,7800.0
2015-04-27,85,05:49:00,Monday,Rouge Hill GO,Mechanical,11,21,W,9074.0
2015-04-27,29,05:49:00,Monday,Wilson stn,Mechanical,8,16,s/b,9023.0
2015-04-27,95,05:52:00,Monday,York Mills Station,Mechanical,7,0,e,1081.0
2015-04-27,86,05:53:00,Monday,Eglinton yard,Mechanical,16,0,e,7486.0
2015-04-27,131,05:53:00,Monday,Morningside and Old Finch Ave,Late Leaving Garage,7,14,w,1737.0
2015-04-27,132,05:54:00,Monday,Sewells-Breyon Way,Late Leaving Garage,12,24,N,1080.0
2015-04-27,131,06:01:00,Monday,Morningside and Old Finch,Late Leaving Garage,7,14,w,1748.0
2015-04-27,61,06:02:00,Monday,BoomBay Loop,Mechanical,10,20,S,8153.0
2015-04-27,12,06:03:00,Monday,Kennedy Stn,Late Leaving Garage,12,24,E/B,7818.0
2015-04-27,54,06:04:00,Monday,Edlinton yard,Mechanical,1,1,OB,7634.0
2015-04-27,44,06:10:00,Monday,COL. SMITH LOOP,Late Leaving Garage,8,16,N,7926.0
2015-04-27,32,06:10:00,Monday,Eglinton Station,Mechanical,5,10,W/B,1530.0
2015-04-27,24,06:10:00,Monday,VP at Crecent Town,Mechanical,6,12,n,8125.0
2015-04-27,76,06:11:00,Monday,Royal York/Evans,Late Leaving Garage,4,7,s/b,7349.0
2015-04-27,199,06:11:00,Monday,STC,Late Leaving Garage,3,6,WB,1351.0
2015-04-27,39,06:14:00,Monday,Finch station,Late Leaving Garage,4,8,EB,1114.0
2015-04-27,50,06:15:00,Monday,Old Mill Station,Late Leaving Garage,10,20,E,8020.0
2015-04-27,41,06:18:00,Monday,Keele Station,Late Leaving Garage,12,26,n/b,9142.0
2015-04-27,41,06:20:00,Monday,Keele station,Late Leaving Garage,13,26,n/b,9146.0
2015-04-27,54,06:22:00,Monday,Eglinton Yard,Mechanical,1,1,OB,7563.0
2015-04-27,139,06:27:00,Monday,Finch & Baldoon,Late Leaving Garage,20,40,EB,1099.0
2015-04-27,45,06:29:00,Monday,kipling & steeles,Late Leaving Garage,6,12,s,7330.0
2015-04-27,54,06:33:00,Monday,Lawrence Scarbough Gol Club rd,Mechanical,9,18,eb,7417.0
2015-04-27,195,06:35:00,Monday,Jane/Steeles,Late Leaving Garage,10,20,S,1263.0
2015-04-27,63,06:38:00,Monday,Eglinton West stn,Late Leaving Garage,6,10,s/b,1649.0
2015-04-27,14,06:40:00,Monday,Davisville stn,Late Leaving Garage,15,30,w/b,1593.0
2015-04-27,45,06:41:00,Monday,KIPLING & STEELES,Late Leaving Garage,6,12,S,7325.0
2015-04-27,106,06:42:00,Monday,wilson garage,Late Leaving Garage,7,14,n,9410.0
2015-04-27,79,06:45:00,Monday,pine,Mechanical,9,18,s/b,1627.0
2015-04-27,131,06:48:00,Monday,Malvern Garage,Late Leaving Garage,7,14,w,1726.0
2015-04-27,56,06:49:00,Monday,Yonge & Eglinton,Investigation,11,27,n,8150.0
2015-04-27,25,06:57:00,Monday,Pape Stn,Mechanical,3,6,S,7620.0
2015-04-27,29,07:00:00,Monday,Wilson stn to Princes gate,General Delay,12,16,b/w,
2015-04-27,29,07:01:00,Monday,Wilson stn,Emergency Services,8,16,s/b,9040.0
2015-04-27,195,07:25:00,Monday,Jane/Steeles,Late Leaving Garage,10,20,S,1384.0
2015-04-27,89,07:27:00,Monday,Weston road and Ray,Mechanical,5,10,n/b,1676.0
2015-04-27,96,07:30:00,Monday,wilson at weston,Diversion,186,194,e,7230.0
2015-04-27,96,07:30:00,Monday,wilson at weston,Diversion,174,191,w,1323.0
2015-04-27,165,07:30:00,Monday,wilson at weston,Diversion,670,706,s,7232.0
2015-04-27,46,07:30:00,Monday,46 Martingorve,General Delay,13,30,BW,
2015-04-27,96,07:30:00,Monday,wilson at weston,General Delay,40,57,bw,
2015-04-27,165,07:30:00,Monday,wilson at weston,General Delay,35,45,bw,
2015-04-27,89,07:35:00,Monday,Weston Road and Walsh,Diversion,928,940,n/b,1032.0
2015-04-27,89,07:35:00,Monday,Weston road and Walsh,General Delay,20,10,S/B,1032.0
2015-04-27,73,07:35:00,Monday,Weston Rd/Albion,Diversion,210,225,b/w,7957.0
2015-04-27,89,07:35:00,Monday,Weston and Walsh,General Delay,20,10,s/b,1032.0
2015-04-27,25,07:44:00,Monday,FMDM,Mechanical,3,6,S,7649.0
2015-04-27,73,07:45:00,Monday,Weston Rd/Albion,General Delay,25,50,b/w,7956.0
2015-04-27,196,07:55:00,Monday,Downsview staion,Mechanical,2,6,s/b,9404.0
2015-04-27,11,08:00:00,Monday,"Bayview Steeles, Sunny Brook/ Davisville Stn.",General Delay,12,35,N/S,
2015-04-27,52,08:00:00,Monday,entire route,General Delay,12,40,b/w,
2015-04-27,14,08:00:00,Monday,entire route,General Delay,15,45,b/w,
2015-04-27,39,08:00:00,Monday,Finch station to Neilson & Crow Trail,General Delay,9,15,B/W,1723.0
2015-04-27,97,08:00:00,Monday,Yonge St Route,General Delay,30,60,BW,
2015-04-27,199,08:00:00,Monday,Finch station to STC,General Delay,9,15,B/W,1716.0
2015-04-27,12,08:00:00,Monday,Kingston Rd -Birchcliffe to Manderly,General Delay,10,1,W/B,
2015-04-27,84,08:00:00,Monday,84 Sheppard West,General Delay,8,22,B/W,
2015-04-27,72,08:00:00,Monday,Carlaw & Eastern,General Delay,10,1,N/B,
2015-04-27,51,08:15:00,Monday,Townsend/ Freshmedow- Eglinton Stn.,General Delay,14,38,n/S,
2015-04-27,5,08:15:00,Monday,Wglinton Stn. Queen's park circle,General Delay,12,35,N/S,
2015-04-27,61,08:15:00,Monday,Bombay Loop-Eglinton Stn,General Delay,10,30,N/S,
2015-04-27,45,08:18:00,Monday,KIPLING & STEELES,Utilized Off Route,6,12,S,8036.0
2015-04-27,131,08:19:00,Monday,Brimley-Lawrence,Emergency Services,7,15,S,1748.0
2015-04-27,165,08:37:00,Monday,wilson at keele,Mechanical,9,18,e,1259.0
2015-04-27,102,09:00:00,Monday,Kingston and Parkhurst,Investigation,5,10,EB,7730.0
2015-04-27,37,09:05:00,Monday,Islington Ave and Aviemere Dr,Mechanical,7,16,S,8094.0
2015-04-27,29,09:16:00,Monday,Wilson stn,Mechanical,4,8,s/b,9047.0
2015-04-27,102,09:22:00,Monday,Warden Station,Investigation,1,1,EB,7819.0
2015-04-27,60,09:26:00,Monday,Founders and Steeles,Mechanical,10,19,W/B,1207.0
2015-04-27,196,09:29:00,Monday,Sheppard Stn / Yonge,Utilized Off Route,4,10,W,9403.0
2015-04-27,85,09:30:00,Monday,Sheppard station,Mechanical,13,35,E,1089.0
2015-04-27,36,09:30:00,Monday,Finch West route @ Arrow,General Delay,18,24,E,9133.0
2015-04-27,195,09:47:00,Monday,Steeles e/o Murray Ross,Mechanical,10,20,N,1374.0
2015-04-27,709,10:10:00,Monday,Pine and Lawrence,Utilized Off Route,1,1,E/B,1035.0
2015-04-27,709,10:11:00,Monday,Mount dennis Division,Utilized Off Route,1,1,W/b,1021.0
2015-04-27,709,10:11:00,Monday,Eglinton and jane,Utilized Off Route,1,1,W/b,1065.0
2015-04-27,109,10:12:00,Monday,Lawrence west station,Mechanical,15,30,S,8353.0
2015-04-27,40,10:20:00,Monday,DUNDAS WEST STN,Utilized Off Route,1,1,w,8064.0
2015-04-27,168,10:22:00,Monday,DUNDAS WEST STN,Utilized Off Route,1,1,N,8013.0
2015-04-27,199,10:25:00,Monday,Finch & McCowan,Mechanical,4,9,WB,1713.0
2015-04-27,70,10:29:00,Monday,Oconnor St Clair,Mechanical,18,36,wb,7512.0
2015-04-27,190,10:41:00,Monday,STC,Mechanical,11,21,W,7581.0
2015-04-27,96,10:42:00,Monday,wilson at jane,Investigation,17,34,e,1252.0
2015-04-27,53,11:12:00,Monday,Steeles and Markham,Investigation,5,11,w,1085.0
2015-04-27,196,11:25:00,Monday,Downsview Stn,Utilized Off Route,3,6,w,9415.0
2015-04-27,14,11:40:00,Monday,Chaplin and Roselawn,Investigation,24,48,e,1623.0
2015-04-27,46,11:40:00,Monday,Kipling station,Mechanical,19,38,N,1357.0
2015-04-27,60,11:46:00,Monday,Founders and Steeles,Mechanical,7,13,W/B,1344.0
2015-04-27,38,12:07:00,Monday,Ellesmere Rd-Morningside,Diversion,10,25,eb,1705.0
2015-04-27,165,13:00:00,Monday,Entire route,General Delay,25,30,B/W,
2015-04-27,45,13:28:00,Monday,Steeles Loop,Mechanical,11,22,sb,8027.0
2015-04-27,100,13:40:00,Monday,Broadview & Torrens,Mechanical,7,15,SB,7551.0
2015-04-27,45,14:00:00,Monday,entire route,General Delay,15,16,bw,
2015-04-27,41,14:00:00,Monday,Entire Route,General Delay,25,35,B/W,
2015-04-27,89,14:00:00,Monday,Entire Route,General Delay,30,38,B/W,
2015-04-27,116,14:15:00,Monday,Morningside & 401,Diversion,55,65,N,7514.0
2015-04-27,36,14:17:00,Monday,Finch Stn,Late Leaving Garage,10,20,,9120.0
2015-04-27,46,14:19:00,Monday,Martin Grove Loop,Late Leaving Garage,6,12,,1297.0
2015-04-27,35,14:20:00,Monday,Jane Stn,Late Leaving Garage,5,10,N/b,1346.0
2015-04-27,102,14:27:00,Monday,Warden Station,Mechanical,5,10,EB,7834.0
2015-04-27,17,14:30:00,Monday,Birchmount and Ivy Bush,Mechanical,13,26,NB,7777.0
2015-04-27,84,14:31:00,Monday,St.Basil School,Late Leaving Garage,5,10,e/b,9449.0
2015-04-27,165,14:40:00,Monday,Wilson and Jane,Mechanical,8,16,E,7232.0
2015-04-27,53,14:46:00,Monday,Passmore and Markham,Late Leaving Garage,5,12,W,9100.0
2015-04-27,82,14:50:00,Monday,Crescent Rd/South Dr,Emergency Services,15,25,Wb,8364.0
2015-04-27,35,14:55:00,Monday,Jane stn,Late Leaving Garage,5,10,N/b,1214.0
2015-04-27,46,15:00:00,Monday,Kipling/Rathburn to Burnamthrope/ Kipling,General Delay,10,20,B/W,
2015-04-27,57,15:00:00,Monday,Steeles and Midland,Late Leaving Garage,8,16,N,7795.0
2015-04-27,84,15:00:00,Monday,Weston and Sheppard,General Delay,10,20,B/W,
2015-04-27,108,15:04:00,Monday,Finch and Driftwood,Late Leaving Garage,4,8,S,1419.0
2015-04-27,190,15:07:00,Monday,Don Mills Station,Mechanical,3,6,7410,7410.0
2015-04-27,25,15:08:00,Monday,Pape Stn,Mechanical,4,7,NB,7631.0
2015-04-27,15,15:15:00,Monday,BISHOP ALLEN SCHOOL,Mechanical,5,9,e/b,7330.0
2015-04-27,96,15:15:00,Monday,Weston and Albion,Mechanical,34,58,W,1288.0
2015-04-27,63,15:19:00,Monday,Atlantic Ave. and King St. West,Mechanical,5,10,N,1627.0
2015-04-27,196,15:19:00,Monday,Downsview Stn,Utilized Off Route,3,5,w,9446.0
2015-04-27,42,15:27:00,Monday,Finch Station,Mechanical,11,23,eb,9403.0
2015-04-27,24,15:28:00,Monday,VP Stn.,Mechanical,14,28,n,7799.0
2015-04-27,52,15:29:00,Monday,Terminal 1,Late Leaving Garage,6,12,W/B,1530.0
2015-04-27,35,15:30:00,Monday,Jane Stn To  Hwy 7,General Delay,5,10,B/w,
2015-04-27,195,15:30:00,Monday,York University to Jane Stn,General Delay,10,20,B/w,
2015-04-27,160,15:30:00,Monday,ON Route,General Delay,30,50,NB,
2015-04-27,60,15:30:00,Monday,York U / Commons,Late Leaving Garage,11,22,E,1355.0
2015-04-27,116,15:35:00,Monday,Kennedy Stn,Mechanical,6,12,E,7586.0
2015-04-27,60,15:40:00,Monday,Yonge and Steeles Ave West,Mechanical,7,14,W,1299.0
2015-04-27,11,15:40:00,Monday,Forest hill,Mechanical,12,24,n,8387.0
2015-04-27,44,15:44:00,Monday,Kipling station,Emergency Services,3,7,sb,8024.0
2015-04-27,191,15:55:00,Monday,Kipling Stn,Mechanical,4,9,,1210.0
2015-04-27,86,15:56:00,Monday,Meadowvale Loop,Mechanical,10,19,E,7642.0
2015-04-27,23,16:00:00,Monday,Dawes rd route,General Delay,10,1,B/W,
2015-04-27,50,16:00:00,Monday,BURNHAMTHORPE AT H-427,General Delay,10,20,B/W,
2015-04-27,73,16:00:00,Monday,WESTON AND 401,General Delay,0,0,nb,
2015-04-27,103,16:00:00,Monday,Markham and Markanna,Utilized Off Route,5,11,NB,7768.0
2015-04-27,196,16:00:00,Monday,Downsview Stn,Utilized Off Route,2,5,w,9448.0
2015-04-27,54,16:00:00,Monday,SRT,Mechanical,10,20,e,7579.0
2015-04-27,88,16:10:00,Monday,St. Clair Stn.,Mechanical,15,30,eb,9414.0
2015-04-27,124,16:15:00,Monday,Lawrence and Yonge,Mechanical,6,12,eb,8344.0
2015-04-27,106,16:30:00,Monday,Downsview Stn,Mechanical,10,20,n,9404.0
2015-04-27,39,16:37:00,Monday,Neilson and Crow Trail,Mechanical,5,10,WB,1792.0
2015-04-27,60,16:45:00,Monday,Entire 60 Steeles Ave West,General Delay,10,20,B/W,
2015-04-27,68,16:59:00,Monday,Bowater on Warden,Investigation,7,14,n,7555.0
2015-04-27,199,17:02:00,Monday,Triton on McCowan,Mechanical,4,8,SB,1120.0
2015-04-27,39,17:16:00,Monday,Linus Rd,Mechanical,10,20,EB,1757.0
2015-04-27,23,17:30:00,Monday,Main Stn,Mechanical,8,16,NB,7803.0
2015-04-27,36,17:30:00,Monday,Finch Stn,Mechanical,6,12,,9112.0
2015-04-27,199,17:31:00,Monday,Kenhatch Ave,Mechanical,4,8,NB,1709.0
2015-04-27,53,17:41:00,Monday,Steeles and McCowan,Mechanical,3,8,W,1110.0
2015-04-27,161,17:42:00,Monday,Davenport and Dovercourt,Investigation,10,21,E,1409.0
2015-04-27,37,17:44:00,Monday,Islington station,Mechanical,9,19,N,8054.0
2015-04-27,44,17:51:00,Monday,Kipling station,Utilized Off Route,4,8,sb,8093.0
2015-04-27,161,18:03:00,Monday,Rogers rd /  Weston rd,Investigation,10,21,w,1423.0
2015-04-27,54,18:07:00,Monday,Markham and Lawrence,Investigation,10,20,e,7473.0
2015-04-27,84,18:20:00,Monday,Sheppard Station,Mechanical,7,11,W,1523.0
2015-04-27,29,18:21:00,Monday,Novas Scotia and Manitoba,Mechanical,5,10,N,9049.0
2015-04-27,10,18:30:00,Monday,don mills station,Mechanical,10,20,E,8394.0
2015-04-27,45,18:33:00,Monday,Steeles Loop,Utilized Off Route,7,14,sb,7333.0
2015-04-27,60,18:38:00,Monday,Barmac and Steeles,Mechanical,7,1,W,1220.0
2015-04-27,29,18:38:00,Monday,King st,Emergency Services,5,10,S,9032.0
2015-04-27,106,20:00:00,Monday,Sheppard and Keele,Mechanical,15,30,s,9436.0
2015-04-27,709,20:05:00,Monday,Eglinton stn,Utilized Off Route,5,10,w,1001.0
2015-04-27,63,20:05:00,Monday,Ossington stn,Utilized Off Route,12,24,n,1594.0
2015-04-27,195,20:06:00,Monday,Jane Station,Utilized Off Route,10,20,W,1349.0
2015-04-27,191,20:10:00,Monday,Kipling Stn,Utilized Off Route,14,28,,7946.0
2015-04-27,165,20:15:00,Monday,Wilson and Wendal,Mechanical,10,20,E,1377.0
2015-04-27,131,20:18:00,Monday,Scarborough Town Centre,Mechanical,12,24,EB,1135.0
2015-04-27,35,20:21:00,Monday,Jane Station,Utilized Off Route,22,44,N,1399.0
2015-04-27,709,20:25:00,Monday,Eglinton west stn,Utilized Off Route,5,10,w,1064.0
2015-04-27,195,21:00:00,Monday,jane and yewtree,Investigation,10,20,n/b,1688.0
2015-04-27,199,21:06:00,Monday,Finch Ave E and Wilfred Ave,Mechanical,7,14,E,1398.0
2015-04-27,195,21:47:00,Monday,york blvd,Mechanical,10,20,s/b,1348.0
2015-04-27,190,21:47:00,Monday,Donmills Station,Mechanical,8,16,EB,7609.0
2015-04-27,16,22:10:00,Monday,STC,Mechanical,15,30,SB,7713.0
2015-04-27,40,22:34:00,Monday,Dundas West Station,Mechanical,12,24,W,8030.0
2015-04-28,134,00:05:00,Tuesday,Finch and Tapscott,Mechanical,40,80,sb,1137.0
2015-04-28,1,00:40:00,Tuesday,Yonge and York Mills,Mechanical,3,6,n,1589.0
2015-04-28,25,01:00:00,Tuesday,DonMills Station,Investigation,12,25,NB,7624.0
2015-04-28,25,01:00:00,Tuesday,DonMills Station,Investigation,12,25,SB,7479.0
2015-04-28,85,01:15:00,Tuesday,Don Mills and Sheppard Station,General Delay,15,30,BW,9074.0
2015-04-28,53,01:23:00,Tuesday,Steeles Ave E at Milliken GO Stn,Diversion,90,0,BW,1755.0
2015-04-28,43,01:25:00,Tuesday,Steeles and Milliken Go stn,Investigation,12,27,EB,7457.0
2015-04-28,43,01:25:00,Tuesday,Steeles and Millikin Go Station,Investigation,15,27,EB,7632.0
2015-04-28,324,02:22:00,Tuesday,Danforth and VP,Investigation,30,60,nb,7778.0
2015-04-28,320,02:53:00,Tuesday,steeles loop,Mechanical,4,8,s/b,7783.0
2015-04-28,300,04:06:00,Tuesday,Warden and Danforth,Emergency Services,20,40,WB,1631.0
2015-04-28,52,04:57:00,Tuesday,lawrence and yonge,Late Leaving Garage,13,26,w/b,1510.0
2015-04-28,116,04:58:00,Tuesday,Eglinton yard,Mechanical,8,16,s,7511.0
2015-04-28,73,05:10:00,Tuesday,Weston Rd/Albion,Diversion,1208,1228,s/b,8075.0
2015-04-28,25,05:21:00,Tuesday,Eglinton yard,Mechanical,1,1,ob,7490.0
2015-04-28,85,05:25:00,Tuesday,Meadowvale loop,Late Leaving Garage,8,20,W,9092.0
2015-04-28,39,05:27:00,Tuesday,Finch & Baldoon,Late Leaving Garage,4,8,EB,1328.0
2015-04-28,54,05:34:00,Tuesday,Eglinton yard,Late Leaving Garage,1,1,ob,7603.0
2015-04-28,17,05:36:00,Tuesday,Birchmount & Wintermute,Late Leaving Garage,7,14,s/B,7761.0
2015-04-28,129,05:37:00,Tuesday,Steeles amd McCoowan loop,Late Leaving Garage,13,17,s,9073.0
2015-04-28,54,05:37:00,Tuesday,Eglinton Yard,Mechanical,1,1,ob,7501.0
2015-04-28,57,05:43:00,Tuesday,Midland & Steeles,Late Leaving Garage,7,14,s/B,7695.0
2015-04-28,47,05:44:00,Tuesday,Lansdowne and Queen,Late Leaving Garage,15,24,n/b,1647.0
2015-04-28,68,05:45:00,Tuesday,Eglinton yard,Mechanical,1,1,ob,7471.0
2015-04-28,81,05:50:00,Tuesday,65 Thorncliffe Dr,Late Leaving Garage,10,20,s/B,8113.0
2015-04-28,129,05:52:00,Tuesday,Steeles and McCowan,Late Leaving Garage,6,10,s,1731.0
2015-04-28,116,05:54:00,Tuesday,Morningside and Staines,Utilized Off Route,6,12,s,7547.0
2015-04-28,52,05:56:00,Tuesday,lawrence stn,Late Leaving Garage,12,24,w/b,1677.0
2015-04-28,104,05:57:00,Tuesday,Downsview Stn,Late Leaving Garage,0,11,s,8361.0
2015-04-28,84,05:58:00,Tuesday,Sheppard/Rivalda,Late Leaving Garage,5,15,W,1241.0
2015-04-28,97,06:00:00,Tuesday,Davisville Stn,Late Leaving Garage,15,30,n,8192.0
2015-04-28,59,06:02:00,Tuesday,Church/Jane,Late Leaving Garage,13,28,W,1339.0
2015-04-28,190,06:05:00,Tuesday,Eglinton Garage,Mechanical,1,1,S,7410.0
2015-04-28,29,06:07:00,Tuesday,Dufferin and Tycos,Late Leaving Garage,8,16,s/b,9042.0
2015-04-28,29,06:07:00,Tuesday,,Late Leaving Garage,8,16,s/b,9042.0
2015-04-28,71,06:09:00,Tuesday,Runnymede stn,Late Leaving Garage,9,18,s/b,1585.0
2015-04-28,51,06:14:00,Tuesday,Eglinton Stn.,Late Leaving Garage,14,28,N,8147.0
2015-04-28,76,06:15:00,Tuesday,Royal York Stn,Mechanical,4,9,s/b,7928.0
2015-04-28,85,06:19:00,Tuesday,Don Mills station,Late Leaving Garage,6,12,E,9086.0
2015-04-28,29,06:23:00,Tuesday,Dufferin and Tycos,Late Leaving Garage,8,16,s/b,9018.0
2015-04-28,162,06:25:00,Tuesday,Donway w/Lawrence,Mechanical,0,16,e,8149.0
2015-04-28,90,06:28:00,Tuesday,ST. Clair West Station.,Utilized Off Route,4,8,N,8344.0
2015-04-28,36,06:28:00,Tuesday,Milvan/Finch,Mechanical,6,13,E,9112.0
2015-04-28,86,06:29:00,Tuesday,Eglinton yard,Mechanical,15,30,e,7607.0
2015-04-28,165,06:30:00,Tuesday,wilson - bathurst to avenue,General Delay,9,18,bw,
2015-04-28,96,06:30:00,Tuesday,wilson - bathurst to avenue,General Delay,22,44,bw,
2015-04-28,60,06:35:00,Tuesday,Arrow Rd / S.of Finch,Investigation,2,4,N,1689.0
2015-04-28,11,06:46:00,Tuesday,Belsize Dr. Cleveland,Late Leaving Garage,13,35,S,8358.0
2015-04-28,33,06:53:00,Tuesday,Eglinton at Roselawn,Mechanical,30,60,S,8741.0
2015-04-28,124,06:53:00,Tuesday,Lawrence Stn,Utilized Off Route,7,13,e,8362.0
2015-04-28,29,06:53:00,Tuesday,Princes gate,Mechanical,8,16,n/b,9049.0
2015-04-28,196,07:04:00,Tuesday,Basaltic at Jacob Keffer,Mechanical,3,6,s,9404.0
2015-04-28,60,07:05:00,Tuesday,FSTN,Mechanical,7,14,W,1291.0
2015-04-28,7,07:07:00,Tuesday,Bathurst at Wilson,Mechanical,5,10,S,9016.0
2015-04-28,172,07:09:00,Tuesday,Comissioner & Logan,Mechanical,22,44,W/B,7689.0
2015-04-28,95,07:10:00,Tuesday,ELRT,Late Leaving Garage,8,16,w,1321.0
2015-04-28,81,07:13:00,Tuesday,Pape Stn,Utilized Off Route,4,8,n/b,7853.0
2015-04-28,75,07:21:00,Tuesday,Sherbourn at Bloor,Mechanical,3,6,S,8387.0
2015-04-28,106,07:21:00,Tuesday,Downsview Stn,Mechanical,7,14,n,9415.0
2015-04-28,29,07:30:00,Tuesday,Wilson stn to Princes gate,General Delay,12,16,s/b,
2015-04-28,86,07:30:00,Tuesday,SCARBOROUGH ROUTE,General Delay,15,0,B/W,
2015-04-28,199,07:39:00,Tuesday,STC,Utilized Off Route,3,6,WB,1806.0
2015-04-28,100,07:40:00,Tuesday,Broadview station,Utilized Off Route,3,6,n,7503.0
2015-04-28,25,07:41:00,Tuesday,Pape station,Utilized Off Route,3,6,n,7495.0
2015-04-28,29,07:41:00,Tuesday,Dufferin and Tycos,Utilized Off Route,8,16,s/b,8177.0
2015-04-28,25,07:42:00,Tuesday,Don Mills Exit on Don Mills,Investigation,3,6,S,7617.0
2015-04-28,25,07:42:00,Tuesday,Don Mills Stn,Diversion,41,44,N,7604.0
2015-04-28,86,07:43:00,Tuesday,Kennedy station,Utilized Off Route,15,30,e,7607.0
2015-04-28,131,07:43:00,Tuesday,Kennedy station,Utilized Off Route,7,15,E,1705.0
2015-04-28,24,07:43:00,Tuesday,Victoria Park Station,Utilized Off Route,6,12,NB,7843.0
2015-04-28,116,07:43:00,Tuesday,Kennedy station,Utilized Off Route,15,30,e,7602.0
2015-04-28,709,07:44:00,Tuesday,Eglinton west stn,Utilized Off Route,1,1,e/b,1240.0
2015-04-28,191,07:45:00,Tuesday,Kipling station,Utilized Off Route,5,10,N,7921.0
2015-04-28,85,07:45:00,Tuesday,Don Mills station,Utilized Off Route,5,10,E,9060.0
2015-04-28,134,07:45:00,Tuesday,Scarborough Town Centre,Utilized Off Route,5,11,e,1099.0
2015-04-28,75,07:45:00,Tuesday,Sherbourn at Bloor.,Utilized Off Route,6,12,N,8162.0
2015-04-28,709,07:45:00,Tuesday,Eglinton and Marlee,Utilized Off Route,1,1,e/b,1007.0
2015-04-28,199,07:45:00,Tuesday,STC,Utilized Off Route,3,5,WB,1133.0
2015-04-28,34,07:45:00,Tuesday,Laird and Eglinton,Mechanical,4,8,e/b,7404.0
2015-04-28,96,07:45:00,Tuesday,wilson stn,Utilized Off Route,17,34,w,1312.0
2015-04-28,54,07:45:00,Tuesday,Lawrence RT station,Utilized Off Route,9,18,e,7476.0
2015-04-28,56,07:45:00,Tuesday,Donland Stn.,Utilized Off Route,17,20,E,8148.0
2015-04-28,106,07:45:00,Tuesday,Wilson Garage,Utilized Off Route,7,14,n,8203.0
2015-04-28,709,07:46:00,Tuesday,Eglinton and Avenue,Utilized Off Route,1,1,e/b,1634.0
2015-04-28,42,07:47:00,Tuesday,Gordon Baker / Victoria Park,Utilized Off Route,11,22,,8213.0
2015-04-28,125,07:47:00,Tuesday,Finch Stn,Utilized Off Route,8,15,,8388.0
2015-04-28,68,07:48:00,Tuesday,Warden station,Utilized Off Route,4,8,n,7638.0
2015-04-28,6,07:48:00,Tuesday,Bay & Bloor,Utilized Off Route,8,16,s/b,1242.0
2015-04-28,39,07:50:00,Tuesday,Neilson & Crow Trail,Utilized Off Route,3,7,WB,1827.0
2015-04-28,102,07:50:00,Tuesday,Warden Station,Utilized Off Route,5,10,WB,7835.0
2015-04-28,87,07:50:00,Tuesday,Main Station,Utilized Off Route,11,22,WB,7868.0
2015-04-28,23,07:50:00,Tuesday,Main Station,Utilized Off Route,10,20,EB,8115.0
2015-04-28,44,07:50:00,Tuesday,COL SMITH LOOP,Utilized Off Route,6,12,N,7911.0
2015-04-28,123,07:52:00,Tuesday,KIPLING STN,Investigation,1,1,n/b,7311.0
2015-04-28,12,07:53:00,Tuesday,Victoria Park Station,Utilized Off Route,11,22,WB,7737.0
2015-04-28,17,07:54:00,Tuesday,Warden Station,Utilized Off Route,7,14,EB,7741.0
2015-04-28,17,07:54:00,Tuesday,Birchmount and Ashtonbee,Mechanical,7,14,EB,7741.0
2015-04-28,84,07:54:00,Tuesday,Sheppard Station,Utilized Off Route,9,18,W/B,1700.0
2015-04-28,60,07:55:00,Tuesday,FSTN,Utilized Off Route,7,14,W,1313.0
2015-04-28,195,07:55:00,Tuesday,Jane Stn,Utilized Off Route,11,20,N,1359.0
2015-04-28,96,07:55:00,Tuesday,woodbine downs,Mechanical,17,34,e,7208.0
2015-04-28,40,07:55:00,Tuesday,Dundas W. Stn,Utilized Off Route,6,13,w/b,7955.0
2015-04-28,59,07:55:00,Tuesday,Lawrence West Station,Utilized Off Route,12,24,E/B,1386.0
2015-04-28,168,07:57:00,Tuesday,Dundas W. Stn,Utilized Off Route,4,9,n/b,8090.0
2015-04-28,86,07:59:00,Tuesday,Kennedy station,Utilized Off Route,15,30,e,7431.0
2015-04-28,141,07:59:00,Tuesday,Jarvis and Richmond,Utilized Off Route,30,60,s/b,1658.0
2015-04-28,76,07:59:00,Tuesday,Royal York Station,Utilized Off Route,5,9,s/b,7317.0
2015-04-28,14,08:00:00,Tuesday,entire route,General Delay,15,45,b/w,
2015-04-28,52,08:00:00,Tuesday,entire route,General Delay,11,30,b/w,
2015-04-28,94,08:00:00,Tuesday,WELLESLEY ROUTE,General Delay,8,0,BW,
2015-04-28,12,08:00:00,Tuesday,Kingston Rd & Meadow,General Delay,15,1,W/B,
2015-04-28,61,08:00:00,Tuesday,Bombay Loop/ Eglinton Stn.,General Delay,10,30,S/N,
2015-04-28,199,08:00:00,Tuesday,Finch station to STC,General Delay,9,15,B/W,1138.0
2015-04-28,39,08:00:00,Tuesday,Finch station to Neilson & Crow Trail,General Delay,9,15,B/W,1745.0
2015-04-28,116,08:06:00,Tuesday,Kennedy station,Mechanical,6,12,e,7511.0
2015-04-28,60,08:15:00,Tuesday,FSTN,Mechanical,7,14,W,1375.0
2015-04-28,5,08:15:00,Tuesday,,General Delay,12,40,S/N,
2015-04-28,11,08:15:00,Tuesday,,General Delay,6,20,S/N,
2015-04-28,60,08:18:00,Tuesday,Markbrook,Mechanical,7,14,W,1275.0
2015-04-28,97,08:20:00,Tuesday,Yonge St & Grosvenor St,Investigation,30,60,S,8303.0
2015-04-28,196,08:30:00,Tuesday,Downsview Stn,Utilized Off Route,2,7,,9426.0
2015-04-28,36,08:30:00,Tuesday,Finch West route,General Delay,14,20,B,9108.0
2015-04-28,123,08:39:00,Tuesday,Sherway Gardens Mall,Mechanical,9,18,N,7319.0
2015-04-28,196,08:51:00,Tuesday,Sheppard Stn,Utilized Off Route,8,15,W,8137.0
2015-04-28,24,08:54:00,Tuesday,VICTORIA PARK/LAWRENCE,Investigation,6,9,S,8131.0
2015-04-28,97,09:00:00,Tuesday,Yonge St,General Delay,30,60,b/w,
2015-04-28,36,09:05:00,Tuesday,Finch and Signet,Mechanical,5,10,W,9128.0
2015-04-28,106,09:06:00,Tuesday,Downsview Stn,Utilized Off Route,7,14,n,9411.0
2015-04-28,85,09:15:00,Tuesday,Sheppard station to Don Mills station,General Delay,18,22,B/W,
2015-04-28,97,09:39:00,Tuesday,Yorkmills Stn,Mechanical,30,60,S,8169.0
2015-04-28,133,09:40:00,Tuesday,STC Station,Mechanical,10,20,n,1103.0
2015-04-28,31,09:46:00,Tuesday,LINNSMORE/DANFORTH,Investigation,12,24,NB,7856.0
2015-04-28,60,09:57:00,Tuesday,Keele,Investigation,7,14,W,1294.0
2015-04-28,35,10:04:00,Tuesday,Jane/Steeles,Mechanical,8,16,S,1337.0
2015-04-28,32,10:23:00,Tuesday,Eglinton and Keele,Mechanical,13,26,e/b,1036.0
2015-04-28,79,10:32:00,Tuesday,jane and lawrence,Mechanical,24,48,s/b,1662.0
2015-04-28,199,10:44:00,Tuesday,Finch & Leslie,Investigation,5,9,B,1774.0
2015-04-28,102,10:54:00,Tuesday,Warden Stn,Utilized Off Route,17,34,n/b,7716.0
2015-04-28,115,11:00:00,Tuesday,Yorkmills  stn,Mechanical,20,40,s/b,8135.0
2015-04-28,106,11:00:00,Tuesday,Downsview Stn,Mechanical,10,20,n,9417.0
2015-04-28,32,11:11:00,Tuesday,Pine and Lawrence,Mechanical,13,26,e/b,1562.0
2015-04-28,122,11:12:00,Tuesday,Yorkmills stn,Mechanical,17,34,e/b,8322.0
2015-04-28,7,11:30:00,Tuesday,Bathurst at steels Ave West,Utilized Off Route,0,0,S,9022.0
2015-04-28,100,11:37:00,Tuesday,Broadview Station,Mechanical,7,14,n/b,7562.0
2015-04-28,43,11:43:00,Tuesday,Village Green / Kennedy,Mechanical,12,24,SB,7664.0
2015-04-28,68,12:02:00,Tuesday,Warden Lawrence,Mechanical,10,20,nb,7660.0
2015-04-28,66,12:06:00,Tuesday,Parklawn/Queensway,General Delay,20,50,b/w,8026.0
2015-04-28,196,12:20:00,Tuesday,Downsview Stn,Utilized Off Route,7,10,,8198.0
2015-04-28,100,12:23:00,Tuesday,Broadview station,Mechanical,7,14,NB,7503.0
2015-04-28,109,12:24:00,Tuesday,Lawrence west station.,Mechanical,15,30,S,8215.0
2015-04-28,11,12:30:00,Tuesday,Davisville stn,General Delay,20,40,b/w,
2015-04-28,61,12:30:00,Tuesday,Eglinton stn / Bombay,General Delay,7,14,b/w,
2015-04-28,36,12:30:00,Tuesday,Finch station,Investigation,6,12,W,9123.0
2015-04-28,68,12:30:00,Tuesday,Warden Comstock,Mechanical,10,20,nb,7471.0
2015-04-28,85,13:00:00,Tuesday,Don Mills to Rouge Hill Go,General Delay,10,16,E/W,
2015-04-28,36,13:00:00,Tuesday,Finch/Hyw400,Emergency Services,6,14,e,9126.0
2015-04-28,106,13:00:00,Tuesday,Downsview Stn,Mechanical,10,20,n,9410.0
2015-04-28,30,13:22:00,Tuesday,High Park Station,Mechanical,30,60,wb,7317.0
2015-04-28,124,13:40:00,Tuesday,Yonge @ Lawrence,Investigation,7,14,,8352.0
2015-04-28,20,13:41:00,Tuesday,Danforth at VP,Mechanical,14,28,e,7697.0
2015-04-28,44,13:45:00,Tuesday,Kipling station,Utilized Off Route,6,12,sb,8070.0
2015-04-28,160,14:00:00,Tuesday,On Route,General Delay,30,45,BW,
2015-04-28,96,14:00:00,Tuesday,Albion and Weston,Mechanical,32,64,E,7202.0
2015-04-28,89,14:00:00,Tuesday,Entire Route,General Delay,30,38,B/W,
2015-04-28,60,14:00:00,Tuesday,Entire 60 Steeles West Route ( Founder Rd to FSTN),General Delay,12,28,B/W,
2015-04-28,109,14:00:00,Tuesday,On Route,General Delay,15,30,Sb,
2015-04-28,45,14:00:00,Tuesday,Entire route,General Delay,20,16,bw,
2015-04-28,41,14:00:00,Tuesday,Entire Route,General Delay,35,45,B/W,
2015-04-28,85,14:00:00,Tuesday,Don Mills Stn to Sheppard Stn,General Delay,16,32,E/W,
2015-04-28,22,14:05:00,Tuesday,Kingston rd and Queen st,Investigation,8,16,SB,7882.0
2015-04-28,96,14:05:00,Tuesday,Wilson and Jane,Mechanical,13,22,E,1355.0
2015-04-28,34,14:17:00,Tuesday,Eglinton & Lebovic,Late Leaving Garage,4,8,WB,7472.0
2015-04-28,96,14:20:00,Tuesday,York Mills Stn.,Mechanical,19,38,W,7212.0
2015-04-28,97,14:24:00,Tuesday,Wilson Garage,Late Leaving Garage,15,30,,8213.0
2015-04-28,165,14:24:00,Tuesday,Wilson and Bathurst,Investigation,18,45,W,1390.0
2015-04-28,108,14:30:00,Tuesday,Finch and Driftwood,Late Leaving Garage,4,8,S,1349.0
2015-04-28,168,14:35:00,Tuesday,DAVENPORT AND LAUGHTON AVE,Mechanical,10,20,eb,8057.0
2015-04-28,21,14:36:00,Tuesday,Brimley and Steeles,Mechanical,9,18,S,8130.0
2015-04-28,24,14:37:00,Tuesday,VP at Terraview,Investigation,10,20,n,7833.0
2015-04-28,24,14:38:00,Tuesday,VP at Ellesmere,Late Leaving Garage,7,14,n,8130.0
2015-04-28,107,14:38:00,Tuesday,Downsview Stn,Late Leaving Garage,22,44,n,9449.0
2015-04-28,106,14:40:00,Tuesday,Downsview Stn,Mechanical,10,20,n,9447.0
2015-04-28,107,14:40:00,Tuesday,Keele and Dufferin,Mechanical,29,61,n,8382.0
2015-04-28,196,14:41:00,Tuesday,Downsview Stn,Mechanical,2,5,n,9436.0
2015-04-28,165,14:45:00,Tuesday,Weston and Finch,Mechanical,9,15,S,1340.0
2015-04-28,26,14:48:00,Tuesday,Dupont St. and Lansdowne Ave.,Mechanical,14,28,E,1566.0
2015-04-28,96,14:54:00,Tuesday,Thisledown and Albion,Mechanical,32,64,E,7202.0
2015-04-28,86,14:55:00,Tuesday,Lawrence & Manse,Mechanical,30,48,E,7484.0
2015-04-28,87,14:55:00,Tuesday,Cosburn and Glenhill,Investigation,6,12,EB,8103.0
2015-04-28,37,14:59:00,Tuesday,Islington stn.,Late Leaving Garage,10,19,n/b,7325.0
2015-04-28,52,15:00:00,Tuesday,Entire route,General Delay,15,11,b/w,
2015-04-28,195,15:00:00,Tuesday,York University to Jane Stn,General Delay,10,20,B/w,
2015-04-28,46,15:00:00,Tuesday,Kipling /Rathburn to Kipling/ Burnamthrope,General Delay,20,40,B/W,
2015-04-28,51,15:00:00,Tuesday,Eglinton stn / Steeles,General Delay,8,16,b/w,
2015-04-28,59,15:00:00,Tuesday,Lawrence ave between Culford and Lawrence W. Stn,General Delay,15,30,B/W,
2015-04-28,35,15:00:00,Tuesday,Jane and Hwy 7 To Jane Stn.,General Delay,5,10,B/w,
2015-04-28,102,15:01:00,Tuesday,Markham and 14th,Emergency Services,25,50,SB,7855.0
2015-04-28,106,15:09:00,Tuesday,Downsview Stn,Mechanical,8,17,n,9411.0
2015-04-28,52,15:10:00,Tuesday,Jane and Lawrence,Mechanical,11,22,e,1021.0
2015-04-28,36,15:11:00,Tuesday,John Garland,Mechanical,7,14,w,9116.0
2015-04-28,41,15:14:00,Tuesday,Commons at York Univ.,Late Leaving Garage,14,28,SB,9136.0
2015-04-28,85,15:14:00,Tuesday,Don Mills Stn,Late Leaving Garage,12,24,E,9088.0
2015-04-28,84,15:15:00,Tuesday,Jane and Sheppard,General Delay,15,30,B/W,
2015-04-28,131,15:15:00,Tuesday,Kennedy stn,Late Leaving Garage,5,13,n,1136.0
2015-04-28,102,15:17:00,Tuesday,Warden Station,Late Leaving Garage,5,10,EB,7812.0
2015-04-28,39,15:18:00,Tuesday,Pharmacy Ave,Mechanical,10,20,WB,1707.0
2015-04-28,52,15:19:00,Tuesday,Pine and Lawrence,Mechanical,3,6,w,1666.0
2015-04-28,165,15:27:00,Tuesday,York Mills Stn.,Mechanical,15,23,W,7225.0
2015-04-28,62,15:34:00,Tuesday,Broadview Station,Late Leaving Garage,16,31,WB,7777.0
2015-04-28,45,15:38:00,Tuesday,Kipling station,Mechanical,7,10,nb,8043.0
2015-04-28,52,15:44:00,Tuesday,Garage,Late Leaving Garage,11,22,e,1027.0
2015-04-28,42,15:44:00,Tuesday,Finch Station,Mechanical,23,46,eb,8309.0
2015-04-28,42,15:50:00,Tuesday,Finch Station,Mechanical,11,23,eb,9402.0
2015-04-28,52,15:54:00,Tuesday,Jane and Lawrence,Mechanical,11,22,e,1540.0
2015-04-28,113,15:54:00,Tuesday,Danforth Rd. at North Bonnington,Diversion,56,66,bw,8107.0
2015-04-28,115,16:00:00,Tuesday,Silver hills route,General Delay,20,35,B,
2015-04-28,122,16:00:00,Tuesday,Graydon hall route,General Delay,30,35,B,
2015-04-28,29,16:00:00,Tuesday,Wilosn route north of Tycos,General Delay,25,25,B,
2015-04-28,39,16:00:00,Tuesday,Finch Station to Old Finch,General Delay,15,20,BW,0.0
2015-04-28,23,16:00:00,Tuesday,Dawes rd route,General Delay,10,1,B/W,
2015-04-28,24,16:00:00,Tuesday,VP route,General Delay,10,20,bw,7838.0
2015-04-28,95,16:00:00,Tuesday,Entire Route,General Delay,15,0,BW,
2015-04-28,199,16:00:00,Tuesday,Finch Stn to Scarborough Town Centre,General Delay,15,20,BW,0.0
2015-04-28,97,16:05:00,Tuesday,Queens Quay to Steeles,General Delay,60,90,bw,
2015-04-28,196,16:05:00,Tuesday,Downsview Station,Utilized Off Route,3,8,nb,9426.0
2015-04-28,84,16:08:00,Tuesday,Sheppard Station,Mechanical,11,22,W,1326.0
2015-04-28,34,16:13:00,Tuesday,Eglinton Ave  &  Laird Dr,Mechanical,4,8,WB,7440.0
2015-04-28,199,16:14:00,Tuesday,Scarborough Town Centre (Brimley NB Platform),Investigation,4,8,EB,1711.0
2015-04-28,131,16:15:00,Tuesday,Scarborough Town Centre,Investigation,9,18,WB,1719.0
2015-04-28,107,16:20:00,Tuesday,Keele and Hwy 7,Mechanical,22,44,n,8382.0
2015-04-28,85,16:23:00,Tuesday,East Drive and Port Union,Mechanical,12,24,E,1705.0
2015-04-28,24,16:28:00,Tuesday,VP Stn.,Mechanical,8,16,n,7744.0
2015-04-28,79,16:33:00,Tuesday,Runnymede station,Mechanical,12,24,NB,1650.0
2015-04-28,53,16:37:00,Tuesday,Tapscot rd and Select ave,Mechanical,5,6,W,1090.0
2015-04-28,60,16:39:00,Tuesday,Finch Station,Mechanical,7,14,W,1395.0
2015-04-28,32,16:45:00,Tuesday,Royal York and Eglinton,Diversion,60,68,w,1041.0
2015-04-28,70,16:50:00,Tuesday,coxwell-Warden,General Delay,12,30,e,
2015-04-28,52,17:06:00,Tuesday,Weston and lawrence,Mechanical,11,22,w,1050.0
2015-04-28,50,17:30:00,Tuesday,Islington Station to Mill road Loop,General Delay,20,0,BW,
2015-04-28,42,17:33:00,Tuesday,Finch Station,Mechanical,12,23,eb,9443.0
2015-04-28,198,17:37:00,Tuesday,Eglinton & McCowan,Mechanical,10,20,E,7412.0
2015-04-28,59,17:45:00,Tuesday,Colville and Venton,Mechanical,13,26,W,1421.0
2015-04-28,191,17:50:00,Tuesday,lexington/Martin Grove,Diversion,180,186,B/W,7901.0
2015-04-28,191,17:50:00,Tuesday,lexington/Martin Grove,Investigation,3,6,s,7953.0
2015-04-28,109,17:54:00,Tuesday,Whitmore Av/Marlee Av,Diversion,36,58,NB,8353.0
2015-04-28,191,17:54:00,Tuesday,Lexington/Martin Grove,Investigation,3,6,s,7946.0
2015-04-28,191,17:54:00,Tuesday,Lexington/Martin Grove.,Investigation,3,6,s,7900.0
2015-04-28,46,17:57:00,Tuesday,Albion and Martin Grove,Diversion,120,137,B/W,
2015-04-28,12,18:00:00,Tuesday,Chine Drive and Kingston Rd,Diversion,14,28,W,7732.0
2015-04-28,191,18:00:00,Tuesday,Highway route,General Delay,20,40,B/W,
2015-04-28,122,18:02:00,Tuesday,Leslie,Investigation,16,32,W,8153.0
2015-04-28,21,18:03:00,Tuesday,Scarborough Town Center,Mechanical,9,18,N,8115.0
2015-04-28,100,18:05:00,Tuesday,Gateway Blvd at Don Mills Rd,Emergency Services,17,33,NB,7490.0
2015-04-28,16,18:07:00,Tuesday,Victoria Park Station,Mechanical,16,32,E,7881.0
2015-04-28,85,18:08:00,Tuesday,Don Mills Stn,Utilized Off Route,6,12,E,9057.0
2015-04-28,59,18:30:00,Tuesday,Lawrence West Station,Mechanical,13,26,W,1419.0
2015-04-28,24,18:37:00,Tuesday,VP at Finch,Investigation,9,18,s,7833.0
2015-04-28,102,18:39:00,Tuesday,Dynamic and McNicol,Mechanical,22,44,EB,7710.0
2015-04-28,41,18:42:00,Tuesday,Commons at York Univ,Utilized Off Route,11,21,NB,9148.0
2015-04-28,111,18:51:00,Tuesday,Eastmall at Eastmall Crescent,Mechanical,12,24,N,7315.0
2015-04-28,133,19:02:00,Tuesday,Scarboro Town Centre,Mechanical,7,14,EB,1734.0
2015-04-28,36,19:02:00,Tuesday,Humberwood loop,Investigation,6,14,e,9125.0
2015-04-28,85,19:28:00,Tuesday,Sheppard @ Washburnway,Investigation,7,15,W,9102.0
2015-04-28,95,19:47:00,Tuesday,York Mills and Banbury,Mechanical,7,14,WB,1784.0
2015-04-28,72,20:01:00,Tuesday,Pape Station,Mechanical,15,30,S,7852.0
2015-04-28,65,20:10:00,Tuesday,Parliament and King,Diversion,16,61,SB,
2015-04-28,100,20:20:00,Tuesday,Broadview Station,Utilized Off Route,8,16,NB,7404.0
2015-04-28,29,20:25:00,Tuesday,King,Mechanical,5,10,S,9002.0
2015-04-28,25,20:30:00,Tuesday,Pape Station,Utilized Off Route,7,14,NB,7567.0
2015-04-28,36,21:18:00,Tuesday,finch and albion,Investigation,8,16,w/b,9105.0
2015-04-28,11,21:22:00,Tuesday,Davisville Station,Mechanical,10,20,n,8133.0
2015-04-28,195,21:47:00,Tuesday,york blvd,Mechanical,10,20,s/b,1348.0
2015-04-28,199,21:49:00,Tuesday,Scarboro Town Centre,Mechanical,7,14,WB,1402.0
2015-04-28,42,22:00:00,Tuesday,Finch Station,Utilized Off Route,20,30,eb,8380.0
2015-04-28,36,22:00:00,Tuesday,jane and finch,Mechanical,8,16,w/b,1213.0
2015-04-28,39,22:38:00,Tuesday,Finch Stn,Mechanical,6,12,EB,1076.0
2015-04-28,190,22:45:00,Tuesday,DonMills station,Mechanical,1,1,EB,7510.0
2015-04-28,123,23:18:00,Tuesday,Kipling Station,Mechanical,25,50,S,7310.0
2015-04-28,38,23:19:00,Tuesday,RHGO Station,Mechanical,10,20,wb,1708.0
2015-04-28,89,23:40:00,Tuesday,Keele / Dundas west,Diversion,40,55,s,1547.0
2015-04-28,41,23:40:00,Tuesday,Keele / Dundas west,Diversion,40,61,s,1524.0
2015-04-29,52,00:55:00,Wednesday,Dixon rd / Martingrove,Diversion,107,137,e,1029.0
2015-04-29,38,01:40:00,Wednesday,STC Station,Investigation,10,20,eb,1803.0
2015-04-29,320,01:46:00,Wednesday,yonge and yorkmills,Mechanical,4,8,n/b,8143.0
2015-04-29,807,03:06:00,Wednesday,Eglinton Garage,Utilized Off Route,0,0,sb,7469.0
2015-04-29,807,03:08:00,Wednesday,Birchmount Garage,Utilized Off Route,0,0,wb,7797.0
2015-04-29,73,04:50:00,Wednesday,ALBION AT WESTON RD,Diversion,420,450,SB,
2015-04-29,85,05:00:00,Wednesday,Sheppard station,Mechanical,20,0,E,1813.0
2015-04-29,43,05:15:00,Wednesday,Eglinton yard,Mechanical,15,0,n,7413.0
2015-04-29,67,05:16:00,Wednesday,Danforth Victoria Park ave,Mechanical,15,0,nb,7403.0
2015-04-29,68,05:19:00,Wednesday,Eglinton yard,Mechanical,1,1,ob,7519.0
2015-04-29,95,05:20:00,Wednesday,Kingston Road Loop,Mechanical,10,20,w,1823.0
2015-04-29,85,05:20:00,Wednesday,Sheppard station,Utilized Off Route,15,35,E,1821.0
2015-04-29,73,05:20:00,Wednesday,Royal York Station,Late Leaving Garage,10,20,N,7309.0
2015-04-29,86,05:23:00,Wednesday,Eglinton yard,Mechanical,24,30,e,7643.0
2015-04-29,35,05:26:00,Wednesday,Jane/Steeles,Mechanical,10,21,S,1688.0
2015-04-29,35,05:30:00,Wednesday,Jane Stn,Late Leaving Garage,10,20,N,1344.0
2015-04-29,52,05:40:00,Wednesday,lawrence west stn,Late Leaving Garage,12,24,w/b,1616.0
2015-04-29,39,05:45:00,Wednesday,Finch station,Mechanical,5,10,EB,1101.0
2015-04-29,11,05:47:00,Wednesday,Sunnybrook Hospital,Mechanical,15,30,S,8183.0
2015-04-29,35,05:50:00,Wednesday,Jane Stn,Mechanical,10,20,N,1702.0
2015-04-29,63,05:56:00,Wednesday,Eglinton West stn,Late Leaving Garage,4,12,s/b,1612.0
2015-04-29,37,05:56:00,Wednesday,Islington Station,Late Leaving Garage,4,11,N,7306.0
2015-04-29,59,05:59:00,Wednesday,Lawrence Ave W Stn,Late Leaving Garage,6,18,w,1684.0
2015-04-29,44,06:00:00,Wednesday,COL.SMITH LOOP,Late Leaving Garage,9,18,N,7314.0
2015-04-29,50,06:02:00,Wednesday,MILL ROAD LOP,Late Leaving Garage,10,20,E,8081.0
2015-04-29,131,06:03:00,Wednesday,MORN,Late Leaving Garage,7,15,w,1098.0
2015-04-29,29,06:06:00,Wednesday,Princess Gate,Mechanical,7,15,n,9007.0
2015-04-29,85,06:06:00,Wednesday,Don Mills station,Late Leaving Garage,7,14,E,9097.0
2015-04-29,127,06:07:00,Wednesday,Townslley Loop,Mechanical,17,34,e/b,1607.0
2015-04-29,60,06:09:00,Wednesday,FSTN,Late Leaving Garage,7,14,W,1260.0
2015-04-29,116,06:09:00,Wednesday,Kennedy station,Mechanical,6,12,e,7587.0
2015-04-29,85,06:09:00,Wednesday,Meadowvale loop,Late Leaving Garage,6,11,W,9088.0
2015-04-29,53,06:09:00,Wednesday,Passmore and Markham,Mechanical,5,9,w,1136.0
2015-04-29,50,06:15:00,Wednesday,Mill Loop,Late Leaving Garage,10,20,E,8081.0
2015-04-29,165,06:17:00,Wednesday,yorkmills stn,Mechanical,40,80,w,7225.0
2015-04-29,54,06:18:00,Wednesday,Eglinton yard,Mechanical,1,1,ob,7668.0
2015-04-29,66,06:20:00,Wednesday,Lakeshore Blvd W and Marine Parade Dr,Mechanical,14,28,N,7345.0
2015-04-29,21,06:20:00,Wednesday,Brimley and Sheppard,Mechanical,30,60,N,7846.0
2015-04-29,102,06:22:00,Wednesday,Warden Station,Late Leaving Garage,8,28,EB,7696.0
2015-04-29,89,06:25:00,Wednesday,Northland,Mechanical,5,10,s/b,1507.0
2015-04-29,191,06:28:00,Wednesday,Martingrove and Royalcrest,Mechanical,5,10,N,7913.0
2015-04-29,61,06:30:00,Wednesday,Bombay Loop,Utilized Off Route,10,20,s,8387.0
2015-04-29,41,06:30:00,Wednesday,Keele Station,Mechanical,13,26,n/b,9152.0
2015-04-29,36,06:32:00,Wednesday,Finch station 36D,Late Leaving Garage,12,24,W,9108.0
2015-04-29,196,06:38:00,Wednesday,York U. Common,Late Leaving Garage,10,19,s,9446.0
2015-04-29,95,06:40:00,Wednesday,sclp,Late Leaving Garage,10,20,w,1087.0
2015-04-29,60,06:45:00,Wednesday,COMMOMS,Mechanical,7,14,E,1550.0
2015-04-29,196,06:47:00,Wednesday,York U. Common,Late Leaving Garage,9,17,s,8318.0
2015-04-29,37,06:49:00,Wednesday,Islington Station,Mechanical,8,15,N,8048.0
2015-04-29,89,07:00:00,Wednesday,ST.Claire and Keele,Mechanical,5,10,s/b,1408.0
2015-04-29,160,07:00:00,Wednesday,Wilson ave  at Bathurst,General Delay,10,20,N/S,
2015-04-29,44,07:06:00,Wednesday,KIPLING STATION,Late Leaving Garage,4,8,E,7909.0
2015-04-29,195,07:09:00,Wednesday,Jane/Finch,Mechanical,10,20,S,1367.0
2015-04-29,11,07:09:00,Wednesday,Belsize/ Cleveland,Late Leaving Garage,13,20,s,9402.0
2015-04-29,54,07:21:00,Wednesday,Eglinton stn,Mechanical,4,9,eb,7417.0
2015-04-29,191,07:22:00,Wednesday,Kipling station,Mechanical,4,9,N,7929.0
2015-04-29,86,07:27:00,Wednesday,Eglinton at Brimley,Mechanical,4,8,w,7460.0
2015-04-29,39,07:30:00,Wednesday,Finch station to Neilson & Crow Trail,General Delay,9,15,B/W,1700.0
2015-04-29,86,07:30:00,Wednesday,Scarborough Route,General Delay,15,0,B/W,
2015-04-29,199,07:30:00,Wednesday,Finch station to STC,General Delay,9,14,B/W,1369.0
2015-04-29,122,07:30:00,Wednesday,Yorkmills to Roywood,General Delay,10,27,b/w,
2015-04-29,17,07:32:00,Wednesday,Birchmount and Steeles,Mechanical,7,14,SB,7856.0
2015-04-29,144,07:43:00,Wednesday,York Mills Ness,Mechanical,15,30,sb,7428.0
2015-04-29,11,07:47:00,Wednesday,Steeles & Bayview,Late Leaving Garage,6,18,s,8177.0
2015-04-29,68,07:50:00,Wednesday,Warden Egl;inton,Utilized Off Route,4,8,nb,7537.0
2015-04-29,145,07:50:00,Wednesday,Richmond St W and Spadina Ave,Diversion,37,57,W,8000.0
2015-04-29,196,07:51:00,Wednesday,Downsview Stn,Utilized Off Route,2,5,n,8392.0
2015-04-29,116,07:53:00,Wednesday,Kennedy stan,Mechanical,6,12,e,7492.0
2015-04-29,5,08:00:00,Wednesday,Bombay loop/ Queens park,General Delay,12,40,S/N,
2015-04-29,43,08:00:00,Wednesday,43 Kennedy Route,General Delay,8,12,bw,
2015-04-29,24,08:00:00,Wednesday,VP ROUTE,General Delay,20,0,BW,
2015-04-29,52,08:00:00,Wednesday,entire route,General Delay,12,35,b/w,
2015-04-29,45,08:05:00,Wednesday,KIPLING & BYWOOD,Investigation,6,12,N,8038.0
2015-04-29,85,08:10:00,Wednesday,Don Mills station,Mechanical,15,30,W,1739.0
2015-04-29,53,08:15:00,Wednesday,Finch Station to Morningside and Staines,General Delay,15,9,b/w,
2015-04-29,61,08:15:00,Wednesday,,General Delay,10,30,S/N,
2015-04-29,142,08:15:00,Wednesday,Bombay loop-Simcoe & Richmond,General Delay,30,60,S/N,
2015-04-29,196,08:29:00,Wednesday,Downsview Stn,Utilized Off Route,2,7,,9439.0
2015-04-29,94,08:30:00,Wednesday,WELLESLEY ROUTE,General Delay,15,0,BW,
2015-04-29,224,08:30:00,Wednesday,224 Victoria Park North,General Delay,20,30,BW,
2015-04-29,190,08:30:00,Wednesday,190 Scarborough Rocket,General Delay,15,25,BW,
2015-04-29,51,08:30:00,Wednesday,Eglinton-Townsend,General Delay,14,45,S/N,
2015-04-29,96,08:38:00,Wednesday,humbercollege at finch,Mechanical,22,44,w,7208.0
2015-04-29,141,08:40:00,Wednesday,Redpath and Erskine,Investigation,25,35,s,1037.0
2015-04-29,85,08:45:00,Wednesday,Don Mills station to Rouge Hill GO,General Delay,15,20,E,
2015-04-29,40,08:47:00,Wednesday,Dundas St W and Chelsea Av,Mechanical,6,13,E,7317.0
2015-04-29,97,09:00:00,Wednesday,Yonge St Route,General Delay,30,60,BW,
2015-04-29,34,09:00:00,Wednesday,34 Eglinton Route,General Delay,10,12,bw,
2015-04-29,196,09:06:00,Wednesday,Downsview Stn,Utilized Off Route,2,5,n,8341.0
2015-04-29,196,09:06:00,Wednesday,Sheppard Stn,Utilized Off Route,8,15,NB,8365.0
2015-04-29,35,09:15:00,Wednesday,Jane/Shoreham,Late Leaving Garage,21,26,N,1392.0
2015-04-29,63,09:20:00,Wednesday,East Liberty and Hanna,Diversion,359,367,s,1048.0
2015-04-29,7,09:25:00,Wednesday,Bathurst at Roselawn,Mechanical,9,18,N,9010.0
2015-04-29,196,09:36:00,Wednesday,Downsview Stn,Utilized Off Route,2,5,n,8350.0
2015-04-29,172,09:36:00,Wednesday,York and Wellington,Mechanical,22,44,N,7830.0
2015-04-29,72,09:40:00,Wednesday,CHERRY AND COMMISSIONER,Utilized Off Route,8,16,N,7818.0
2015-04-29,34,09:58:00,Wednesday,Kennedy Station,Mechanical,4,8,w,7442.0
2015-04-29,196,10:22:00,Wednesday,Downsview Stn,Utilized Off Route,3,6,n,8197.0
2015-04-29,53,10:32:00,Wednesday,Morningside and Staines,Mechanical,23,46,w,1758.0
2015-04-29,64,11:15:00,Wednesday,Glen Ames and Southwood,Investigation,10,20,SB,7739.0
2015-04-29,54,11:27:00,Wednesday,Lawrence Birchmount,Emergency Services,6,12,eb,7581.0
2015-04-29,53,11:33:00,Wednesday,Steeles and Hillcroft,Mechanical,6,12,w,1352.0
2015-04-29,86,11:35:00,Wednesday,Eglinton and Brimley,Mechanical,30,60,w,7598.0
2015-04-29,86,12:00:00,Wednesday,Kennedy station,Mechanical,10,20,e,7486.0
2015-04-29,66,12:04:00,Wednesday,Humber Loop,Mechanical,15,30,N,8030.0
2015-04-29,172,12:22:00,Wednesday,Mill Street and Cherry Street,Mechanical,22,44,W,7818.0
2015-04-29,72,12:29:00,Wednesday,Cherry and Commissioner,Utilized Off Route,10,20,W,7720.0
2015-04-29,11,12:30:00,Wednesday,Steeles loop / Davisville stn,General Delay,20,40,b/w,
2015-04-29,61,12:30:00,Wednesday,Bombay loop / Eglinton stn,General Delay,7,14,b/w,
2015-04-29,38,12:47:00,Wednesday,STC Stn,Mechanical,6,12,e,1717.0
2015-04-29,165,13:00:00,Wednesday,Entire route,General Delay,35,40,B/w,
2015-04-29,96,13:00:00,Wednesday,Entire route,General Delay,35,40,B/w,
2015-04-29,160,13:00:00,Wednesday,Bathurst & Wilson,General Delay,25,46,BW,
2015-04-29,59,13:02:00,Wednesday,Church St and Rosemount Ave,Diversion,218,239,E,1288.0
2015-04-29,24,13:09:00,Wednesday,VP at Steeles,Mechanical,10,20,s,7752.0
2015-04-29,5,13:19:00,Wednesday,Queens Park,Late Leaving Garage,16,0,n,8338.0
2015-04-29,63,13:23:00,Wednesday,Eglinton Ave.West and Marlee Ave.,Mechanical,8,15,S,1216.0
2015-04-29,85,13:30:00,Wednesday,Don Mills Stn to Rouge Hill Go,General Delay,10,18,E/W,
2015-04-29,134,13:34:00,Wednesday,Finchdene Sq and Finch,Mechanical,20,40,S,1712.0
2015-04-29,110,13:49:00,Wednesday,Islington stn.,Mechanical,18,33,s/b,8053.0
2015-04-29,53,13:49:00,Wednesday,Steeles and McCowan,Mechanical,12,18,W,1736.0
2015-04-29,57,13:56:00,Wednesday,Kennedy Stn,Utilized Off Route,11,22,N/B,7731.0
2015-04-29,45,14:00:00,Wednesday,Entire route,General Delay,25,16,bw,
2015-04-29,94,14:00:00,Wednesday,Wellesley Route,General Delay,10,20,bw,7714.0
2015-04-29,86,14:00:00,Wednesday,Kennedy Stn - Toronto Zoo,General Delay,5,15,BW,
2015-04-29,7,14:00:00,Wednesday,Bathurst & Wilson,General Delay,80,88,BW,
2015-04-29,5,14:00:00,Wednesday,Eglinton stn / Queens Park,General Delay,12,24,bwy,
2015-04-29,41,14:00:00,Wednesday,Entire Route,General Delay,30,40,B/W,
2015-04-29,89,14:00:00,Wednesday,Entire Route,General Delay,20,28,B/W,
2015-04-29,52,14:07:00,Wednesday,Royal york and Dixon,Mechanical,14,28,e,1049.0
2015-04-29,54,14:08:00,Wednesday,Markham and Lawrence,Emergency Services,11,22,e,7573.0
2015-04-29,198,14:12:00,Wednesday,Kingston & Lawrence,Mechanical,10,20,E,7434.0
2015-04-29,95,14:13:00,Wednesday,York Mills and Bayview,Mechanical,7,14,EB,1321.0
2015-04-29,41,14:19:00,Wednesday,Commons at York Univ.,Investigation,14,28,SB,9138.0
2015-04-29,47,14:28:00,Wednesday,Mcdonell and Queen,Investigation,15,30,N/B,1617.0
2015-04-29,122,14:30:00,Wednesday,Don Mills,Mechanical,16,32,W,8324.0
2015-04-29,66,14:36:00,Wednesday,LAKESHORE AND MARINE PARADE,Mechanical,14,41,nb,7301.0
2015-04-29,12,14:45:00,Wednesday,Cardinal Newman High School,Late Leaving Garage,10,20,N/B,8124.0
2015-04-29,112,14:46:00,Wednesday,Commerce and Skymark,Late Leaving Garage,5,10,sb,8082.0
2015-04-29,84,14:49:00,Wednesday,Sheppard Station to Jane and Steeles,Mechanical,1,1,w,1375.0
2015-04-29,85,14:50:00,Wednesday,Don Mills Stn,Late Leaving Garage,12,24,E,9080.0
2015-04-29,108,14:51:00,Wednesday,Arrow Road Garage,Mechanical,1,1,S,1339.0
2015-04-29,81,14:55:00,Wednesday,Pape & Cosburn,Investigation,10,20,S/B,7727.0
2015-04-29,133,14:55:00,Wednesday,STC,Late Leaving Garage,7,14,N,1746.0
2015-04-29,84,14:55:00,Wednesday,Saint basil School at Starview / Weston,Mechanical,1,1,E,9414.0
2015-04-29,25,14:55:00,Wednesday,Don Mills Station,Mechanical,3,6,NB,7413.0
2015-04-29,90,14:58:00,Wednesday,Wilson Garage,Late Leaving Garage,5,10,SB,9430.0
2015-04-29,199,15:00:00,Wednesday,Scarborough Town Centre,Mechanical,4,8,NB,1109.0
2015-04-29,100,15:00:00,Wednesday,Eglinton and Holly to Leslie St,General Delay,10,20,BW,
2015-04-29,12,15:00:00,Wednesday,Kingston Rd - Vivtoria Park to Warden,General Delay,15,1,B/W,
2015-04-29,35,15:00:00,Wednesday,Hwy 7  and Jane To Jane stn,General Delay,5,10,B/W,
2015-04-29,195,15:00:00,Wednesday,York University To Jane Stn,General Delay,10,20,B/W,
2015-04-29,84,15:00:00,Wednesday,Rivalda and Sheppard,General Delay,15,30,B/W,
2015-04-29,29,15:00:00,Wednesday,Dufferin route north of Tycos,General Delay,20,16,B,
2015-04-29,59,15:00:00,Wednesday,Culford/Lawrence to Lawrence W. Station,General Delay,20,40,B/W,
2015-04-29,109,15:00:00,Wednesday,109 Ranee Route,General Delay,20,32,BW,
2015-04-29,88,15:00:00,Wednesday,St. Clair Station,General Delay,15,30,eb,
2015-04-29,52,15:00:00,Wednesday,Entire route,General Delay,16,11,b/w,
2015-04-29,26,15:00:00,Wednesday,Entire Roiute,General Delay,14,28,B/W,
2015-04-29,63,15:00:00,Wednesday,Entire Route,General Delay,10,20,B/W,
2015-04-29,53,15:02:00,Wednesday,Malvern Garage,Late Leaving Garage,14,28,E,9094.0
2015-04-29,84,15:05:00,Wednesday,Steeles/Rossdean to Sheppard Station,Mechanical,1,1,E,1789.0
2015-04-29,41,15:10:00,Wednesday,Commons at York Univ.,Utilized Off Route,8,18,NB,9135.0
2015-04-29,94,15:10:00,Wednesday,Ossington Stn.,Investigation,10,20,e,7726.0
2015-04-29,90,15:15:00,Wednesday,St Clair STN,Mechanical,6,12,NB,9433.0
2015-04-29,24,15:17:00,Wednesday,VP at Van Horne,Investigation,8,16,s,7835.0
2015-04-29,169,15:22:00,Wednesday,Don Mills Stn,Mechanical,30,60,e,8340.0
2015-04-29,54,15:22:00,Wednesday,Orton Park,Late Leaving Garage,11,22,e,7453.0
2015-04-29,90,15:25:00,Wednesday,90 Vaughan Route,General Delay,10,15,BW,
2015-04-29,16,15:25:00,Wednesday,Danforth and Falmouth,Mechanical,10,9,SB,7769.0
2015-04-29,45,15:28:00,Wednesday,Kipling ant Dundas,Diversion,35,40,nb,7338.0
2015-04-29,32,15:30:00,Wednesday,Eglinton and Allen rd,General Delay,45,54,e,
2015-04-29,97,15:30:00,Wednesday,Queens Quay to Steeles,General Delay,40,70,bw,
2015-04-29,46,15:30:00,Wednesday,Kipling avenue between Rathburn and Burnamthrope,General Delay,20,40,B/W,
2015-04-29,92,15:32:00,Wednesday,Woodbine Station,Mechanical,9,18,SB,8124.0
2015-04-29,52,15:37:00,Wednesday,Garage,Late Leaving Garage,11,22,e,1527.0
2015-04-29,105,15:38:00,Wednesday,Warden Station,Mechanical,6,11,EB,8106.0
2015-04-29,129,15:39:00,Wednesday,STC Station,Mechanical,4,8,n,1146.0
2015-04-29,54,15:40:00,Wednesday,mccowan on Lawrence,Mechanical,11,22,w,7406.0
2015-04-29,51,15:41:00,Wednesday,Steeles loop,Mechanical,15,30,s,9443.0
2015-04-29,96,15:45:00,Wednesday,Wilson Stn.,Late Leaving Garage,19,38,W,1393.0
2015-04-29,196,15:45:00,Wednesday,York U,Mechanical,2,6,e,9419.0
2015-04-29,25,15:48:00,Wednesday,Pape Station,Mechanical,3,6,NB,7581.0
2015-04-29,42,15:50:00,Wednesday,Finch Station,Utilized Off Route,12,23,eb,8190.0
2015-04-29,116,15:56:00,Wednesday,Kennedy Stn,Utilized Off Route,12,24,E,7683.0
2015-04-29,46,15:56:00,Wednesday,Kipling and Bloor,General Delay,18,27,N,
2015-04-29,25,16:00:00,Wednesday,Don Mills and Finch,Utilized Off Route,3,6,NB,7685.0
2015-04-29,122,16:00:00,Wednesday,graydon Hall route,General Delay,20,35,B,
2015-04-29,172,16:00:00,Wednesday,Cherry Route,General Delay,12,1,B/W,
2015-04-29,23,16:00:00,Wednesday,Dawes rd route,General Delay,10,1,B/W,
2015-04-29,54,16:10:00,Wednesday,Lawrence RT,Utilized Off Route,10,20,e,7487.0
2015-04-29,195,16:10:00,Wednesday,Jane and Tretheway,Mechanical,10,20,S/b,7208.0
2015-04-29,80,16:17:00,Wednesday,Queensway/West Mall,Investigation,30,30,w/b,7348.0
2015-04-29,45,16:24:00,Wednesday,Kipling station,Mechanical,14,28,nb,8093.0
2015-04-29,21,16:25:00,Wednesday,STC,Mechanical,9,18,N/B,8122.0
2015-04-29,60,16:30:00,Wednesday,Dufferin and Steeles Ave,Mechanical,7,14,E,1523.0
2015-04-29,95,16:30:00,Wednesday,York Mills Station to Don Mills,General Delay,10,1,BW,
2015-04-29,37,16:35:00,Wednesday,Islington/Dixon,Mechanical,9,19,s/b,7934.0
2015-04-29,116,16:35:00,Wednesday,Kennedy Stn,Mechanical,6,13,W,7571.0
2015-04-29,92,16:35:00,Wednesday,Woodbine Station,Mechanical,9,18,SB,8114.0
2015-04-29,24,16:37:00,Wednesday,VP Stn.,Mechanical,7,14,n,7875.0
2015-04-29,66,16:43:00,Wednesday,LAKESHORE AND MARINE PARADE,Mechanical,15,30,nb,7301.0
2015-04-29,134,16:44:00,Wednesday,STC,Mechanical,6,13,E,1272.0
2015-04-29,196,16:45:00,Wednesday,Sheppard STN,Utilized Off Route,7,14,WB,8152.0
2015-04-29,172,16:47:00,Wednesday,Wellington & Bay,Mechanical,16,32,W/B,7851.0
2015-04-29,78,17:00:00,Wednesday,St. Andrews route,General Delay,15,30,B,
2015-04-29,25,17:00:00,Wednesday,Don Mills Station,Mechanical,3,6,NB,7464.0
2015-04-29,102,17:00:00,Wednesday,Warden Station,Utilized Off Route,11,22,N/B,7844.0
2015-04-29,70,17:00:00,Wednesday,O'Connor,General Delay,15,33,e,
2015-04-29,56,17:06:00,Wednesday,Eglinton and Laird,Mechanical,11,22,w,8162.0
2015-04-29,161,17:10:00,Wednesday,Alliance and Jane,Mechanical,10,21,W/b,1233.0
2015-04-29,68,17:15:00,Wednesday,Murray Glenn to warden stn,General Delay,17,23,s,
2015-04-29,196,17:21:00,Wednesday,Downsview STN,Utilized Off Route,4,8,NB,8365.0
2015-04-29,190,17:22:00,Wednesday,STC,Mechanical,4,8,WB,7674.0
2015-04-29,84,17:23:00,Wednesday,Downsview Station,Mechanical,11,22,W,1213.0
2015-04-29,54,17:25:00,Wednesday,Don Mills,General Delay,21,33,s,
2015-04-29,195,17:25:00,Wednesday,York U.Commons,Mechanical,10,20,S/b,7204.0
2015-04-29,60,17:25:00,Wednesday,Finch Station,Utilized Off Route,11,22,W,1366.0
2015-04-29,191,17:29:00,Wednesday,Kipling station,Mechanical,5,10,n,7919.0
2015-04-29,50,17:30:00,Wednesday,Islington Station to Mill rd. Loop,General Delay,20,0,BW,
2015-04-29,79,17:35:00,Wednesday,Scarlett and East Drive,Mechanical,12,24,N/B,1612.0
2015-04-29,44,17:36:00,Wednesday,Kipling station,Utilized Off Route,4,8,sb,7315.0
2015-04-29,11,17:39:00,Wednesday,Steeles,Investigation,12,24,s,8349.0
2015-04-29,116,17:53:00,Wednesday,Kennedy Stn,Utilized Off Route,6,12,E,7482.0
2015-04-29,43,17:57:00,Wednesday,Kennedy Station,Emergency Services,9,18,NB,7513.0
2015-04-29,116,18:00:00,Wednesday,Kennedy Stn - Nightstar,General Delay,5,15,BW,
2015-04-29,108,18:14:00,Wednesday,Grandravine and Driftwood,Utilized Off Route,9,1,W,1261.0
2015-04-29,54,18:17:00,Wednesday,SRT,Mechanical,10,20,e,7410.0
2015-04-29,133,18:17:00,Wednesday,Morningside & Finch,Mechanical,7,14,SB,1745.0
2015-04-29,36,18:30:00,Wednesday,Islington,Mechanical,8,16,w,1313.0
2015-04-29,84,18:35:00,Wednesday,Sheppard and Oakdale,Mechanical,22,1,E,1316.0
2015-04-29,52,18:40:00,Wednesday,Lawrence station,Mechanical,5,10,e,1646.0
2015-04-29,53,18:50:00,Wednesday,Steeles route,General Delay,5,12,B/W,1787.0
2015-04-29,17,18:57:00,Wednesday,Warden Stn,Mechanical,12,24,NB,7771.0
2015-04-29,105,19:00:00,Wednesday,Rutherford,Mechanical,9,18,s,8335.0
2015-04-29,107,19:02:00,Wednesday,Keele and Steeles,Mechanical,1,1,n,9412.0
2015-04-29,196,19:11:00,Wednesday,The Commons,Utilized Off Route,3,6,n,8199.0
2015-04-29,145,19:12:00,Wednesday,ADALAIDE AND YONGE,Diversion,1,1,eb,8013.0
2015-04-29,144,19:13:00,Wednesday,Aelaide St at Bay St,Diversion,10,30,NB,7485.0
2015-04-29,113,19:16:00,Wednesday,Main Stn,Mechanical,12,24,EB,8129.0
2015-04-29,168,20:00:00,Wednesday,Dundas West station,Mechanical,10,20,N,7959.0
2015-04-29,52,20:10:00,Wednesday,Corona and L:awrence,Emergency Services,15,30,w,1527.0
2015-04-29,7,20:17:00,Wednesday,Bathurst STN,Utilized Off Route,5,10,NB,9005.0
2015-04-29,90,20:17:00,Wednesday,St Clair West STN,Utilized Off Route,8,16,WB,8200.0
2015-04-29,709,20:20:00,Wednesday,Eglinton station,Utilized Off Route,1,1,e,1042.0
2015-04-29,709,20:20:00,Wednesday,Eglinton west station,Utilized Off Route,1,1,w,1031.0
2015-04-29,43,20:36:00,Wednesday,Kennedy station,Investigation,14,28,NB,7536.0
2015-04-29,24,20:40:00,Wednesday,Victoria Park Station,Utilized Off Route,18,36,NB,7763.0
2015-04-29,95,20:49:00,Wednesday,Ellesmere and Markham,Utilized Off Route,14,27,E,1321.0
2015-04-29,192,20:51:00,Wednesday,Terminal 3,Mechanical,9,18,S,8008.0
2015-04-29,94,20:55:00,Wednesday,Castle Frank Stn,Mechanical,13,26,WB,8123.0
2015-04-29,89,21:00:00,Wednesday,Weston and Walsh ave,Diversion,1623,1641,NB,1639.0
2015-04-29,196,21:00:00,Wednesday,Downsview Station,Utilized Off Route,5,10,n,8394.0
2015-04-29,24,21:07:00,Wednesday,Victoria Park and Consumers,Investigation,9,18,SB,7753.0
2015-04-29,116,21:18:00,Wednesday,Guildwood and Livingston Rd,Mechanical,10,20,EB,7496.0
2015-04-29,198,21:30:00,Wednesday,Kennedy Station,Mechanical,15,30,EB,7466.0
2015-04-29,165,21:30:00,Wednesday,wilson and kinghigh,Mechanical,12,24,w/b,1225.0
2015-04-29,165,21:30:00,Wednesday,yorkmills,Mechanical,12,24,w/b,1227.0
2015-04-29,196,21:42:00,Wednesday,Downsview Station,Utilized Off Route,15,28,n,8152.0
2015-04-29,105,21:45:00,Wednesday,Downsview Station,Mechanical,15,28,n,8152.0
2015-04-29,54,21:55:00,Wednesday,Eglinton Station,Mechanical,16,32,EB,7504.0
2015-04-29,116,22:23:00,Wednesday,Morningside and Sheppard,Investigation,10,20,NB,7535.0
2015-04-29,116,22:23:00,Wednesday,Morningside and Sheppard,Investigation,10,20,NB,7535.0
2015-04-29,100,22:30:00,Wednesday,St Dennis and Wynford,Mechanical,10,20,SB,7467.0
2015-04-29,54,22:30:00,Wednesday,Lawrance RT station,Mechanical,16,32,WB,7586.0
2015-04-29,59,23:00:00,Wednesday,oak weston,Mechanical,30,60,w/b,1684.0
2015-04-29,39,23:00:00,Wednesday,Birchmount & Finch,Diversion,20,26,EB,1068.0
2015-04-29,37,23:08:00,Wednesday,Islington at Bergamot,Mechanical,30,60,N,7955.0
2015-04-29,94,23:37:00,Wednesday,Castle Frank Station,Mechanical,15,30,WB,7763.0
2015-04-30,37,00:03:00,Thursday,Islington at Eglinton,Mechanical,30,60,N,8027.0
2015-04-30,57,00:17:00,Thursday,Midland and Broadbent,Mechanical,15,30,NB,7837.0
2015-04-30,70,01:25:00,Thursday,O'Connor and Sunrise,Mechanical,30,60,NB,7564.0
2015-04-30,320,02:16:00,Thursday,yonge and bloor,Investigation,4,8,w/b,8165.0
2015-04-30,57,04:39:00,Thursday,Kennedy Stn,Late Leaving Garage,14,28,N/B,7705.0
2015-04-30,32,04:42:00,Thursday,Eglinton stn,Late Leaving Garage,0,30,w/b,1670.0
2015-04-30,89,04:45:00,Thursday,Albion,Diversion,95,65,s/b,1552.0
2015-04-30,73,04:50:00,Thursday,Weston and Albion,Diversion,1102,1132,s,8033.0
2015-04-30,172,04:55:00,Thursday,Carlaw & Commissioners,Late Leaving Garage,15,30,W/B,7695.0
2015-04-30,127,05:20:00,Thursday,spadina stn,Late Leaving Garage,17,34,b/w,1055.0
2015-04-30,95,05:20:00,Thursday,Kingston Road Loop,Mechanical,10,20,w,1823.0
2015-04-30,85,05:27:00,Thursday,Don Mills station,Late Leaving Garage,4,27,E,9089.0
2015-04-30,10,05:28:00,Thursday,Van Horn and Brian drive.,Mechanical,15,30,S,8206.0
2015-04-30,23,05:41:00,Thursday,Main Station,Late Leaving Garage,12,24,N,7859.0
2015-04-30,116,05:46:00,Thursday,Eglinton yard,Mechanical,6,12,e,7668.0
2015-04-30,39,05:50:00,Thursday,Finch & Middlefield,Mechanical,4,10,WB,1709.0
2015-04-30,32,05:53:00,Thursday,Pine and Lawrence,Late Leaving Garage,8,16,e/b,1039.0
2015-04-30,116,05:54:00,Thursday,Morningside and Staines,Utilized Off Route,6,12,n,7673.0
2015-04-30,43,06:00:00,Thursday,Eglinton Yard,Mechanical,10,20,n,7536.0
2015-04-30,25,06:00:00,Thursday,York Mills and Don Mills,Investigation,3,6,SB,7424.0
2015-04-30,129,06:01:00,Thursday,STC Stn,Mechanical,7,11,n,9074.0
2015-04-30,35,06:07:00,Thursday,Jane/Sheppard,Late Leaving Garage,2,10,N,1306.0
2015-04-30,32,06:18:00,Thursday,Eglinton stn,Mechanical,6,11,w/b,1412.0
2015-04-30,106,06:18:00,Thursday,Downsview station,Mechanical,7,14,N,9443.0
2015-04-30,32,06:18:00,Thursday,Eglinton and Keele,Late Leaving Garage,5,11,e/b,1509.0
2015-04-30,67,06:20:00,Thursday,Victoria Park Stn,Mechanical,17,34,n/b,7674.0
2015-04-30,190,06:25:00,Thursday,Scarborough Town Centre,Late Leaving Garage,9,9,EB,7492.0
2015-04-30,139,06:27:00,Thursday,Finch & Baldoon,Late Leaving Garage,20,40,EB,1735.0
2015-04-30,96,06:30:00,Thursday,wilson - bathurst to avenue,General Delay,10,19,bw,
2015-04-30,165,06:30:00,Thursday,wilson - bathurst to avenue,General Delay,15,24,bw,
2015-04-30,51,06:30:00,Thursday,Eglinton Stn.,Late Leaving Garage,14,28,n,9425.0
2015-04-30,54,06:32:00,Thursday,Eglinton stn,Mechanical,5,9,eb,7655.0
2015-04-30,95,06:37:00,Thursday,YKMS,Late Leaving Garage,4,8,e,1131.0
2015-04-30,36,06:37:00,Thursday,Finch and Arrow,Investigation,6,13,E,9112.0
2015-04-30,199,06:40:00,Thursday,Finch station,Late Leaving Garage,3,5,EB,1109.0
2015-04-30,42,06:41:00,Thursday,"Finch Stn,",Mechanical,4,11,E,8350.0
2015-04-30,199,06:44:00,Thursday,STC,Mechanical,3,6,WB,1130.0
2015-04-30,40,06:45:00,Thursday,Dundas West Station,Mechanical,6,12,n,7338.0
2015-04-30,25,06:46:00,Thursday,Pape station,Late Leaving Garage,3,6,nb,7634.0
2015-04-30,25,06:47:00,Thursday,Pape Station,Utilized Off Route,3,6,n/b,7506.0
2015-04-30,129,06:50:00,Thursday,STC Stn,Mechanical,6,12,n,9074.0
2015-04-30,89,06:53:00,Thursday,Keele Stn,Investigation,5,10,n/b,1656.0
2015-04-30,67,06:55:00,Thursday,Pharmacy & Ellesmere,Mechanical,17,34,s/b,7555.0
2015-04-30,112,07:00:00,Thursday,KIPLING STATION,Mechanical,15,30,N,8062.0
2015-04-30,60,07:00:00,Thursday,FSTN to all Branches,General Delay,7,14,B/W,
2015-04-30,60,07:00:00,Thursday,Jane at Elana,Investigation,4,8,W,1349.0
2015-04-30,103,07:20:00,Thursday,Eglinton Stn.,Mechanical,20,40,N,8396.0
2015-04-30,190,07:20:00,Thursday,Amethyst / Sheppard,Mechanical,5,10,WB,7434.0
2015-04-30,129,07:21:00,Thursday,McCowan and sheppard,Mechanical,5,9,s,1103.0
2015-04-30,116,07:21:00,Thursday,Kennedy station,Investigation,7,14,e,7508.0
2015-04-30,34,07:22:00,Thursday,Kennedy Station,Investigation,4,8,w,7645.0
2015-04-30,86,07:30:00,Thursday,Scarborough Route,General Delay,12,0,B/W,
2015-04-30,115,07:30:00,Thursday,Yorkmills stn to bannatyne,General Delay,15,35,b/w,
2015-04-30,86,07:36:00,Thursday,Kennedy station,Mechanical,4,8,e,7570.0
2015-04-30,51,07:39:00,Thursday,Leslie Stn.,Mechanical,14,28,S,8337.0
2015-04-30,95,07:46:00,Thursday,Ellesmere/Warden,Utilized Off Route,8,16,EB,1783.0
2015-04-30,199,07:46:00,Thursday,STC,Utilized Off Route,3,6,WB,1119.0
2015-04-30,124,07:48:00,Thursday,Lawrence Stn,Utilized Off Route,5,11,,8304.0
2015-04-30,29,07:53:00,Thursday,Dufferin and Tycos,Utilized Off Route,8,16,s/b,9023.0
2015-04-30,134,07:55:00,Thursday,Scarborough Town Centre,Utilized Off Route,4,9,e,1074.0
2015-04-30,102,07:55:00,Thursday,Scarborough College,Utilized Off Route,10,20,SB,7735.0
2015-04-30,75,07:55:00,Thursday,Bloor at Sherbourn,Utilized Off Route,6,12,N,8191.0
2015-04-30,43,07:55:00,Thursday,Kennedy station,Utilized Off Route,10,20,n,7657.0
2015-04-30,102,07:55:00,Thursday,Warden Station,Utilized Off Route,20,20,EB,7691.0
2015-04-30,131,07:58:00,Thursday,Kennedy station,Utilized Off Route,7,15,E,1084.0
2015-04-30,57,07:58:00,Thursday,Kennedy  Station,Utilized Off Route,7,15,NB,7827.0
2015-04-30,86,07:59:00,Thursday,Kennedy station,Utilized Off Route,15,30,e,7642.0
2015-04-30,12,08:00:00,Thursday,Kingst Rd from Warden To vic Park,General Delay,15,1,B/W,
2015-04-30,191,08:00:00,Thursday,HWY 191 rocket,General Delay,12,17,B,
2015-04-30,52,08:00:00,Thursday,entire route,General Delay,12,35,b/w,
2015-04-30,36,08:00:00,Thursday,Finch West route,General Delay,15,21,B,1285.0
2015-04-30,96,08:04:00,Thursday,woodbine downs,Mechanical,15,30,e,1345.0
2015-04-30,129,08:07:00,Thursday,Steeles and McCowan,Utilized Off Route,5,9,s,9055.0
2015-04-30,130,08:10:00,Thursday,Middlefield and Nashdene,Mechanical,15,30,N,1757.0
2015-04-30,5,08:15:00,Thursday,,General Delay,12,35,N,
2015-04-30,51,08:15:00,Thursday,Freshmedow-Eglinton,General Delay,14,35,S/N,
2015-04-30,90,08:16:00,Thursday,St.Clair west stn,Utilized Off Route,8,16,n/b,9448.0
2015-04-30,709,08:17:00,Thursday,Eglinton West stn,Utilized Off Route,1,1,w/be/b,1592.0
2015-04-30,199,08:18:00,Thursday,STC,Utilized Off Route,3,5,WB,1119.0
2015-04-30,45,08:19:00,Thursday,KIPLING STATION,Mechanical,6,12,N,7333.0
2015-04-30,63,08:20:00,Thursday,Oakwood and St Clair,Utilized Off Route,8,12,s/b,1610.0
2015-04-30,32,08:21:00,Thursday,Eglinton stn,Utilized Off Route,5,10,w/b,1551.0
2015-04-30,11,08:30:00,Thursday,Davisville- Steeles,General Delay,6,30,S/N,
2015-04-30,61,08:30:00,Thursday,,General Delay,10,30,S/N,
2015-04-30,7,08:30:00,Thursday,Bathurst Street at Wilson,General Delay,20,40,N/S,
2015-04-30,110,08:31:00,Thursday,Long Branch Loop,Mechanical,24,48,N,8055.0
2015-04-30,111,08:32:00,Thursday,The East Mall and Rathburn Rd,Investigation,12,24,N,7316.0
2015-04-30,44,08:38:00,Thursday,KIPLING STN,Utilized Off Route,4,8,S,8008.0
2015-04-30,196,08:42:00,Thursday,Downsview Stn,Utilized Off Route,6,8,,9414.0
2015-04-30,41,08:43:00,Thursday,Keele and Lloyd,Investigation,13,26,s/b,9152.0
2015-04-30,96,08:45:00,Thursday,wilson at belgrave,Investigation,22,44,e,7248.0
2015-04-30,60,08:45:00,Thursday,Steeles at Thurman,Mechanical,7,14,W,1545.0
2015-04-30,44,08:47:00,Thursday,KIPLING STN,Utilized Off Route,4,8,S,7945.0
2015-04-30,85,08:49:00,Thursday,Meadowvale loop,Mechanical,6,11,W,9097.0
2015-04-30,74,08:50:00,Thursday,Mt Pleasant Route,General Delay,15,30,BW,
2015-04-30,97,09:00:00,Thursday,Yonge st Route,General Delay,30,60,BW,
2015-04-30,68,09:04:00,Thursday,Warden stn,Mechanical,4,9,nb,7529.0
2015-04-30,35,09:08:00,Thursday,Jane/St John's,Diversion,22,30,N,1392.0
2015-04-30,195,09:10:00,Thursday,Jane/St. John's,Diversion,28,38,N,1521.0
2015-04-30,196,09:16:00,Thursday,Downsview Stn,Utilized Off Route,2,7,,9442.0
2015-04-30,7,09:18:00,Thursday,bathurst and steels ave West.,General Delay,9,18,S,9036.0
2015-04-30,89,09:30:00,Thursday,Weston and Church,Mechanical,5,10,s/b,1034.0
2015-04-30,36,09:31:00,Thursday,Finch and Jane,Mechanical,4,5,E,1285.0
2015-04-30,123,09:31:00,Thursday,Evans Ave and Gair Av,Mechanical,18,36,W,7317.0
2015-04-30,51,09:45:00,Thursday,Leslie Stn.,Mechanical,30,50,N,8169.0
2015-04-30,224,09:50:00,Thursday,Don Mills Station,Utilized Off Route,1,1,51809,7455.0
2015-04-30,43,09:51:00,Thursday,Midland and Steeles,Mechanical,12,24,s/b,7598.0
2015-04-30,25,09:52:00,Thursday,Freshmeadow / Don Mills,Utilized Off Route,1,1,SB,7431.0
2015-04-30,75,10:06:00,Thursday,South Drive and Glen road.,Utilized Off Route,6,12,S,8173.0
2015-04-30,63,10:11:00,Thursday,Oakwood and Eglinton,Investigation,7,15,S,1018.0
2015-04-30,82,10:15:00,Thursday,Rose dale Station,Mechanical,15,30,E,8320.0
2015-04-30,95,10:18:00,Thursday,Parkwoods Village Drive/Gailong Dr.,Emergency Services,15,30,EB,1810.0
2015-04-30,165,10:27:00,Thursday,steeles at weston,Mechanical,9,18,s,1714.0
2015-04-30,52,10:33:00,Thursday,Dufferin and Lawrence,Mechanical,15,30,w/b,1201.0
2015-04-30,90,10:44:00,Thursday,St Clair west Station,Mechanical,8,16,53045,9403.0
2015-04-30,7,11:07:00,Thursday,Bathurst and St Clair.,Mechanical,9,18,N,9036.0
2015-04-30,120,11:13:00,Thursday,Keele/Calvington,Investigation,30,60,W,1205.0
2015-04-30,72,11:20:00,Thursday,Carlaw and Gerrard,Mechanical,8,16,nb,7853.0
2015-04-30,84,11:22:00,Thursday,Bradstock/Weston,Utilized Off Route,9,19,E,1337.0
2015-04-30,32,11:28:00,Thursday,Eglinton stn,Mechanical,13,26,w/b,1246.0
2015-04-30,90,11:44:00,Thursday,St.Clair west stn,Utilized Off Route,8,16,n/b,9439.0
2015-04-30,60,11:47:00,Thursday,FSTN,Mechanical,7,14,W,1215.0
2015-04-30,95,11:49:00,Thursday,Kingston Rd Loop-Ellesmere,Investigation,10,20,wb,1145.0
2015-04-30,36,11:57:00,Thursday,Finch and Bathurst,Investigation,6,10,W,9113.0
2015-04-30,196,12:08:00,Thursday,York U. Common,Investigation,3,6,n,9413.0
2015-04-30,47,12:10:00,Thursday,Caledonia and Lawrence,Mechanical,15,30,N,1021.0
2015-04-30,131,12:10:00,Thursday,Morningview Trail & Old Finch,Mechanical,13,26,WB,1816.0
2015-04-30,43,12:30:00,Thursday,Kennedy Station,Mechanical,12,24,n/b,7492.0
2015-04-30,106,12:40:00,Thursday,Downsview Stn,Utilized Off Route,10,20,n,9438.0
2015-04-30,106,12:40:00,Thursday,York U. Common,Mechanical,10,20,s,9429.0
2015-04-30,106,12:40:00,Thursday,Downsview Stn,Utilized Off Route,10,20,n,9415.0
2015-04-30,23,12:44:00,Thursday,Annette and Clendenan,Diversion,40,76,BW,1648.0
2015-04-30,63,12:50:00,Thursday,Ossington and Davenport,Investigation,7,14,NB,1678.0
2015-04-30,196,12:51:00,Thursday,Downsview Stn,Utilized Off Route,3,5,n,8175.0
2015-04-30,96,13:00:00,Thursday,Entire route,General Delay,55,60,B/W,
2015-04-30,7,13:00:00,Thursday,On Route,General Delay,30,38,BW,
2015-04-30,165,13:00:00,Thursday,Entire route,General Delay,55,60,B/W,
2015-04-30,45,13:00:00,Thursday,KIPLING AND BURNHAMTHORPE,General Delay,10,20,B/W,
2015-04-30,195,13:31:00,Thursday,Steeles and Founders rd,Mechanical,10,20,S/b,1251.0
2015-04-30,32,13:35:00,Thursday,Keele and Eglinton,Mechanical,13,26,w,1622.0
2015-04-30,94,14:00:00,Thursday,Wellesley Route,General Delay,10,20,B/W,7796.0
2015-04-30,35,14:00:00,Thursday,Hwy 7 To Jane Stn,General Delay,5,10,B/W,
2015-04-30,160,14:00:00,Thursday,On Route,General Delay,30,45,BW,
2015-04-30,86,14:00:00,Thursday,Kennedy Stn,General Delay,5,15,BW,
2015-04-30,41,14:00:00,Thursday,Entire Route,General Delay,30,40,B/W,
2015-04-30,89,14:00:00,Thursday,Entire Route,General Delay,30,38,B/W,
2015-04-30,43,14:00:00,Thursday,kennedy / Eglinton,Diversion,6,10,NB,7628.0
2015-04-30,195,14:00:00,Thursday,York University To Jane Stn,General Delay,10,20,B/W,
2015-04-30,24,14:05:00,Thursday,Victoria Park / Finch,Mechanical,10,20,S,7873.0
2015-04-30,95,14:09:00,Thursday,Ellesmere and Brimley,Mechanical,8,16,WB,1145.0
2015-04-30,52,14:15:00,Thursday,Jane and Lawrence,Mechanical,11,22,e,1218.0
2015-04-30,64,14:16:00,Thursday,Main Station,Late Leaving Garage,8,16,NB,8123.0
2015-04-30,44,14:30:00,Thursday,COL SAM LOOP,Utilized Off Route,4,8,N/B,8050.0
2015-04-30,67,14:33:00,Thursday,Vic Park station,Mechanical,15,30,SB,7555.0
2015-04-30,41,14:33:00,Thursday,Commons at York univ,Late Leaving Garage,14,28,SB,9146.0
2015-04-30,36,14:39:00,Thursday,Arrow Garage,Late Leaving Garage,8,14,w,1376.0
2015-04-30,196,14:43:00,Thursday,Downsview Stn,Utilized Off Route,2,5,n,9436.0
2015-04-30,72,14:48:00,Thursday,Victor Ave & Carlaw Ave,Investigation,10,20,,7853.0
2015-04-30,52,14:52:00,Thursday,Jane and Lawrence,Mechanical,17,34,e,1628.0
2015-04-30,35,14:55:00,Thursday,Jane Stn,Late Leaving Garage,5,10,N/b,1294.0
2015-04-30,122,14:55:00,Thursday,roywood and Fenside,Mechanical,16,32,W,8392.0
2015-04-30,70,15:00:00,Thursday,Coxwell,General Delay,14,32,e,
2015-04-30,97,15:00:00,Thursday,Stelles to Queens Quay,General Delay,60,90,bw,
2015-04-30,54,15:00:00,Thursday,Eglinton,General Delay,23,31,bw,
2015-04-30,11,15:00:00,Thursday,Steeles to Davisville Station,General Delay,30,20,b/w,
2015-04-30,61,15:00:00,Thursday,Bombay loop to Eglinton Station,General Delay,20,10,b/w,
2015-04-30,129,15:02:00,Thursday,STC Stn,Late Leaving Garage,7,12,n,9070.0
2015-04-30,53,15:02:00,Thursday,Malvern garage,Late Leaving Garage,14,28,E,9065.0
2015-04-30,84,15:03:00,Thursday,Saint Basil School at Starview Lane/Weston rd.,Late Leaving Garage,3,8,E,9449.0
2015-04-30,52,15:05:00,Thursday,Garage,Late Leaving Garage,6,12,w,1406.0
2015-04-30,165,15:05:00,Thursday,Weston and Finch,Diversion,45,90,N,1389.0
2015-04-30,85,15:06:00,Thursday,Sheppard @ Dean Park,Mechanical,6,12,w,9077.0
2015-04-30,36,15:12:00,Thursday,Finch/Weston,Diversion,38,92,w,9107.0
2015-04-30,57,15:20:00,Thursday,Birchmount Garage,Late Leaving Garage,8,16,,7737.0
2015-04-30,165,15:27:00,Thursday,York Mills Stn.,Mechanical,15,23,W,7225.0
2015-04-30,34,15:27:00,Thursday,Eglinton Ave at Leslie St,Investigation,4,8,WB,7587.0
2015-04-30,41,15:29:00,Thursday,Commons at York Univ,Mechanical,13,27,SB,9141.0
2015-04-30,36,15:30:00,Thursday,Finch Route,General Delay,15,30,B/W,
2015-04-30,107,15:33:00,Thursday,Dopwnsview Stn,Late Leaving Garage,22,35,n,9425.0
2015-04-30,81,15:33:00,Thursday,Willowglen & Thorncliff,Investigation,8,16,,7776.0
2015-04-30,54,15:38:00,Thursday,SRT,Late Leaving Garage,1,1,e,7447.0
2015-04-30,54,15:38:00,Thursday,SRT,Utilized Off Route,10,20,e,7447.0
2015-04-30,53,15:40:00,Thursday,Steeles route,General Delay,9,14,B/W,1717.0
2015-04-30,86,15:42:00,Thursday,Kennedy Stn,Mechanical,10,20,E,7461.0
2015-04-30,15,15:45:00,Thursday,Rosemeade ave/Queensway,Mechanical,13,25,n/b,7911.0
2015-04-30,39,15:45:00,Thursday,Finch Stn,Mechanical,3,6,EB,1398.0
2015-04-30,63,15:48:00,Thursday,ossignton station,Mechanical,7,14,SB,1581.0
2015-04-30,53,15:49:00,Thursday,Steeles ave and Maxome,Investigation,9,14,E,1717.0
2015-04-30,124,15:51:00,Thursday,Lawrence Station,Utilized Off Route,6,12,eb,8165.0
2015-04-30,25,15:55:00,Thursday,Pape Station,Mechanical,3,6,NB,7660.0
2015-04-30,86,15:56:00,Thursday,Meadowvale Loop,Late Leaving Garage,10,0,S,7459.0
2015-04-30,116,15:56:00,Thursday,Kennedy Stn,Utilized Off Route,12,24,E,7440.0
2015-04-30,133,15:58:00,Thursday,STC,Utilized Off Route,7,14,E,1750.0
2015-04-30,34,16:00:00,Thursday,Eglinton at Leslie ST,General Delay,10,15,WB,
2015-04-30,142,16:00:00,Thursday,Bombay loop to Richmond,General Delay,32,20,b/w,
2015-04-30,102,16:00:00,Thursday,Warden Station,Utilized Off Route,6,11,NB,7782.0
2015-04-30,23,16:00:00,Thursday,Dawes rd route,General Delay,10,1,B/W,
2015-04-30,116,16:00:00,Thursday,Kennedy Stn - Nighstar,General Delay,5,15,BW,
2015-04-30,198,16:00:00,Thursday,Kennedy Stn,Utilized Off Route,10,20,E,7410.0
2015-04-30,29,16:00:00,Thursday,Dufferin route A service only,General Delay,20,16,BW,
2015-04-30,102,16:00:00,Thursday,Centennial College,Utilized Off Route,7,11,SB,7724.0
2015-04-30,11,16:00:00,Thursday,Davisville Station,Utilized Off Route,12,24,N,8323.0
2015-04-30,24,16:00:00,Thursday,Victoria Park Station,Utilized Off Route,7,14,N,7869.0
2015-04-30,801,16:00:00,Thursday,Wilson Station,Utilized Off Route,1,2,S,8190.0
2015-04-30,87,16:00:00,Thursday,Main Station,Utilized Off Route,5,11,W,7811.0
2015-04-30,57,16:00:00,Thursday,Kennedy Station,Utilized Off Route,8,16,N,7730.0
2015-04-30,190,16:01:00,Thursday,Scarboro Town Centre,Utilized Off Route,4,8,WB,7605.0
2015-04-30,54,16:02:00,Thursday,SRT,Utilized Off Route,10,20,e,7431.0
2015-04-30,38,16:02:00,Thursday,STC,Utilized Off Route,6,12,E,1111.0
2015-04-30,95,16:02:00,Thursday,Ellesmere RT,Utilized Off Route,8,16,WB,1084.0
2015-04-30,34,16:02:00,Thursday,Kennedy Station,Utilized Off Route,4,8,WB,7633.0
2015-04-30,199,16:03:00,Thursday,Scarborough Town Centre,Utilized Off Route,4,8,NB,1708.0
2015-04-30,134,16:05:00,Thursday,STC,Utilized Off Route,6,13,E,1074.0
2015-04-30,67,16:05:00,Thursday,St.Clair / Pharmacy,Utilized Off Route,10,20,SB,7536.0
2015-04-30,90,16:07:00,Thursday,St. Clair West Stn,Utilized Off Route,10,20,W,9433.0
2015-04-30,64,16:10:00,Thursday,Winevea / Queen,Utilized Off Route,8,16,N,7729.0
2015-04-30,196,16:10:00,Thursday,York U. Common,Utilized Off Route,3,5,s,8145.0
2015-04-30,56,16:11:00,Thursday,Donlands Stn,Utilized Off Route,1,1,N,8341.0
2015-04-30,75,16:11:00,Thursday,Bloor,Utilized Off Route,1,1,S,8143.0
2015-04-30,42,16:11:00,Thursday,Finch Station,Utilized Off Route,1,1,E,8178.0
2015-04-30,54,16:13:00,Thursday,Lawrence SRT,Utilized Off Route,10,20,e,7403.0
2015-04-30,131,16:14:00,Thursday,Kennedy Stn,Utilized Off Route,8,16,N,1130.0
2015-04-30,44,16:20:00,Thursday,KIPLING AND LAKESHORE,Mechanical,3,7,B/W,8070.0
2015-04-30,68,16:23:00,Thursday,WARDEN STATION,Mechanical,6,13,NB,7469.0
2015-04-30,15,16:24:00,Thursday,Don Mills and Wynford,Mechanical,3,6,NB,7484.0
2015-04-30,12,16:30:00,Thursday,Victoria park Station,General Delay,8,16,b/w,8100.0
2015-04-30,122,16:30:00,Thursday,graydon Hall route,General Delay,20,30,B,
2015-04-30,115,16:30:00,Thursday,Silver Hills route,General Delay,15,35,B,
2015-04-30,78,16:30:00,Thursday,St. Andrews route,General Delay,15,30,B,
2015-04-30,37,16:30:00,Thursday,Route 37 islington,General Delay,1,1,b/w,
2015-04-30,88,16:31:00,Thursday,Milwood and Sutherland,Mechanical,15,30,eb,8366.0
2015-04-30,57,16:40:00,Thursday,Kennedy Station,General Delay,9,18,b/w,7780.0
2015-04-30,199,16:42:00,Thursday,McCowan south of Finch Ave E,Diversion,0,0,EB,
2015-04-30,129,16:47:00,Thursday,McCowan & Finch,Diversion,243,249,SB,9100.0
2015-04-30,95,17:00:00,Thursday,Don Mills to York Mills Station,General Delay,15,1,BW,
2015-04-30,45,17:01:00,Thursday,KIPLING STN,Mechanical,7,14,N/B,7349.0
2015-04-30,87,17:02:00,Thursday,Broadview and Browning,Mechanical,6,11,NB,7768.0
2015-04-30,84,17:04:00,Thursday,Bathurst and Sheppard,Mechanical,11,22,W,1339.0
2015-04-30,199,17:15:00,Thursday,Finch Stn,Mechanical,4,8,EB,1781.0
2015-04-30,35,17:22:00,Thursday,Jane Stn,Investigation,5,10,N/b,1523.0
2015-04-30,107,17:34:00,Thursday,Downsview Station,Mechanical,12,24,n,8215.0
2015-04-30,23,17:38:00,Thursday,Dawes and Park Vista,Mechanical,7,15,NB,7801.0
2015-04-30,16,17:39:00,Thursday,Warden Station,Mechanical,10,19,EB,7881.0
2015-04-30,88,17:40:00,Thursday,Wicksteed and Brentcliffe.,General Delay,20,35,wb,
2015-04-30,32,17:45:00,Thursday,Eglinton and Blackcreek,Investigation,8,16,e,1262.0
2015-04-30,60,17:46:00,Thursday,Bathurst and Steeles,Mechanical,7,14,E,1229.0
2015-04-30,24,18:00:00,Thursday,VP and Lawrence,Utilized Off Route,7,15,NB,7869.0
2015-04-30,51,18:07:00,Thursday,Yonge and Hoyle,Investigation,15,30,n,8160.0
2015-04-30,35,18:15:00,Thursday,Steeles and Peter Kaiser,Mechanical,8,16,S/b,1686.0
2015-04-30,6,18:27:00,Thursday,The Esplanade,Investigation,10,20,e,1558.0
2015-04-30,44,18:28:00,Thursday,KIPLING AT BIRMINGHAM,Mechanical,4,8,N/B,7318.0
2015-04-30,110,18:35:00,Thursday,Islington at Horner,Utilized Off Route,18,36,S,8055.0
2015-04-30,127,18:37:00,Thursday,Kendal Ave and Macpherson Ave,Mechanical,20,42,EB,1543.0
2015-04-30,110,18:53:00,Thursday,Islington at Evans,Diversion,43,67,S,8080.0
2015-04-30,129,19:00:00,Thursday,McCowan & Sandhurst Cir E,Diversion,110,116,EB,9088.0
2015-04-30,85,19:07:00,Thursday,Sheppard @ Morningside,Mechanical,6,12,E,9083.0
2015-04-30,133,19:08:00,Thursday,Ellesmere & Parkington,Investigation,9,19,EB,1736.0
2015-04-30,25,19:09:00,Thursday,Don Mills Station,Mechanical,3,6,NB`,7579.0
2015-04-30,97,19:10:00,Thursday,York Mills Station,Mechanical,30,60,sb,8179.0
2015-04-30,14,19:20:00,Thursday,Chaplin / Eglinton,Mechanical,20,40,n,1042.0
2015-04-30,25,19:20:00,Thursday,Pape Station,Mechanical,4,8,NB,7606.0
2015-04-30,38,19:20:00,Thursday,Ellesmere & Markham rd,Mechanical,12,22,WB,1110.0
2015-04-30,160,19:25:00,Thursday,Bathurst/Wilson,Investigation,22,44,Nb,8180.0
2015-04-30,133,19:28:00,Thursday,Ellesmere & Parkington,Investigation,10,20,EB,1095.0
2015-04-30,195,19:30:00,Thursday,Jane Stn,Mechanical,10,20,N/b,1327.0
2015-04-30,94,19:42:00,Thursday,Harbord and Clinton,Mechanical,6,13,EB,7818.0
2015-04-30,52,20:28:00,Thursday,Lawrence west / Marlee,Mechanical,15,30,w,1218.0
2015-04-30,7,20:40:00,Thursday,Bathurst/Wilson,Diversion,10,20,NB,9044.0
2015-04-30,7,21:00:00,Thursday,Bathurst Station to Steeles,General Delay,20,15,b/w,
2015-04-30,24,21:18:00,Thursday,Victoria Park and McNicol,Investigation,18,36,NB,7762.0
2015-04-30,129,21:20:00,Thursday,Scarboro Town Centre,Mechanical,5,12,NB,9075.0
2015-04-30,63,21:20:00,Thursday,Eglinton west stn,Mechanical,6,12,s,1529.0
2015-04-30,35,22:37:00,Thursday,jane and finch,Mechanical,9,18,n/b,1700.0
2015-04-30,39,22:37:00,Thursday,Finch & Adirondack,Mechanical,8,16,EB,1137.0
2015-04-30,86,22:55:00,Thursday,Kingston Rd and Lawrance,Mechanical,10,20,WB,7620.0
