Report Date,Route,Time,Day,Location,Incident,Min Delay,Min Gap,Direction,Vehicle
2017-01-01,73,00:42:00,Sunday,Claireport at Albion,Mechanical,20.0,20.0,S,8091.0
2017-01-01,75,01:02:00,Sunday,Glen /Elm,Emergency Services,30.0,60.0,n,1821.0
2017-01-01,102,01:20:00,Sunday,Warden Station,Mechanical,10.0,20.0,,8114.0
2017-01-01,120,01:22:00,Sunday,Sheppard at Northover,Mechanical,30.0,60.0,e,8548.0
2017-01-01,83,01:30:00,Sunday,Donlands station,Mechanical,30.0,60.0,,8127.0
2017-01-01,43,01:30:00,Sunday,Midland & Steeles,Mechanical,10.0,20.0,up,7628.0
2017-01-01,43,01:42:00,Sunday,Midland & Steeles,Mechanical,10.0,20.0,up,7556.0
2017-01-01,72,01:46:00,Sunday,Pape Stn,Utilized Off Route,15.0,30.0,EB,8151.0
2017-01-01,98,02:00:00,Sunday,Sheppard stn,Mechanical,30.0,60.0,e,8198.0
2017-01-01,11,02:03:00,Sunday,Steeles/ Bayview,Utilized Off Route,24.0,48.0,n/b,8388.0
2017-01-01,95,02:05:00,Sunday,Yorkmills Station,Emergency Services,20.0,40.0,e,1111.0
2017-01-01,131,02:06:00,Sunday,McCowan and Nugget,Mechanical,22.0,44.0,WB,1222.0
2017-01-01,105,02:30:00,Sunday,Downsview stn,Mechanical,30.0,60.0,n/b,8340.0
2017-01-01,69,02:30:00,Sunday,Warden Station,Mechanical,20.0,40.0,,8162.0
2017-01-01,79,02:32:00,Sunday,Pine and Lawrence,Mechanical,27.0,54.0,nb,1043.0
2017-01-01,29,03:04:00,Sunday,Wilson stn,Mechanical,10.0,20.0,s/b,9042.0
2017-01-01,52,03:17:00,Sunday,Lawrence Station,Mechanical,30.0,60.0,wb,1578.0
2017-01-01,52,03:30:00,Sunday,Celestine and Dixon,Mechanical,26.0,52.0,wb,1633.0
2017-01-01,320,03:30:00,Sunday,Route 320,General Delay,16.0,20.0,BW,
2017-01-01,300,04:01:00,Sunday,Kennedy Station to Terminal 3 Air Port,General Delay,30.0,51.0,EB,
2017-01-01,129,04:04:00,Sunday,McCowan and Finch Ave,Mechanical,20.0,27.0,s,1130.0
2017-01-01,129,04:31:00,Sunday,McCowan and Finch Ave,Emergency Services,1.0,1.0,s,1746.0
2017-01-01,334,04:42:00,Sunday,Newgale Gate and Finchdene Sq,Late Leaving Garage,25.0,50.0,EB,7664.0
2017-01-01,300,04:45:00,Sunday,Burnhamthorpe and West Mall,Investigation,1.0,1.0,WB,7496.0
2017-01-01,300,05:00:00,Sunday,300 Route,General Delay,20.0,40.0,B/W,7411.0
2017-01-01,300,05:09:00,Sunday,Kennedy Station,Late Leaving Garage,27.0,54.0,WB,7773.0
2017-01-01,300,05:11:00,Sunday,Spadina,Investigation,33.0,60.0,W,7964.0
2017-01-01,320,05:35:00,Sunday,Queens Quay and Yonge,Mechanical,15.0,30.0,N,8206.0
2017-01-01,334,05:42:00,Sunday,Neilson Rd on Finch,Investigation,1.0,1.0,E,7649.0
2017-01-01,320,06:02:00,Sunday,Yonge Loop on Steels,Emergency Services,4.0,10.0,N,8366.0
2017-01-01,300,06:16:00,Sunday,Bathurst and Bloor,Investigation,20.0,40.0,W,7406.0
2017-01-01,300,06:25:00,Sunday,Bathurst and Bloor street,Investigation,16.0,32.0,W,7654.0
2017-01-01,190,06:32:00,Sunday,STC,Mechanical,9.0,18.0,SB,7449.0
2017-01-01,300,06:37:00,Sunday,Danforth and Danforth,Late Leaving Garage,12.0,24.0,W,8003.0
2017-01-01,354,06:38:00,Sunday,Eglinton station,Mechanical,30.0,60.0,E,7608.0
2017-01-01,320,06:45:00,Sunday,Yonge and York Mills,Utilized Off Route,3.0,6.0,n,8340.0
2017-01-01,124,06:45:00,Sunday,Lawrence and Yonge,Mechanical,1.0,1.0,W,8211.0
2017-01-01,320,06:52:00,Sunday,Wilson and Yonge,Emergency Services,3.0,6.0,S,8372.0
2017-01-01,57,06:54:00,Sunday,midland and steeles,Late Leaving Garage,1.0,22.0,sb,8126.0
2017-01-01,85,07:02:00,Sunday,Sheppard Station at Yonge,Investigation,20.0,40.0,E,1301.0
2017-01-01,54,07:23:00,Sunday,STSP,Mechanical,30.0,30.0,WB,7670.0
2017-01-01,121,07:25:00,Sunday,lakeshore and strachan,Late Leaving Garage,20.0,25.0,wb,8105.0
2017-01-01,8,07:31:00,Sunday,plains and coxwell,Late Leaving Garage,1.0,30.0,sb,8116.0
2017-01-01,121,07:33:00,Sunday,mill and cherry,Late Leaving Garage,20.0,40.0,eb,7812.0
2017-01-01,72,07:34:00,Sunday,front and bay,Late Leaving Garage,1.0,18.0,nb,7851.0
2017-01-01,23,07:35:00,Sunday,ferris and dawes,Late Leaving Garage,12.0,24.0,sb,7796.0
2017-01-01,83,07:42:00,Sunday,lakeshore garage,Late Leaving Garage,1.0,30.0,nb,8106.0
2017-01-01,169,07:45:00,Sunday,Scarbough Town Centre,Utilized Off Route,15.0,30.0,w,8367.0
2017-01-01,29,07:45:00,Sunday,Wilson Station,Utilized Off Route,11.0,22.0,s,8329.0
2017-01-01,25,07:45:00,Sunday,PSTN,Mechanical,30.0,35.0,NB,7415.0
2017-01-01,134,07:46:00,Sunday,Finchden and Finch,Late Leaving Garage,22.0,44.0,S,1277.0
2017-01-01,11,07:48:00,Sunday,Davisville Stn,Utilized Off Route,36.0,71.0,,8348.0
2017-01-01,196,07:57:00,Sunday,sheppard Station,Utilized Off Route,16.0,32.0,W,8371.0
2017-01-01,84,08:10:00,Sunday,Sheppard Stn.,Late Leaving Garage,10.0,20.0,W,8501.0
2017-01-01,74,08:15:00,Sunday,St Clair Stn,Utilized Off Route,30.0,60.0,,1814.0
2017-01-01,53,08:27:00,Sunday,PAMK,Utilized Off Route,9.0,18.0,W,1317.0
2017-01-01,32,08:35:00,Sunday,Eglinton Station,Mechanical,10.0,20.0,wb,1646.0
2017-01-01,133,09:00:00,Sunday,Sheppard and Scunthorpe,Mechanical,12.0,24.0,E,1757.0
2017-01-01,54,09:01:00,Sunday,STSP,Mechanical,9.0,18.0,WB,4.0
2017-01-01,196,09:04:00,Sunday,Downsview Station,Utilized Off Route,30.0,60.0,S,1367.0
2017-01-01,29,09:14:00,Sunday,Wilson Stn,Utilized Off Route,4.0,8.0,,8302.0
2017-01-01,85,09:37:00,Sunday,DonMills station,Mechanical,24.0,48.0,E,1145.0
2017-01-01,94,09:40:00,Sunday,castle frank stn.,Utilized Off Route,7.0,14.0,wb,7872.0
2017-01-01,165,09:51:00,Sunday,York Mills Stn.,Investigation,9.0,27.0,W,8447.0
2017-01-01,79,10:24:00,Sunday,Mount Dennis to Runnymede Station,Mechanical,24.0,48.0,nb,1522.0
2017-01-01,65,10:28:00,Sunday,Parliament and Richmond,Diversion,154.0,166.0,SB,7827.0
2017-01-01,34,10:30:00,Sunday,Eglinton Ave E and Leslie St,Mechanical,9.0,18.0,WB,7640.0
2017-01-01,21,10:39:00,Sunday,Steeles and Brimley,Mechanical,20.0,40.0,SB,7750.0
2017-01-01,165,10:43:00,Sunday,Barmac and Steeles,Mechanical,9.0,27.0,S,8447.0
2017-01-01,185,11:10:00,Sunday,PSTN,Mechanical,10.0,20.0,NB,7680.0
2017-01-01,57,11:45:00,Sunday,Midland and Eglinton,Mechanical,20.0,40.0,NB,8148.0
2017-01-01,96,12:11:00,Sunday,York Mills Stn.,Late Leaving Garage,17.0,34.0,W,7936.0
2017-01-01,29,12:14:00,Sunday,Princess Gates,Diversion,0.0,0.0,s,9056.0
2017-01-01,34,12:28:00,Sunday,Kennedy STN,Mechanical,8.0,15.0,WB,7583.0
2017-01-01,116,12:38:00,Sunday,Kennedy STN,Mechanical,8.0,15.0,EB,7522.0
2017-01-01,116,12:46:00,Sunday,Morningside & Nighstar,Investigation,10.0,20.0,dn,7494.0
2017-01-01,24,12:48:00,Sunday,Victoria Park Station,Utilized Off Route,8.0,16.0,NB,7741.0
2017-01-01,56,13:10:00,Sunday,Donland Av/Mortimer Av,Diversion,40.0,65.0,B/W,8185.0
2017-01-01,63,13:39:00,Sunday,Eglinton Station,Investigation,6.0,13.0,S,1573.0
2017-01-01,131,13:58:00,Sunday,Morningview Trail and Morningside Road,Diversion,26.0,26.0,B/W,
2017-01-01,102,14:10:00,Sunday,Warden Station,Mechanical,10.0,20.0,NB,7880.0
2017-01-01,54,14:12:00,Sunday,Lawrence/ Don Mills,Mechanical,12.0,24.0,EB,7617.0
2017-01-01,34,14:37:00,Sunday,Eglinton Ave E and Banff Rd,Investigation,8.0,15.0,EB,7631.0
2017-01-01,108,14:51:00,Sunday,Downsview Stn.,Investigation,18.0,36.0,W,8466.0
2017-01-01,92,15:11:00,Sunday,Woodbine Station,Mechanical,11.0,21.0,SB,7776.0
2017-01-01,67,15:13:00,Sunday,Pharmacy Ave and Princeway Dr,Investigation,17.0,34.0,NB,7690.0
2017-01-01,96,16:23:00,Sunday,Carrier Loop,Mechanical,17.0,34.0,E,8449.0
2017-01-01,35,16:27:00,Sunday,Jane and East,Investigation,10.0,20.0,S,8452.0
2017-01-01,90,17:30:00,Sunday,Vaughan & Kenwood,Investigation,12.0,24.0,S,8215.0
2017-01-01,199,17:45:00,Sunday,Birchmount on Finch,Mechanical,8.0,16.0,WB,1086.0
2017-01-01,43,17:50:00,Sunday,Kennedy Ave and Steeles Ave E,Investigation,10.0,20.0,SB,7434.0
2017-01-01,185,17:58:00,Sunday,FMDM,Mechanical,10.0,20.0,SB,7682.0
2017-01-01,199,18:39:00,Sunday,Scarborough Town Centre,Utilized Off Route,7.0,15.0,W/B,1096.0
2017-01-01,95,18:42:00,Sunday,York Mills Station,Utilized Off Route,10.0,20.0,W/B,1775.0
2017-01-01,759,18:43:00,Sunday,East Liberty,Utilized Off Route,1.0,1.0,n/b,1642.0
2017-01-01,759,18:44:00,Sunday,Ossington stn,Utilized Off Route,1.0,1.0,s/b,1417.0
2017-01-01,709,18:45:00,Sunday,Keele and Eglinton,Utilized Off Route,1.0,1.0,E,1604.0
2017-01-01,759,18:45:00,Sunday,Ossington stn,Utilized Off Route,1.0,1.0,s/b,1016.0
2017-01-01,709,18:45:00,Sunday,Eglinton west station,Utilized Off Route,1.0,1.0,E,1562.0
2017-01-01,709,18:45:00,Sunday,Eglinton west stn.,Utilized Off Route,1.0,1.0,E,1058.0
2017-01-01,72,18:46:00,Sunday,Pape Station,Utilized Off Route,18.0,36.0,,8150.0
2017-01-01,97,18:47:00,Sunday,Eglinton stn,Utilized Off Route,20.0,40.0,n,8192.0
2017-01-01,51,18:49:00,Sunday,Eglinton stn,Utilized Off Route,30.0,60.0,e,1826.0
2017-01-01,87,18:50:00,Sunday,Broadview Station,Utilized Off Route,10.0,20.0,,7735.0
2017-01-01,102,18:50:00,Sunday,Warden Station,Utilized Off Route,10.0,20.0,,7850.0
2017-01-01,100,18:50:00,Sunday,Broadview STN,Utilized Off Route,10.0,20.0,NB,7437.0
2017-01-01,35,18:50:00,Sunday,Jane Stn,Utilized Off Route,20.0,40.0,N,8457.0
2017-01-01,94,18:52:00,Sunday,Castle Frank Station,Utilized Off Route,14.0,28.0,,7826.0
2017-01-01,11,18:53:00,Sunday,Davisville stn,Utilized Off Route,10.0,20.0,n,8365.0
2017-01-01,191,18:55:00,Sunday,kipling stn,Utilized Off Route,10.0,20.0,n,8568.0
2017-01-01,90,18:55:00,Sunday,St. Clair W Stn,Utilized Off Route,1.0,1.0,E,8308.0
2017-01-01,7,18:55:00,Sunday,Bathurst & Wilson,Utilized Off Route,8.0,15.0,N,1550.0
2017-01-01,25,18:55:00,Sunday,Pape STN,Utilized Off Route,10.0,20.0,NB,7596.0
2017-01-01,63,18:56:00,Sunday,Eglinton West station,Utilized Off Route,7.0,14.0,S,1050.0
2017-01-01,24,18:56:00,Sunday,Victoria Park Station,Utilized Off Route,10.0,20.0,,8111.0
2017-01-01,95,18:56:00,Sunday,York Mills Station,Utilized Off Route,10.0,20.0,E/B,1080.0
2017-01-01,32,18:58:00,Sunday,Eglinton Station,Utilized Off Route,1.0,1.0,W,1598.0
2017-01-01,39,18:59:00,Sunday,Finch Station,Utilized Off Route,1.0,1.0,E/B,1270.0
2017-01-01,29,19:00:00,Sunday,Dufferin and Dundas,Utilized Off Route,5.0,11.0,n,8205.0
2017-01-01,29,19:00:00,Sunday,Dufferin and Bloor,Utilized Off Route,4.0,8.0,n,8309.0
2017-01-01,76,19:00:00,Sunday,Royal York Station,Utilized Off Route,9.0,19.0,S,8023.0
2017-01-01,165,19:00:00,Sunday,York Mills Stn.,Utilized Off Route,10.0,30.0,W,8572.0
2017-01-01,84,19:00:00,Sunday,Sheppard Stn.,Utilized Off Route,10.0,20.0,W,8579.0
2017-01-01,96,19:00:00,Sunday,York Mills Stn.,Utilized Off Route,20.0,40.0,W,1205.0
2017-01-01,63,19:02:00,Sunday,Eglinton west Station,Utilized Off Route,1.0,1.0,S,1626.0
2017-01-01,45,19:03:00,Sunday,Kipling Station,Utilized Off Route,10.0,20.0,N,8073.0
2017-01-01,52,19:05:00,Sunday,Lawrence stn,Utilized Off Route,20.0,40.0,w/b,1249.0
2017-01-01,46,19:05:00,Sunday,kipling stn,Utilized Off Route,20.0,40.0,n,8482.0
2017-01-01,168,19:06:00,Sunday,Dundas West Station,Utilized Off Route,9.0,21.0,N,7928.0
2017-01-01,52,19:10:00,Sunday,Lawrence stn,Utilized Off Route,20.0,40.0,w/b,1048.0
2017-01-01,54,19:18:00,Sunday,Eglinton STN,Utilized Off Route,19.0,38.0,EB,7567.0
2017-01-01,84,20:35:00,Sunday,Weston rd and Bradstock,Mechanical,10.0,20.0,w,8584.0
2017-01-01,29,20:44:00,Sunday,Cne loop,Investigation,10.0,20.0,n,8205.0
2017-01-01,135,22:10:00,Sunday,Main Station,Mechanical,30.0,60.0,,7716.0
2017-01-01,39,22:15:00,Sunday,Neilson and Crow Trail.,Late Leaving Garage,10.0,20.0,W,1145.0
2017-01-01,102,22:30:00,Sunday,Warden Station,Utilized Off Route,10.0,20.0,,7709.0
2017-01-01,87,23:08:00,Sunday,Doncaster on Main St.,Mechanical,10.0,20.0,,7773.0
2017-01-02,41,00:05:00,Monday,Keele and Wilson,Mechanical,24.0,48.0,N/B,1057.0
2017-01-02,320,03:34:00,Monday,Yonge & Bloor,Investigation,15.0,30.0,N,8331.0
2017-01-02,300,03:37:00,Monday,Bloor and Sherbourne.,Investigation,30.0,60.0,E,7786.0
2017-01-02,40,04:46:00,Monday,Dundas w stn,Mechanical,12.0,0.0,N,8047.0
2017-01-02,5,05:00:00,Monday,Shermount S. of Lawrence,Mechanical,1.0,1.0,s,8191.0
2017-01-02,105,05:27:00,Monday,Confederation and Dufferin,Mechanical,30.0,60.0,n,8332.0
2017-01-02,118,05:32:00,Monday,Wilson station,Late Leaving Garage,30.0,0.0,w/b,7946.0
2017-01-02,26,05:40:00,Monday,St George stn,Late Leaving Garage,0.0,30.0,w,1513.0
2017-01-02,75,05:49:00,Monday,Sherbourne and Bloor,Utilized Off Route,20.0,40.0,N,8348.0
2017-01-02,12,05:52:00,Monday,Kennedy Station,Late Leaving Garage,17.0,34.0,WB,7744.0
2017-01-02,29,05:55:00,Monday,Wilson Station,Utilized Off Route,11.0,22.0,s,8350.0
2017-01-02,161,06:05:00,Monday,Alliance and Rockcliffe,Investigation,0.0,20.0,e,1641.0
2017-01-02,12,06:10:00,Monday,Kennedy Station,Late Leaving Garage,17.0,34.0,WB,8155.0
2017-01-02,82,06:40:00,Monday,Rosedale Station,Utilized Off Route,20.0,40.0,W,8348.0
2017-01-02,39,08:18:00,Monday,Finch Stn,Mechanical,17.0,34.0,E,1743.0
2017-01-02,199,08:32:00,Monday,Finch Stn,Late Leaving Garage,8.0,16.0,E,1757.0
2017-01-02,53,08:48:00,Monday,Passmore and Markham Rd,Mechanical,18.0,27.0,wb,1301.0
2017-01-02,102,08:53:00,Monday,Markham and steeles,Mechanical,10.0,20.0,nb,8124.0
2017-01-02,91,09:00:00,Monday,Woodbine stn,Mechanical,24.0,48.0,W/B,7804.0
2017-01-02,168,09:10:00,Monday,Dundas West Station,Late Leaving Garage,10.0,20.0,N,8025.0
2017-01-02,51,09:16:00,Monday,Townsend,Mechanical,14.0,28.0,S,8203.0
2017-01-02,43,09:50:00,Monday,Kennedy Stn,Mechanical,10.0,20.0,N,7462.0
2017-01-02,168,11:06:00,Monday,Avon Loop,Late Leaving Garage,7.0,16.0,S,8057.0
2017-01-02,25,11:33:00,Monday,Don Mills Station,Mechanical,10.0,20.0,SB,7411.0
2017-01-02,85,11:34:00,Monday,Don Mills Station,Late Leaving Garage,,,e,1086.0
2017-01-02,94,12:03:00,Monday,Castle Frank Stn,Mechanical,13.0,26.0,W,8102.0
2017-01-02,38,12:05:00,Monday,STC,Late Leaving Garage,0.0,0.0,E/B,1280.0
2017-01-02,79,12:14:00,Monday,Scarlett and Fontenay,Investigation,24.0,48.0,s,1602.0
2017-01-02,16,12:30:00,Monday,warden stn,Mechanical,12.0,24.0,nb,8123.0
2017-01-02,65,13:00:00,Monday,Castle frank to Union,General Delay,1.0,1.0,B/W,
2017-01-02,102,13:00:00,Monday,WARDEN STN,Mechanical,10.0,20.0,nb,8132.0
2017-01-02,12,13:27:00,Monday,Sandown and Kingston Road,Investigation,17.0,34.0,E,7830.0
2017-01-02,34,13:36:00,Monday,Eglinton station,Emergency Services,7.0,15.0,eb,7434.0
2017-01-02,24,13:50:00,Monday,Dawes Rd and Victoria Park,Mechanical,8.0,16.0,NB,7783.0
2017-01-02,34,13:51:00,Monday,Eglinton station,Emergency Services,7.0,15.0,eb,7506.0
2017-01-02,165,13:53:00,Monday,Weston and Finch,Mechanical,34.0,68.0,n,8573.0
2017-01-02,52,13:54:00,Monday,McNaughton and Victory,Mechanical,47.0,28.0,SB,1054.0
2017-01-02,106,14:06:00,Monday,Yukon Lane,Mechanical,10.0,20.0,W,8449.0
2017-01-02,52,14:10:00,Monday,Lawrence and Keele,Mechanical,9.0,18.0,EB,1544.0
2017-01-02,34,14:13:00,Monday,Spanbridge & Grenoble,Mechanical,18.0,36.0,eb,7700.0
2017-01-02,9,14:16:00,Monday,WARDEN STN,Mechanical,22.0,44.0,NB,7776.0
2017-01-02,102,14:20:00,Monday,warden stn,Utilized Off Route,10.0,20.0,NB,8112.0
2017-01-02,24,14:24:00,Monday,Victoria Park Station,Mechanical,8.0,16.0,NB,7742.0
2017-01-02,80,15:00:00,Monday,Sherway Gardens to Humber loop,General Delay,20.0,40.0,BW,
2017-01-02,31,15:00:00,Monday,Greenwood Station,Mechanical,20.0,40.0,SB,7765.0
2017-01-02,72,15:10:00,Monday,Pape Station,Utilized Off Route,18.0,36.0,SB,8172.0
2017-01-02,74,15:55:00,Monday,St.Clair Station,Mechanical,20.0,40.0,Wb,8305.0
2017-01-02,68,15:56:00,Monday,Warden and Steeles,Investigation,10.0,20.0,NB,7490.0
2017-01-02,41,16:18:00,Monday,York U Commons,Mechanical,14.0,28.0,SB,1029.0
2017-01-02,185,16:30:00,Monday,PSTN,Mechanical,10.0,20.0,NB,7511.0
2017-01-02,42,16:48:00,Monday,Finch stn,Mechanical,16.0,32.0,e,8349.0
2017-01-02,191,17:17:00,Monday,SLPM,Late Leaving Garage,10.0,20.0,S,7974.0
2017-01-02,161,17:42:00,Monday,Rogers and Harvie,Mechanical,15.0,30.0,E,1011.0
2017-01-02,63,18:00:00,Monday,Ossington Station,Utilized Off Route,6.0,13.0,N,1384.0
2017-01-02,121,18:30:00,Monday,Lakeshore and Strachan,Mechanical,15.0,30.0,E/B,7764.0
2017-01-02,196,18:48:00,Monday,Allen rd and Kennard,Mechanical,7.0,15.0,s,1306.0
2017-01-02,102,18:51:00,Monday,Warden Station,Mechanical,10.0,30.0,NB,8124.0
2017-01-02,100,19:30:00,Monday,Broadview station,Mechanical,10.0,20.0,eb,7615.0
2017-01-02,165,21:01:00,Monday,Weston and Finch,Mechanical,10.0,20.0,s,8592.0
2017-01-02,46,21:18:00,Monday,Steeles Loop,Late Leaving Garage,30.0,60.0,SB,7942.0
2017-01-02,52,21:26:00,Monday,Lawrence west station,Late Leaving Garage,20.0,40.0,W/B,1515.0
2017-01-02,57,21:45:00,Monday,Kennedy Station,Late Leaving Garage,30.0,60.0,EB,8103.0
2017-01-02,44,21:48:00,Monday,COL SAM LOOP,Utilized Off Route,10.0,20.0,n/b,7926.0
2017-01-02,123,21:58:00,Monday,QUEENSWAY GARAGE,Utilized Off Route,30.0,60.0,w/b,8098.0
2017-01-02,97,22:35:00,Monday,York Mills Stn,Mechanical,20.0,40.0,SB,8203.0
2017-01-02,165,23:06:00,Monday,Wilson ave & Murray rd,Diversion,40.0,50.0,W,
2017-01-02,118,23:06:00,Monday,Wilson ave & Murray rd,Diversion,20.0,50.0,W,
2017-01-02,96,23:06:00,Monday,Wilson ave & Murray rd,Diversion,40.0,50.0,W,
2017-01-02,120,23:06:00,Monday,Wilson ave & Murray rd,Diversion,20.0,50.0,W,
2017-01-03,320,01:03:00,Tuesday,Steeles loop & Yonge,Investigation,20.0,0.0,S,8348.0
2017-01-03,320,02:00:00,Tuesday,Yonge & Cumberland,Investigation,7.0,14.0,N,7809.0
2017-01-03,302,03:18:00,Tuesday,BING,Mechanical,30.0,60.0,N,8157.0
2017-01-03,300,03:47:00,Tuesday,427 AND DIXON,Mechanical,30.0,60.0,W,8033.0
2017-01-03,300,03:48:00,Tuesday,BLOOR AND WESTMALL,Investigation,30.0,60.0,W,7970.0
2017-01-03,68,04:45:00,Tuesday,Warden and Danforth,Late Leaving Garage,1.0,1.0,n,7588.0
2017-01-03,300,04:53:00,Tuesday,T3,Utilized Off Route,30.0,60.0,E,7747.0
2017-01-03,25,05:25:00,Tuesday,Duncan Mill,Mechanical,9.0,18.0,S,7483.0
2017-01-03,185,05:30:00,Tuesday,Pape station,Mechanical,9.0,0.0,n,7573.0
2017-01-03,32,05:35:00,Tuesday,Pine & Lawrence,Late Leaving Garage,10.0,10.0,s/b,1032.0
2017-01-03,84,05:38:00,Tuesday,Sheppard station,Late Leaving Garage,14.0,0.0,w/b,1326.0
2017-01-03,46,05:41:00,Tuesday,Kipling Station,Mechanical,15.0,40.0,N/B,8449.0
2017-01-03,86,05:45:00,Tuesday,lawrence & Manse,Mechanical,24.0,39.0,E,7438.0
2017-01-03,32,05:54:00,Tuesday,Pine,Utilized Off Route,10.0,17.0,e,1583.0
2017-01-03,24,06:00:00,Tuesday,Victoria Park and Steeles,Late Leaving Garage,14.0,24.0,S,7796.0
2017-01-03,43,06:00:00,Tuesday,Kennedy stn,Mechanical,10.0,20.0,nb,7636.0
2017-01-03,29,06:00:00,Tuesday,Dufferin and Yorkdale,Mechanical,13.0,26.0,n,9013.0
2017-01-03,35,06:05:00,Tuesday,Trethewey,Mechanical,10.0,20.0,N,8500.0
2017-01-03,131,06:06:00,Tuesday,Morningview Tr-Morningside,Late Leaving Garage,7.0,15.0,eb,1307.0
2017-01-03,43,06:06:00,Tuesday,Kennnedy stn,Utilized Off Route,10.0,20.0,nb,7586.0
2017-01-03,7,06:06:00,Tuesday,Village gate and Bathurst,Late Leaving Garage,9.0,33.0,s/b,8376.0
2017-01-03,95,06:07:00,Tuesday,KNRD,Mechanical,9.0,17.0,WB,1069.0
2017-01-03,86,06:07:00,Tuesday,Kennedy Stn,Mechanical,10.0,18.0,E,7400.0
2017-01-03,32,06:09:00,Tuesday,Eglinton Stn,Late Leaving Garage,5.0,11.0,w/b,1647.0
2017-01-03,43,06:10:00,Tuesday,Scarbough Town Centre,Mechanical,10.0,20.0,sb,7422.0
2017-01-03,116,06:16:00,Tuesday,Kennedy Stn,Utilized Off Route,7.0,13.0,E,7518.0
2017-01-03,32,06:17:00,Tuesday,Keele & Eglinton,Utilized Off Route,6.0,12.0,e/b,1521.0
2017-01-03,11,06:17:00,Tuesday,Sunnybrook Hospital,Late Leaving Garage,22.0,44.0,Sb,8335.0
2017-01-03,32,06:23:00,Tuesday,Keele & Eglinton,Utilized Off Route,6.0,12.0,e/b,1509.0
2017-01-03,79,06:28:00,Tuesday,Pine,Late Leaving Garage,10.0,20.0,s,1538.0
2017-01-03,122,06:33:00,Tuesday,York Mills Station,Mechanical,10.0,20.0,E,8347.0
2017-01-03,29,06:36:00,Tuesday,Tycos,Mechanical,15.0,30.0,n,9051.0
2017-01-03,131,06:36:00,Tuesday,STC SRT,Late Leaving Garage,9.0,18.0,eb,1129.0
2017-01-03,125,06:38:00,Tuesday,Bathurst/Antibes,Late Leaving Garage,4.0,8.0,Eb,8340.0
2017-01-03,85,06:41:00,Tuesday,Don Mills Station,Late Leaving Garage,13.0,26.0,e,9065.0
2017-01-03,29,06:42:00,Tuesday,Princes Gates,Mechanical,9.0,18.0,n,9018.0
2017-01-03,108,06:44:00,Tuesday,Sheppard and John Drury,Mechanical,13.0,26.0,w/b,1332.0
2017-01-03,100,06:52:00,Tuesday,Broadview STN,Mechanical,4.0,8.0,N,7435.0
2017-01-03,504,06:52:00,Tuesday,Eglinton yard,Late Leaving Garage,1.0,1.0,S,7563.0
2017-01-03,195,06:58:00,Tuesday,JSTE,Late Leaving Garage,10.0,20.0,S,8518.0
2017-01-03,54,06:59:00,Tuesday,Lawrence Scarbough Golf Club rd,Mechanical,9.0,18.0,eb,7693.0
2017-01-03,131,07:04:00,Tuesday,STC SRT,Late Leaving Garage,8.0,15.0,sb,1201.0
2017-01-03,102,07:05:00,Tuesday,Warden Stn,Utilized Off Route,10.0,20.0,N,7796.0
2017-01-03,68,07:08:00,Tuesday,Warden Loop,Mechanical,5.0,10.0,sb,7539.0
2017-01-03,68,07:08:00,Tuesday,Steeles Loop,Diversion,377.0,387.0,sb,7539.0
2017-01-03,29,07:10:00,Tuesday,Princes Gates,Utilized Off Route,4.0,8.0,n,8371.0
2017-01-03,188,07:15:00,Tuesday,Colonel Samuel Loop,Utilized Off Route,10.0,20.0,n,8073.0
2017-01-03,44,07:30:00,Tuesday,Colonel Samuel Smith Loop,Mechanical,6.0,12.0,N,7924.0
2017-01-03,75,07:30:00,Tuesday,Lower Sherbourne and Esplanade,Emergency Services,195.0,202.0,b/w,
2017-01-03,94,07:30:00,Tuesday,Castle Frank Stn,Mechanical,13.0,26.0,W,7806.0
2017-01-03,198,07:34:00,Tuesday,U of T loop,Mechanical,12.0,24.0,S,7466.0
2017-01-03,121,07:36:00,Tuesday,Lower Sherbourne and Esplanade,Diversion,194.0,209.0,E,7815.0
2017-01-03,199,07:40:00,Tuesday,STC,Late Leaving Garage,4.0,8.0,W,1757.0
2017-01-03,87,07:45:00,Tuesday,Broadview Stn,Utilized Off Route,5.0,10.0,E,7828.0
2017-01-03,89,08:10:00,Tuesday,Dundas and Keele,Investigation,5.0,10.0,sb,1592.0
2017-01-03,165,08:12:00,Tuesday,York Mills Stn.,Utilized Off Route,6.0,18.0,W,8529.0
2017-01-03,63,08:18:00,Tuesday,Oakwood Loop,Mechanical,4.0,9.0,S/B,1359.0
2017-01-03,125,08:25:00,Tuesday,Finch Station,Mechanical,7.0,14.0,Wb,1669.0
2017-01-03,195,08:32:00,Tuesday,COMMONS,Utilized Off Route,10.0,20.0,S,8518.0
2017-01-03,9,08:45:00,Tuesday,Bellamy and Brimorton,Mechanical,15.0,30.0,S,7795.0
2017-01-03,84,08:50:00,Tuesday,Fenmar,Mechanical,14.0,28.0,w/b,1322.0
2017-01-03,29,08:59:00,Tuesday,Wilson Station,Mechanical,5.0,10.0,s,1665.0
2017-01-03,198,09:01:00,Tuesday,Eglinton & McCowan,Mechanical,12.0,24.0,E,7494.0
2017-01-03,36,09:11:00,Tuesday,Pearldale and Finch,Investigation,6.0,11.0,W/B,9117.0
2017-01-03,54,09:36:00,Tuesday,Lawrence Orton Park,Mechanical,6.0,12.0,eb,7603.0
2017-01-03,34,09:38:00,Tuesday,Eglinton and Warden,Emergency Services,5.0,12.0,W,7514.0
2017-01-03,17,09:50:00,Tuesday,Steeles Loop,Diversion,13.0,26.0,SB,7804.0
2017-01-03,129,10:01:00,Tuesday,SLMC,Mechanical,7.0,21.0,SB,1094.0
2017-01-03,186,10:10:00,Tuesday,Kipling and Brookmere,Mechanical,11.0,22.0,E,8572.0
2017-01-03,68,10:15:00,Tuesday,Warden ave HWY #7,Diversion,35.0,75.0,sb,7414.0
2017-01-03,56,11:02:00,Tuesday,laird and Commercial,Investigation,18.0,36.0,S,1668.0
2017-01-03,69,11:19:00,Tuesday,Warden Station,Mechanical,11.0,22.0,SB,8144.0
2017-01-03,70,11:25:00,Tuesday,Victoria Park and St. Clair,Diversion,55.0,73.0,e,7675.0
2017-01-03,32,11:35:00,Tuesday,Weston & Eglinton,Mechanical,10.0,20.0,e/b,1500.0
2017-01-03,165,11:44:00,Tuesday,walsh at weston,Investigation,20.0,30.0,w,8602.0
2017-01-03,75,11:48:00,Tuesday,Queens Quay and LowerJarvis,Mechanical,12.0,24.0,n/b,1828.0
2017-01-03,191,11:50:00,Tuesday,Steeles and Martin Grove loop,Mechanical,6.0,12.0,s/b,7968.0
2017-01-03,26,11:50:00,Tuesday,Jane Station,Mechanical,20.0,40.0,E/B,1642.0
2017-01-03,130,11:54:00,Tuesday,Middlefield and Nashdene,Investigation,21.0,42.0,n,1121.0
2017-01-03,63,12:04:00,Tuesday,Liberty and Atlantic,Utilized Off Route,5.0,11.0,N/b,1405.0
2017-01-03,102,12:05:00,Tuesday,Castlemore,Mechanical,30.0,60.0,SB,7756.0
2017-01-03,29,12:10:00,Tuesday,wilson Station,Mechanical,5.0,10.0,n,9034.0
2017-01-03,199,12:12:00,Tuesday,STC,Mechanical,4.0,8.0,W,1288.0
2017-01-03,134,12:17:00,Tuesday,Scarborough Town Centre,Utilized Off Route,7.0,13.0,e,1068.0
2017-01-03,191,12:18:00,Tuesday,Arrow garage,Utilized Off Route,6.0,12.0,s/b,7952.0
2017-01-03,709,12:19:00,Tuesday,Jane St at Lawrence Ave,Utilized Off Route,1.0,1.0,E,1587.0
2017-01-03,709,12:19:00,Tuesday,Eglinton Ave at Jane St,Utilized Off Route,1.0,1.0,E,1059.0
2017-01-03,188,12:24:00,Tuesday,Colonel Samuel Smith Loop,Utilized Off Route,10.0,20.0,N,7971.0
2017-01-03,76,12:29:00,Tuesday,"On Lake Shore Blvd., at Mimico",Utilized Off Route,9.0,18.0,N,7910.0
2017-01-03,35,12:36:00,Tuesday,JNST,Utilized Off Route,7.0,14.0,N,8563.0
2017-01-03,73,12:50:00,Tuesday,Albion and Claireport,Mechanical,11.0,26.0,s/b,8415.0
2017-01-03,30,12:50:00,Tuesday,"On Dundas, at Kipling",Emergency Services,30.0,60.0,W,7915.0
2017-01-03,32,13:00:00,Tuesday,Eglinton West Station,Mechanical,10.0,20.0,W,1054.0
2017-01-03,52,13:26:00,Tuesday,Lawerence and Welland,Mechanical,14.0,28.0,W,1027.0
2017-01-03,5,13:30:00,Tuesday,Eglinton Stn,Mechanical,30.0,60.0,s,1514.0
2017-01-03,73,13:34:00,Tuesday,Arcot and Albion,Mechanical,15.0,30.0,n/b,8064.0
2017-01-03,51,13:35:00,Tuesday,Leslie and  York Mills,Mechanical,25.0,25.0,n,1801.0
2017-01-03,74,13:35:00,Tuesday,St.Clair Station,Mechanical,20.0,40.0,WB,1751.0
2017-01-03,14,13:45:00,Tuesday,Caledonia and Tycos,Mechanical,24.0,48.0,eb,1048.0
2017-01-03,32,13:45:00,Tuesday,Eglinton West Stn,Utilized Off Route,10.0,20.0,eb,1073.0
2017-01-03,29,14:01:00,Tuesday,Exhibition,Utilized Off Route,5.0,10.0,N,8305.0
2017-01-03,104,14:11:00,Tuesday,Wilson STN Lower,Mechanical,19.0,38.0,nb,8386.0
2017-01-03,108,14:14:00,Tuesday,Downsview Station,Mechanical,16.0,30.0,W,8584.0
2017-01-03,41,14:24:00,Tuesday,Keele and St Clair,Mechanical,7.0,14.0,NB,9146.0
2017-01-03,89,14:39:00,Tuesday,Keele station,Late Leaving Garage,7.0,14.0,NB,1354.0
2017-01-03,72,14:41:00,Tuesday,Pape Stn,Mechanical,16.0,32.0,S,7830.0
2017-01-03,191,14:42:00,Tuesday,Martin Grove and Royalcrest,Utilized Off Route,6.0,12.0,S/b,8492.0
2017-01-03,185,14:43:00,Tuesday,Greenbelt and Don Mills Road,Mechanical,7.0,14.0,NB,7608.0
2017-01-03,11,14:50:00,Tuesday,Sunnybrook Hospital,Mechanical,12.0,24.0,n,8214.0
2017-01-03,52,14:53:00,Tuesday,Lawrence and Olympia,Mechanical,3.0,6.0,E,1001.0
2017-01-03,86,15:00:00,Tuesday,Kingston and Military trail,Mechanical,7.0,17.0,W,7647.0
2017-01-03,63,15:00:00,Tuesday,Ossington and St Clair,Mechanical,9.0,15.0,NB,1518.0
2017-01-03,131,15:05:00,Tuesday,Scarborough Town Centre,Mechanical,9.0,18.0,E,1307.0
2017-01-03,29,15:14:00,Tuesday,Dufferin and Dufferin Park,Investigation,5.0,10.0,n,9034.0
2017-01-03,131,15:15:00,Tuesday,McCowan and Triton,Mechanical,9.0,17.0,S,1141.0
2017-01-03,42,15:17:00,Tuesday,Finch station,Utilized Off Route,15.0,30.0,E,8325.0
2017-01-03,54,15:21:00,Tuesday,RTLS,Late Leaving Garage,14.0,28.0,EB,7548.0
2017-01-03,68,15:22:00,Tuesday,WLAS,Mechanical,7.0,14.0,SB,7464.0
2017-01-03,42,15:24:00,Tuesday,Finch Station,Late Leaving Garage,30.0,60.0,E,1675.0
2017-01-03,125,15:25:00,Tuesday,Finch Station,Mechanical,10.0,20.0,W,8394.0
2017-01-03,97,15:25:00,Tuesday,Yorkmill station,Mechanical,20.0,40.0,S,1554.0
2017-01-03,60,15:29:00,Tuesday,Finch Station,Late Leaving Garage,7.0,14.0,W,7976.0
2017-01-03,131,15:31:00,Tuesday,Kennedy Stn,Utilized Off Route,5.0,9.0,E,1101.0
2017-01-03,52,15:36:00,Tuesday,Lawrence and Pine,Mechanical,3.0,6.0,W,1383.0
2017-01-03,25,15:39:00,Tuesday,Pape Station,Mechanical,7.0,14.0,NB,7672.0
2017-01-03,57,15:42:00,Tuesday,Kennedy Stn,Late Leaving Garage,9.0,18.0,N,7707.0
2017-01-03,53,15:43:00,Tuesday,Markham & Passmore,Late Leaving Garage,2.0,4.0,WB,9082.0
2017-01-03,192,15:43:00,Tuesday,Kipling Station,Mechanical,9.0,17.0,N,8004.0
2017-01-03,34,15:54:00,Tuesday,Eglinton & Bayview,Mechanical,4.0,8.0,up,7468.0
2017-01-03,87,15:54:00,Tuesday,Main Stn,Utilized Off Route,5.0,10.0,WB,7819.0
2017-01-03,53,15:55:00,Tuesday,Morningside  & Staines,Late Leaving Garage,15.0,30.0,WB,9098.0
2017-01-03,11,15:59:00,Tuesday,Eglinton Stn,Utilized Off Route,8.0,17.0,n,1579.0
2017-01-03,86,16:07:00,Tuesday,Kennedy STN,Late Leaving Garage,10.0,20.0,E,7575.0
2017-01-03,53,16:13:00,Tuesday,Finch Station,Late Leaving Garage,15.0,30.0,EB,9091.0
2017-01-03,45,16:17:00,Tuesday,Kipling Station,Mechanical,16.0,32.0,N,8097.0
2017-01-03,121,16:20:00,Tuesday,SB Cherry and Front St,Investigation,10.0,20.0,SB,7779.0
2017-01-03,45,16:24:00,Tuesday,Kipling Station,Utilized Off Route,9.0,19.0,N,7911.0
2017-01-03,107,16:26:00,Tuesday,Yokr Blvd. & Bus Roadway,Mechanical,12.0,32.0,WB,1701.0
2017-01-03,7,16:50:00,Tuesday,Finch,Mechanical,8.0,17.0,N,9003.0
2017-01-03,57,17:12:00,Tuesday,Midland SRT and Midland,Investigation,9.0,18.0,N,7780.0
2017-01-03,102,17:25:00,Tuesday,Warden Station,Utilized Off Route,10.0,20.0,EB,7757.0
2017-01-03,123,17:27:00,Tuesday,Kipling Stn,Mechanical,22.0,44.0,s/b,8075.0
2017-01-03,52,17:40:00,Tuesday,Lawrence and Weston,Utilized Off Route,3.0,6.0,E,1349.0
2017-01-03,171,17:40:00,Tuesday,Mt. Dennis division,Mechanical,20.0,40.0,W,1408.0
2017-01-03,191,18:24:00,Tuesday,Finch and Westmore,Diversion,6.0,12.0,E/b,8534.0
2017-01-03,36,18:28:00,Tuesday,Westmore and Finch,Diversion,20.0,26.0,EB,9106.0
2017-01-03,12,18:30:00,Tuesday,Victoria Park Stn,Investigation,19.0,39.0,E,7878.0
2017-01-03,131,18:47:00,Tuesday,Scarborough Town Center,Mechanical,9.0,18.0,S/B,1288.0
2017-01-03,32,19:02:00,Tuesday,Eglinton Ave W at Martingrove Ave,Mechanical,9.0,18.0,E,1549.0
2017-01-03,165,19:05:00,Tuesday,barmac at steeles,Mechanical,20.0,30.0,s,1274.0
2017-01-03,134,19:15:00,Tuesday,McNicol/Ironside,Mechanical,20.0,40.0,WB,1131.0
2017-01-03,24,19:15:00,Tuesday,Navaho and Victoria Park,Investigation,8.0,16.0,SB,7847.0
2017-01-03,131,19:17:00,Tuesday,Blackwell and Tapscott,Investigation,11.0,23.0,E,1085.0
2017-01-03,72,19:23:00,Tuesday,Yonge and Wellington,Mechanical,18.0,36.0,5,8145.0
2017-01-03,17,19:44:00,Tuesday,Birchmount Rd and Glendower Circle,Diversion,38.0,50.0,NB,8151.0
2017-01-03,25,19:49:00,Tuesday,Pape Station,Mechanical,7.0,14.0,SB,7513.0
2017-01-03,25,20:15:00,Tuesday,Thorncliffe Park and Overlea Blvd,Diversion,7.0,59.0,WB,
2017-01-03,185,20:15:00,Tuesday,Thorncliffe Park and Overlea,Diversion,7.0,59.0,WB,
2017-01-03,25,20:15:00,Tuesday,Thorncliffe Park and Overlea Blvd,Diversion,7.0,14.0,WB,7456.0
2017-01-03,81,20:20:00,Tuesday,Thorncliffe Par West and Overlea,Diversion,50.0,60.0,S,7852.0
2017-01-03,100,20:30:00,Tuesday,Overlea & Thorncliff Pk W,Diversion,8.0,16.0,dn,7499.0
2017-01-03,6,20:32:00,Tuesday,Bay and Queens Quay,Mechanical,15.0,30.0,N/B,1040.0
2017-01-03,88,20:35:00,Tuesday,Overlea Blvd and Thornclffe Dr.,Diversion,26.0,36.0,W,8373.0
2017-01-03,165,20:38:00,Tuesday,YKMS - York,Mechanical,10.0,20.0,W,1324.0
2017-01-03,32,20:43:00,Tuesday,Eglinton,Mechanical,9.0,19.0,E/B,1643.0
2017-01-03,21,20:45:00,Tuesday,Kennedy Station,Emergency Services,11.0,22.0,EB,8120.0
2017-01-03,52,20:46:00,Tuesday,Scarlett and Lawrence,Investigation,12.0,24.0,EB,1501.0
2017-01-03,79,20:53:00,Tuesday,Scarlett and Lawrence,Diversion,43.0,14.0,NB,1538.0
2017-01-03,52,20:53:00,Tuesday,Scarlett and Lawrence,Diversion,43.0,24.0,EB,1515.0
2017-01-03,42,21:29:00,Tuesday,Finch station,Mechanical,1.0,1.0,W,8300.0
2017-01-03,29,22:10:00,Tuesday,Dufferin at Shanley,Mechanical,6.0,12.0,NB,9025.0
2017-01-03,41,22:17:00,Tuesday,Keele and Patroila,Mechanical,18.0,36.0,S/B,9141.0
2017-01-03,52,22:53:00,Tuesday,Lawrence and Avenue Rd.,Mechanical,18.0,36.0,W/B,1585.0
2017-01-03,79,23:17:00,Tuesday,Runnymede and St. Clair Ave,Emergency Services,30.0,60.0,S/B,1537.0
2017-01-03,95,23:54:00,Tuesday,ELLESMERE AND PHARMACY,Mechanical,10.0,20.0,W,1711.0
2017-01-04,68,00:41:00,Wednesday,WLAS,Mechanical,15.0,30.0,S,7690.0
2017-01-04,192,00:41:00,Wednesday,427NORTH,Mechanical,10.0,20.0,n/b,8007.0
2017-01-04,335,01:21:00,Wednesday,York University - COMM,Mechanical,20.0,20.0,S,8531.0
2017-01-04,335,02:40:00,Wednesday,Jane & Finch,Mechanical,15.0,45.0,N,8531.0
2017-01-04,300,03:03:00,Wednesday,Bloor and High Park,Emergency Services,20.0,40.0,W,7752.0
2017-01-04,320,03:30:00,Wednesday,Yonge & Churchill,Mechanical,4.0,8.0,S,8350.0
2017-01-04,320,03:40:00,Wednesday,Yonge & Sheppard,Utilized Off Route,4.0,8.0,S,1606.0
2017-01-04,325,03:57:00,Wednesday,FMDM,Mechanical,30.0,60.0,S,7635.0
2017-01-04,332,04:05:00,Wednesday,Dixon & carlingview,Mechanical,10.0,40.0,E,1663.0
2017-01-04,353,04:14:00,Wednesday,Steeles and Dumont,Investigation,30.0,60.0,E,1222.0
2017-01-04,300,04:25:00,Wednesday,Danforth and Pape,Utilized Off Route,20.0,40.0,E,7665.0
2017-01-04,300,04:30:00,Wednesday,DDAN,Investigation,30.0,60.0,W,7470.0
2017-01-04,320,04:35:00,Wednesday,Bay & front,Diversion,93.0,101.0,S,
2017-01-04,25,04:55:00,Wednesday,Pape station,Late Leaving Garage,25.0,40.0,n,7698.0
2017-01-04,60,05:02:00,Wednesday,SIGT,Late Leaving Garage,10.0,20.0,E,1313.0
2017-01-04,11,05:15:00,Wednesday,Davisville stn,Mechanical,25.0,1.0,N,1808.0
2017-01-04,35,05:22:00,Wednesday,HULLMAR,Late Leaving Garage,7.0,14.0,N,1237.0
2017-01-04,131,05:29:00,Wednesday,Morningview Trail and Morningside,Late Leaving Garage,10.0,23.0,n,1756.0
2017-01-04,95,05:33:00,Wednesday,ELRT,Late Leaving Garage,7.0,7.0,WB,8395.0
2017-01-04,129,05:40:00,Wednesday,MMRC,Late Leaving Garage,15.0,31.0,SB,9089.0
2017-01-04,53,05:41:00,Wednesday,Morningside & Staines,Late Leaving Garage,13.0,27.0,W,9066.0
2017-01-04,185,05:42:00,Wednesday,FreshMeadow,Late Leaving Garage,1.0,1.0,n,7556.0
2017-01-04,52,05:44:00,Wednesday,Lawrence stn,Late Leaving Garage,13.0,26.0,w,1565.0
2017-01-04,195,05:49:00,Wednesday,JSTE,Late Leaving Garage,1.0,0.0,S,1205.0
2017-01-04,41,05:58:00,Wednesday,Petrolia,Late Leaving Garage,11.0,22.0,s,9143.0
2017-01-04,186,05:58:00,Wednesday,Humber College Loop,Late Leaving Garage,1.0,10.0,E,8542.0
2017-01-04,320,06:00:00,Wednesday,Yonge and Queens Quay,Mechanical,8.0,0.0,N/B,1821.0
2017-01-04,24,06:00:00,Wednesday,Victoria Park Stn,Late Leaving Garage,17.0,34.0,N,7773.0
2017-01-04,85,06:01:00,Wednesday,Don Mills Station,Late Leaving Garage,8.0,25.0,e,9088.0
2017-01-04,32,06:01:00,Wednesday,Keele & Eglinton,Late Leaving Garage,6.0,12.0,e/b,1034.0
2017-01-04,7,06:02:00,Wednesday,Bathurst and Wilson,Late Leaving Garage,10.0,30.0,s/b,9010.0
2017-01-04,41,06:02:00,Wednesday,Keele stn,Late Leaving Garage,11.0,22.0,n,9141.0
2017-01-04,60,06:07:00,Wednesday,SIGT,Late Leaving Garage,2.0,12.0,E,8470.0
2017-01-04,100,06:08:00,Wednesday,Eglinton Don Mills,Mechanical,4.0,8.0,sb,7485.0
2017-01-04,199,06:11:00,Wednesday,Morninside & Nightstar,Mechanical,9.0,18.0,W,1142.0
2017-01-04,106,06:20:00,Wednesday,Downsview station,Late Leaving Garage,7.0,14.0,w/b,8452.0
2017-01-04,90,06:24:00,Wednesday,St.Clair west sn,Late Leaving Garage,4.0,8.0,n/b,1672.0
2017-01-04,52,06:25:00,Wednesday,Royal york and Dixon,Late Leaving Garage,3.0,6.0,s,1004.0
2017-01-04,29,06:29:00,Wednesday,Princes gates,Mechanical,9.0,18.0,n,9048.0
2017-01-04,36,06:31:00,Wednesday,Humberwood Loop,Late Leaving Garage,6.0,11.0,E/B,1239.0
2017-01-04,5,06:36:00,Wednesday,Eglinton station,Mechanical,12.0,24.0,s,1826.0
2017-01-04,52,06:40:00,Wednesday,Keele and Lawrence,Mechanical,14.0,27.0,w,1589.0
2017-01-04,129,06:41:00,Wednesday,Castlemore and The Bridle Walk,Mechanical,15.0,29.0,S/B,1251.0
2017-01-04,108,06:42:00,Wednesday,Downsview station,Late Leaving Garage,13.0,26.0,w/b,8579.0
2017-01-04,29,06:42:00,Wednesday,Princes Gates,Mechanical,9.0,18.0,N,9022.0
2017-01-04,89,06:42:00,Wednesday,Keele Station,Late Leaving Garage,4.0,9.0,N/B,1563.0
2017-01-04,36,06:43:00,Wednesday,Finch Station,Late Leaving Garage,5.0,11.0,W/B,9117.0
2017-01-04,63,06:44:00,Wednesday,Eglinton West stn,Late Leaving Garage,4.0,8.0,s/b,1624.0
2017-01-04,89,06:45:00,Wednesday,Albion and Weston,Late Leaving Garage,5.0,10.0,S/B,1003.0
2017-01-04,79,06:45:00,Wednesday,Weston Rd and Lawrence,Investigation,10.0,20.0,n,1551.0
2017-01-04,199,06:48:00,Wednesday,STC,Late Leaving Garage,4.0,8.0,W,1130.0
2017-01-04,70,06:50:00,Wednesday,Danforth and Coxwell,Late Leaving Garage,8.0,16.0,s,687.0
2017-01-04,199,06:56:00,Wednesday,Morningside & Nightstar,Mechanical,9.0,18.0,W,1248.0
2017-01-04,118,07:07:00,Wednesday,Wilson and Julian,Mechanical,20.0,40.0,E,8576.0
2017-01-04,71,07:07:00,Wednesday,Runnymede stn,Mechanical,19.0,38.0,n/b,1389.0
2017-01-04,107,07:10:00,Wednesday,Rutherford Go Stn.,Mechanical,9.0,20.0,S/B,8195.0
2017-01-04,199,07:12:00,Wednesday,STC,Mechanical,4.0,8.0,W,1282.0
2017-01-04,26,07:15:00,Wednesday,St. George Station,Mechanical,14.0,29.0,W/B,1200.0
2017-01-04,32,07:16:00,Wednesday,Pine & Lawrence,Utilized Off Route,5.0,11.0,s/b,1412.0
2017-01-04,132,07:16:00,Wednesday,Breckon Gate and Sheppard,Mechanical,17.0,33.0,n,1081.0
2017-01-04,133,07:21:00,Wednesday,Berner Trail,Mechanical,10.0,20.0,SB,1146.0
2017-01-04,51,07:25:00,Wednesday,Leslie and Old Cummer,Investigation,16.0,32.0,SB,1375.0
2017-01-04,10,07:30:00,Wednesday,Donmills Stn.,Mechanical,15.0,30.0,W/B,8348.0
2017-01-04,186,07:30:00,Wednesday,Wilson Stn.,Utilized Off Route,10.0,19.0,W,8438.0
2017-01-04,134,07:45:00,Wednesday,Scarborough Town Centre,Utilized Off Route,6.0,12.0,e,1228.0
2017-01-04,54,08:00:00,Wednesday,Eglinton station,Mechanical,1.0,1.0,EB,7593.0
2017-01-04,759,08:13:00,Wednesday,St.Cliar & Weston,Utilized Off Route,1.0,1.0,s/b,1663.0
2017-01-04,100,08:32:00,Wednesday,Broadview STN,Mechanical,4.0,8.0,N,7423.0
2017-01-04,709,08:42:00,Wednesday,Eglinton West stn,Utilized Off Route,1.0,1.0,w/b,1378.0
2017-01-04,709,08:44:00,Wednesday,Trethewey & Black Creek,Utilized Off Route,1.0,1.0,s/b,1537.0
2017-01-04,143,08:45:00,Wednesday,Neville Loop,Mechanical,15.0,30.0,WB,8164.0
2017-01-04,188,08:45:00,Wednesday,Colonel Samuel Smith Loop,Utilized Off Route,10.0,20.0,N,8045.0
2017-01-04,76,08:50:00,Wednesday,Royal York stn,Utilized Off Route,6.0,12.0,n/b,8077.0
2017-01-04,12,08:53:00,Wednesday,Victoria Park Station,Utilized Off Route,21.0,42.0,EB,7803.0
2017-01-04,47,08:55:00,Wednesday,Lansdown and Queen,Mechanical,18.0,18.0,S/B,1422.0
2017-01-04,165,08:57:00,Wednesday,Wilson and Wendall,Investigation,6.0,12.0,E,8567.0
2017-01-04,54,10:25:00,Wednesday,Lawrence rt,Mechanical,6.0,12.0,eb,7613.0
2017-01-04,107,11:00:00,Wednesday,Keele and Finch,Diversion,37.0,70.0,bw,8381.0
2017-01-04,41,11:00:00,Wednesday,Keele Between Toro and Finch,Diversion,39.0,30.0,bw,1029.0
2017-01-04,32,11:47:00,Wednesday,Jane & Eglinton,Mechanical,10.0,20.0,e/b,1325.0
2017-01-04,32,11:48:00,Wednesday,Locksley & Eglinton,Investigation,10.0,20.0,w/b,1577.0
2017-01-04,43,11:51:00,Wednesday,Kennedy Station,Mechanical,10.0,20.0,NB,7682.0
2017-01-04,6,12:00:00,Wednesday,Bay and Bloor,Mechanical,10.0,20.0,S/B,1643.0
2017-01-04,53,12:30:00,Wednesday,Finch Station,Mechanical,5.0,10.0,EB,1722.0
2017-01-04,53,12:35:00,Wednesday,Finch Station,Mechanical,5.0,10.0,EB,1722.0
2017-01-04,89,12:38:00,Wednesday,Keele Station,Mechanical,10.0,20.0,nb,1003.0
2017-01-04,53,13:00:00,Wednesday,Steeles/Woodbine,Mechanical,5.0,10.0,WB,1096.0
2017-01-04,192,13:04:00,Wednesday,Kipling Station,Mechanical,10.0,20.0,N,8006.0
2017-01-04,67,13:06:00,Wednesday,Pharmacy and Dewey,Investigation,15.0,30.0,N,7412.0
2017-01-04,24,13:10:00,Wednesday,Victoria Park Stn,Mechanical,10.0,20.0,N,8132.0
2017-01-04,192,13:34:00,Wednesday,Kipling Station,Mechanical,10.0,20.0,N,8002.0
2017-01-04,21,13:35:00,Wednesday,Brimley and Ellesemere,Mechanical,20.0,40.0,S,8157.0
2017-01-04,47,13:51:00,Wednesday,Davenport on Lansdowne,Investigation,15.0,30.0,SB,1042.0
2017-01-04,57,13:59:00,Wednesday,Kennedy Stn,Utilized Off Route,12.0,24.0,N,7782.0
2017-01-04,95,14:04:00,Wednesday,Markham,Mechanical,15.0,30.0,EB,1079.0
2017-01-04,129,14:17:00,Wednesday,SLMC,Late Leaving Garage,13.0,23.0,NB,1764.0
2017-01-04,52,14:20:00,Wednesday,Airport T3,Mechanical,14.0,28.0,E,1547.0
2017-01-04,7,14:26:00,Wednesday,Steeles,Mechanical,10.0,19.0,S,9021.0
2017-01-04,196,14:27:00,Wednesday,Downsview Station,Utilized Off Route,2.0,5.0,nb,8386.0
2017-01-04,104,14:27:00,Wednesday,Downsview Station,Mechanical,18.0,36.0,sb,8345.0
2017-01-04,84,14:30:00,Wednesday,Sheppard,Late Leaving Garage,6.0,11.0,W,8492.0
2017-01-04,6,14:35:00,Wednesday,Ray near Weston Road,Mechanical,11.0,22.0,SB,1359.0
2017-01-04,79,14:38:00,Wednesday,Pine and Lawrence,Mechanical,8.0,15.0,S,1345.0
2017-01-04,34,14:44:00,Wednesday,Mt Pleasant,Mechanical,5.0,9.0,w,7411.0
2017-01-04,199,14:46:00,Wednesday,Malvern Garage,Late Leaving Garage,10.0,12.0,WB,1321.0
2017-01-04,191,14:52:00,Wednesday,Martin Grove and Royalcrest,Utilized Off Route,6.0,12.0,S/b,8452.0
2017-01-04,87,14:53:00,Wednesday,Main Stn,Mechanical,5.0,10.0,WB,7840.0
2017-01-04,199,14:55:00,Wednesday,Malvern Garage,Late Leaving Garage,10.0,22.0,WB,1788.0
2017-01-04,23,14:56:00,Wednesday,Main Stn,Mechanical,7.0,14.0,NB,8109.0
2017-01-04,11,15:00:00,Wednesday,Bayview and Finch,Mechanical,12.0,24.0,s,8191.0
2017-01-04,92,15:00:00,Wednesday,Woodbine Stn,Mechanical,9.0,18.0,SB,8169.0
2017-01-04,190,15:01:00,Wednesday,STC,Mechanical,5.0,10.0,WB,7636.0
2017-01-04,68,15:03:00,Wednesday,Warden Station,Late Leaving Garage,10.0,20.0,NB,7542.0
2017-01-04,39,15:15:00,Wednesday,Old Finch and Morningview Trail,Mechanical,18.0,36.0,WB,1279.0
2017-01-04,89,15:17:00,Wednesday,Keele and Dudnas,Investigation,7.0,14.0,SB,1390.0
2017-01-04,110,15:21:00,Wednesday,"On Islington, at Evans",Investigation,30.0,60.0,N,7938.0
2017-01-04,196,15:23:00,Wednesday,York U Commons,Mechanical,2.0,5.0,sb,8313.0
2017-01-04,131,15:23:00,Wednesday,Scarborough Town Centre,Late Leaving Garage,4.0,8.0,S,1110.0
2017-01-04,53,15:28:00,Wednesday,Markham/Passmore,Late Leaving Garage,1.0,2.0,WB,9081.0
2017-01-04,24,15:43:00,Wednesday,Victoria Park Station,Late Leaving Garage,17.0,34.0,NB,8140.0
2017-01-04,43,15:45:00,Wednesday,Midland and Steeles,Mechanical,10.0,30.0,SB,7496.0
2017-01-04,41,15:50:00,Wednesday,Keele and Ingram,Mechanical,19.0,1.0,NB,9139.0
2017-01-04,90,16:00:00,Wednesday,Kenwood,Mechanical,6.0,12.0,S,1385.0
2017-01-04,41,16:04:00,Wednesday,Keele and Falstaff,Investigation,10.0,20.0,NB,9143.0
2017-01-04,102,16:05:00,Wednesday,Warden Station,Mechanical,10.0,20.0,EB,7749.0
2017-01-04,125,16:15:00,Wednesday,Finch Station,Mechanical,10.0,20.0,n,8352.0
2017-01-04,24,16:17:00,Wednesday,Steeles and Victoria Park,Utilized Off Route,8.0,16.0,SB,7843.0
2017-01-04,91,16:20:00,Wednesday,York Mills and Vally Wood,Mechanical,14.0,28.0,SB,8166.0
2017-01-04,108,16:25:00,Wednesday,Sheppard and Allen rd.,Mechanical,9.0,18.0,W/b,8446.0
2017-01-04,51,16:29:00,Wednesday,Steeles and Leslie,Mechanical,17.0,35.0,s,8177.0
2017-01-04,44,16:30:00,Wednesday,ALBANS AND KIPLING,Emergency Services,8.0,16.0,s/b,7933.0
2017-01-04,10,16:30:00,Wednesday,Don Mills Station,Mechanical,10.0,25.0,eb,1814.0
2017-01-04,86,16:32:00,Wednesday,Military Trail & Kingston,Mechanical,10.0,20.0,sb,7422.0
2017-01-04,199,16:32:00,Wednesday,DonMills Rd,Investigation,12.0,24.0,EB,1401.0
2017-01-04,192,16:36:00,Wednesday,TERMINAL 3,Investigation,9.0,18.0,w/b,8007.0
2017-01-04,188,16:40:00,Wednesday,ALBANS AND KIPLING,Emergency Services,10.0,20.0,s/b,8031.0
2017-01-04,66,16:41:00,Wednesday,Parklawn and Lakeshore,Mechanical,15.0,30.0,s/b,8014.0
2017-01-04,109,17:02:00,Wednesday,Eglinton West station,Mechanical,15.0,30.0,N,8195.0
2017-01-04,54,17:07:00,Wednesday,Lawrance and McCowan,Mechanical,10.0,20.0,EB,7498.0
2017-01-04,71,17:15:00,Wednesday,Dundas St at Runnymede,Diversion,10.0,20.0,S,
2017-01-04,504,17:20:00,Wednesday,Eglinton yard,Late Leaving Garage,1.0,1.0,e,7520.0
2017-01-04,79,17:20:00,Wednesday,Dundas and Runnymede,Diversion,14.0,28.0,SB,
2017-01-04,87,17:22:00,Wednesday,Main Station,Utilized Off Route,6.0,11.0,NB,7742.0
2017-01-04,89,17:50:00,Wednesday,Lawrence and John,Diversion,70.0,60.0,SB,1576.0
2017-01-04,59,18:03:00,Wednesday,Oak and Weston Rd,Mechanical,13.0,26.0,E,8488.0
2017-01-04,86,18:08:00,Wednesday,Brimley & Eglinton,Investigation,6.0,20.0,eb,7665.0
2017-01-04,188,18:30:00,Wednesday,ALBANS AND KIPLING,Emergency Services,10.0,20.0,s/b,8045.0
2017-01-04,199,18:30:00,Wednesday,Leslie St,Mechanical,12.0,24.0,WB,1130.0
2017-01-04,39,18:31:00,Wednesday,Finch Station,Utilized Off Route,12.0,24.0,EB,1141.0
2017-01-04,54,18:53:00,Wednesday,Eglinton station,Mechanical,11.0,22.0,EB,7402.0
2017-01-04,16,18:59:00,Wednesday,Warden Station,Mechanical,11.0,22.0,EB,7873.0
2017-01-04,74,19:07:00,Wednesday,Doncliffe,Mechanical,18.0,36.0,s,1714.0
2017-01-04,60,19:14:00,Wednesday,Finch Station,Mechanical,8.0,16.0,W,8470.0
2017-01-04,133,19:20:00,Wednesday,Morningside and Staines,Mechanical,10.0,20.0,S/B,1734.0
2017-01-04,7,19:29:00,Wednesday,Bathurst and Steeles,Investigation,10.0,18.0,E,9048.0
2017-01-04,95,19:47:00,Wednesday,Birchmount and Ellesmere,Mechanical,7.0,14.0,W,1097.0
2017-01-04,89,19:55:00,Wednesday,Keele station,Mechanical,10.0,20.0,NB,1621.0
2017-01-04,96,20:00:00,Wednesday,Wilson Ave / Keele St,Mechanical,10.0,20.0,E,8463.0
2017-01-04,116,20:20:00,Wednesday,Kennedy station,Mechanical,10.0,20.0,eb,7462.0
2017-01-04,36,20:21:00,Wednesday,Topcliff and Finch,Investigation,7.0,14.0,W,9109.0
2017-01-04,74,20:23:00,Wednesday,Doncliffe Loop,Mechanical,20.0,40.0,s,1550.0
2017-01-04,102,20:25:00,Wednesday,Kingston Rd and Bellamy Road South,Mechanical,10.0,20.0,EB,8112.0
2017-01-04,32,21:00:00,Wednesday,Eglinton and Commerce,Mechanical,6.0,9.0,EB,1609.0
2017-01-04,86,21:20:00,Wednesday,KENN,Investigation,10.0,20.0,E,7604.0
2017-01-04,39,21:21:00,Wednesday,Neilson and Crow Trail,Mechanical,15.0,21.0,W/B,1207.0
2017-01-04,85,21:29:00,Wednesday,sheppard and Brimley,Mechanical,16.0,32.0,W,9066.0
2017-01-04,92,22:28:00,Wednesday,Woodbine Ave. and Eastwood Rd. (Gerrard),Mechanical,12.0,29.0,SB,7862.0
2017-01-04,91,22:35:00,Wednesday,Woodbine Station,Mechanical,30.0,60.0,NB,7702.0
2017-01-04,87,22:45:00,Wednesday,Main Station,Utilized Off Route,10.0,20.0,NB,8130.0
2017-01-04,66,22:45:00,Wednesday,OLD MILL STN,Mechanical,30.0,60.0,S/B,8097.0
2017-01-04,54,22:50:00,Wednesday,LAWA,Mechanical,12.0,25.0,W,7631.0
2017-01-04,126,23:10:00,Wednesday,Christie and Yormouth Garden,Mechanical,30.0,60.0,N/B,1557.0
2017-01-04,63,23:15:00,Wednesday,Ossington Station,Utilized Off Route,10.0,20.0,N/B,1656.0
2017-01-04,87,23:30:00,Wednesday,Danforth Ave and Victoria Park Ave,Utilized Off Route,10.0,20.0,WB,7752.0
2017-01-04,24,23:35:00,Wednesday,Victoria Park Station,Utilized Off Route,10.0,20.0,NB,8165.0
2017-01-04,54,23:40:00,Wednesday,Lawrence and Greenholme,Mechanical,14.0,32.0,W,7482.0
2017-01-05,85,00:23:00,Thursday,Sheppard and Markham,Diversion,25.0,45.0,E,9066.0
2017-01-05,24,01:05:00,Thursday,Victoria Park Station,Utilized Off Route,10.0,30.0,NB,8154.0
2017-01-05,87,01:15:00,Thursday,Main Station,Utilized Off Route,10.0,27.0,NB,7752.0
2017-01-05,322,03:37:00,Thursday,Coxwell and Gerrard,Emergency Services,30.0,60.0,S,8168.0
2017-01-05,300,03:50:00,Thursday,Bloor and Bathurst,Utilized Off Route,20.0,40.0,E,7873.0
2017-01-05,300,04:08:00,Thursday,DDAN,Mechanical,10.0,30.0,W,8014.0
2017-01-05,300,04:14:00,Thursday,KENN,Investigation,10.0,30.0,W,7639.0
2017-01-05,320,04:40:00,Thursday,Yonge & York Mills,Mechanical,0.0,0.0,S,8382.0
2017-01-05,63,04:51:00,Thursday,Eglinton West stn,Late Leaving Garage,13.0,13.0,s/b,1515.0
2017-01-05,34,04:53:00,Thursday,Eglinton station,Late Leaving Garage,10.0,15.0,w,7400.0
2017-01-05,36,04:56:00,Thursday,Finch and Arrow,Late Leaving Garage,1.0,13.0,E,9104.0
2017-01-05,87,05:10:00,Thursday,Broadview Stn,Late Leaving Garage,5.0,10.0,E,8110.0
2017-01-05,102,05:12:00,Thursday,Warden Station,Late Leaving Garage,20.0,40.0,NB,8138.0
2017-01-05,87,05:12:00,Thursday,Main Stn,Late Leaving Garage,5.0,10.0,W,8122.0
2017-01-05,116,05:24:00,Thursday,Eglinton Yard,Late Leaving Garage,1.0,1.0,OB,7604.0
2017-01-05,87,05:25:00,Thursday,Broadview Stn,Late Leaving Garage,5.0,10.0,E,7723.0
2017-01-05,31,05:25:00,Thursday,Greenwood Stn,Mechanical,20.0,40.0,S,8166.0
2017-01-05,52,05:25:00,Thursday,Weston Rd and Lawrence,Late Leaving Garage,10.0,38.0,e,1513.0
2017-01-05,87,05:30:00,Thursday,Broadview Stn,Utilized Off Route,5.0,10.0,E,8147.0
2017-01-05,32,05:35:00,Thursday,Pine & Lawrence,Late Leaving Garage,10.0,10.0,s/b,1657.0
2017-01-05,25,05:38:00,Thursday,Pape station,Late Leaving Garage,9.0,18.0,n,7664.0
2017-01-05,100,05:38:00,Thursday,broadview station,Late Leaving Garage,16.0,24.0,n,7440.0
2017-01-05,131,05:46:00,Thursday,Morningview Tr-Old Finch,Late Leaving Garage,7.0,14.0,eb,1782.0
2017-01-05,34,05:52:00,Thursday,Eglinton Yard,Late Leaving Garage,1.0,1.0,W,7451.0
2017-01-05,100,05:55:00,Thursday,Eglinton yard,Mechanical,1.0,1.0,ob,7428.0
2017-01-05,199,05:57:00,Thursday,STC,Late Leaving Garage,5.0,5.0,W,1127.0
2017-01-05,125,05:57:00,Thursday,Bathurst and Antibes,Mechanical,18.0,33.0,w,8312.0
2017-01-05,85,06:01:00,Thursday,Don Mills Station,Mechanical,14.0,31.0,e,9078.0
2017-01-05,100,06:03:00,Thursday,DonMills/Eglinton,Late Leaving Garage,6.0,10.0,n,7690.0
2017-01-05,7,06:12:00,Thursday,Bathurst and Wilson,Late Leaving Garage,8.0,18.0,s/b,9026.0
2017-01-05,85,06:14:00,Thursday,Meadowvale Loop,Late Leaving Garage,7.0,21.0,w,9076.0
2017-01-05,32,06:17:00,Thursday,Eglinton stn,Mechanical,5.0,11.0,w/b,1609.0
2017-01-05,41,06:17:00,Thursday,Mount Dennis to Keele Station,Late Leaving Garage,13.0,26.0,nb,9136.0
2017-01-05,42,06:17:00,Thursday,Kennedy Loop,Mechanical,24.0,34.0,w,1802.0
2017-01-05,84,06:18:00,Thursday,Sheppard station,Late Leaving Garage,17.0,34.0,w/b,8576.0
2017-01-05,107,06:20:00,Thursday,Wilson and Transit Rd.,Mechanical,0.0,0.0,N/B,8300.0
2017-01-05,85,06:20:00,Thursday,Rouge Hill Go Station,Late Leaving Garage,5.0,19.0,w,9058.0
2017-01-05,190,06:24:00,Thursday,Don Mills stn,Late Leaving Garage,1.0,1.0,n,7431.0
2017-01-05,5,06:24:00,Thursday,Eglinton station,Mechanical,12.0,24.0,s,8341.0
2017-01-05,100,06:26:00,Thursday,Overlea blvd Millwood rd,Emergency Services,4.0,8.0,sb,7680.0
2017-01-05,85,06:27:00,Thursday,Meadowvale Loop,Late Leaving Garage,13.0,26.0,w,9092.0
2017-01-05,51,06:28:00,Thursday,Bayview loop,Mechanical,14.0,30.0,s/b,1669.0
2017-01-05,41,06:30:00,Thursday,Mount Dennis to Keele Station,Mechanical,14.0,28.0,nb,9143.0
2017-01-05,73,06:30:00,Thursday,Royal York Stn,Mechanical,15.0,30.0,n/b,7925.0
2017-01-05,117,06:30:00,Thursday,Downsview Stn.,Mechanical,17.0,30.0,n/b,8354.0
2017-01-05,118,06:30:00,Thursday,wilson Stn.,Late Leaving Garage,20.0,40.0,W,8531.0
2017-01-05,125,06:38:00,Thursday,Bathurst and Antibes,Mechanical,11.0,15.0,w,8343.0
2017-01-05,84,06:38:00,Thursday,Steeles and Ross Dean,Mechanical,17.0,34.0,w/b,8445.0
2017-01-05,196,06:38:00,Thursday,Commons,Utilized Off Route,5.0,10.0,E/B,8391.0
2017-01-05,11,06:39:00,Thursday,Sunnybrook Hospital,Late Leaving Garage,10.0,19.0,S,8313.0
2017-01-05,57,06:40:00,Thursday,Kennedy Station,Utilized Off Route,9.0,18.0,,7718.0
2017-01-05,60,06:40:00,Thursday,Signal Hill,Utilized Off Route,7.0,14.0,E,8455.0
2017-01-05,32,06:40:00,Thursday,Eglinton stn,Utilized Off Route,6.0,11.0,e/b,1063.0
2017-01-05,760,06:41:00,Thursday,Kennedy Stn,Utilized Off Route,1.0,1.0,EB,7568.0
2017-01-05,131,06:41:00,Thursday,STC,Utilized Off Route,7.0,15.0,SB,1758.0
2017-01-05,34,06:42:00,Thursday,Kennedy Stn,Utilized Off Route,1.0,1.0,EB,7645.0
2017-01-05,52,06:44:00,Thursday,Lawrence stn,Mechanical,10.0,27.0,w,1200.0
2017-01-05,186,06:44:00,Thursday,York Mills Stn.,Utilized Off Route,9.0,19.0,W,8514.0
2017-01-05,168,06:45:00,Thursday,Dundas W Stn,Utilized Off Route,6.0,12.0,n/b,8416.0
2017-01-05,47,06:45:00,Thursday,Lansdown and Bloor,Utilized Off Route,4.0,9.0,S/B,1348.0
2017-01-05,42,06:47:00,Thursday,Finch Stn,Utilized Off Route,6.0,12.0,n,8209.0
2017-01-05,87,06:47:00,Thursday,Main Station,Utilized Off Route,5.0,10.0,,7859.0
2017-01-05,85,06:48:00,Thursday,Don Mills Station,Utilized Off Route,13.0,26.0,e,9080.0
2017-01-05,199,06:48:00,Thursday,STC,Utilized Off Route,4.0,8.0,W,1101.0
2017-01-05,100,06:49:00,Thursday,Broadview and O'Connor,Diversion,4.0,89.0,B/W,
2017-01-05,73,06:50:00,Thursday,Islington Stn,Utilized Off Route,7.0,14.0,n/b,7949.0
2017-01-05,6,06:50:00,Thursday,Bay and Bloor,Utilized Off Route,8.0,16.0,S/B,1620.0
2017-01-05,102,06:50:00,Thursday,Warden Station,Utilized Off Route,20.0,40.0,,7775.0
2017-01-05,70,06:51:00,Thursday,Danforth and Coxwell,Late Leaving Garage,9.0,18.0,s,7404.0
2017-01-05,60,06:52:00,Thursday,York University Commons,Late Leaving Garage,8.0,16.0,E,1309.0
2017-01-05,45,06:52:00,Thursday,Steeles Loop,Mechanical,6.0,12.0,s/b,8033.0
2017-01-05,60,06:53:00,Thursday,York University Commons,Late Leaving Garage,7.0,14.0,E,8568.0
2017-01-05,51,06:53:00,Thursday,Eglinton stn,Late Leaving Garage,16.0,32.0,E,8394.0
2017-01-05,116,06:54:00,Thursday,Morningside and Nightstar,Mechanical,6.0,12.0,S,7412.0
2017-01-05,89,06:54:00,Thursday,Mount Dennis to Albion/Weston,Late Leaving Garage,5.0,10.0,sb,1637.0
2017-01-05,8,06:55:00,Thursday,Broadview and O'Connor,Diversion,85.0,115.0,W,8126.0
2017-01-05,20,06:56:00,Thursday,Main Stn,Mechanical,9.0,18.0,E,7861.0
2017-01-05,199,06:56:00,Thursday,STC,Late Leaving Garage,4.0,8.0,W,1721.0
2017-01-05,41,06:57:00,Thursday,Mount Dennis to Keele Station,Late Leaving Garage,14.0,28.0,nb,9144.0
2017-01-05,186,07:03:00,Thursday,York Mills Stn.,Utilized Off Route,9.0,19.0,W,8602.0
2017-01-05,196,07:04:00,Thursday,Commons,Utilized Off Route,4.0,8.0,E/B,8396.0
2017-01-05,26,07:18:00,Thursday,Jane Station,Mechanical,16.0,3.0,E/B,1568.0
2017-01-05,168,07:34:00,Thursday,Avon Loop,Mechanical,6.0,12.0,s/b,7910.0
2017-01-05,47,07:50:00,Thursday,Earlscourt Loop,Mechanical,4.0,9.0,S/B,1348.0
2017-01-05,29,07:55:00,Thursday,Dufferin and Ascot,Investigation,4.0,8.0,s,9014.0
2017-01-05,199,08:06:00,Thursday,Finch & Victoria Park,Mechanical,9.0,18.0,E,1117.0
2017-01-05,11,08:29:00,Thursday,Sunnybrook Hospital,Mechanical,9.0,17.0,S,1534.0
2017-01-05,48,08:45:00,Thursday,Royal York Stn,Mechanical,15.0,30.0,w/b,7948.0
2017-01-05,94,08:48:00,Thursday,Castle Frank Stn,Mechanical,14.0,28.0,W,7728.0
2017-01-05,36,09:00:00,Thursday,Finch and Sentinel,Mechanical,5.0,10.0,E/B,9128.0
2017-01-05,20,09:13:00,Thursday,Main Stn,Mechanical,18.0,28.0,E,7861.0
2017-01-05,34,09:17:00,Thursday,Kennedy STN,Mechanical,4.0,8.0,W,7652.0
2017-01-05,98,09:32:00,Thursday,"Sheppard, West of Bathurst",Investigation,1.0,1.0,w,8395.0
2017-01-05,28,09:44:00,Thursday,Davisville and Yonge,Mechanical,20.0,40.0,E,1362.0
2017-01-05,84,09:45:00,Thursday,Sheppard and Arrow,Utilized Off Route,0.0,0.0,e/b,1294.0
2017-01-05,20,09:48:00,Thursday,Kennedy Stn,Mechanical,18.0,36.0,W,8104.0
2017-01-05,86,09:54:00,Thursday,Eglinton and Mason,Mechanical,10.0,20.0,E,7588.0
2017-01-05,129,10:02:00,Thursday,McNicoll,Mechanical,7.0,14.0,SB,1266.0
2017-01-05,106,10:04:00,Thursday,DOWNSVIEW STATION,Investigation,10.0,20.0,w/b,8553.0
2017-01-05,24,10:20:00,Thursday,Victoria Park Station,Utilized Off Route,10.0,20.0,NB,7780.0
2017-01-05,85,10:21:00,Thursday,Sheppard and Amethyst,Mechanical,9.0,18.0,e,9100.0
2017-01-05,21,10:23:00,Thursday,Brimley / Sheppard,Mechanical,15.0,30.0,NB,7857.0
2017-01-05,105,10:31:00,Thursday,Gerry Fitzgerald/Dufferin,Diversion,300.0,330.0,n/b,1680.0
2017-01-05,133,10:47:00,Thursday,Markham,Investigation,10.0,20.0,EB,1126.0
2017-01-05,121,11:00:00,Thursday,Mill and Cherry,Mechanical,15.0,30.0,,8118.0
2017-01-05,53,11:03:00,Thursday,Passmore and Markham Rd,Mechanical,5.0,10.0,wb,1282.0
2017-01-05,37,11:10:00,Thursday,Islington Stn,Mechanical,18.0,36.0,n/b,8407.0
2017-01-05,32,11:30:00,Thursday,Municipal & Eglinton,Diversion,10.0,20.0,e/b,1662.0
2017-01-05,199,12:15:00,Thursday,Scarborough Town Center,Mechanical,9.0,18.0,W/B,1141.0
2017-01-05,24,12:20:00,Thursday,Victoria Park Station,Mechanical,10.0,20.0,NB,7748.0
2017-01-05,53,12:26:00,Thursday,Markham and Steeles,Mechanical,15.0,34.0,W/B,1785.0
2017-01-05,117,13:00:00,Thursday,Gerry Fitzgerald/Dufferin,General Delay,12.0,32.0,n/b,
2017-01-05,105,13:00:00,Thursday,Supertest to steeles,General Delay,14.0,29.0,n/b,
2017-01-05,63,13:06:00,Thursday,Eglinton West Stn.,Mechanical,5.0,11.0,SB,1413.0
2017-01-05,62,13:20:00,Thursday,Donlands and Mortimer,Diversion,22.0,44.0,,7805.0
2017-01-05,247,13:30:00,Thursday,Victoria Park Station,Mechanical,10.0,20.0,NB,7729.0
2017-01-05,53,13:58:00,Thursday,Markham/Passmore,Mechanical,10.0,20.0,WB,1089.0
2017-01-05,196,14:12:00,Thursday,Downsview stn,Utilized Off Route,3.0,13.0,w/b,8391.0
2017-01-05,54,14:14:00,Thursday,Lawrance and Warden,Investigation,11.0,22.0,WB,7406.0
2017-01-05,72,14:15:00,Thursday,Front and Bay,Investigation,16.0,32.0,N,7745.0
2017-01-05,64,14:30:00,Thursday,Main stn,Late Leaving Garage,8.0,16.0,N/B,8151.0
2017-01-05,191,14:42:00,Thursday,Royalcrest and hwy27,Utilized Off Route,6.0,12.0,S/b,8503.0
2017-01-05,41,14:43:00,Thursday,Keele and St Regis,Investigation,11.0,22.0,NB,9147.0
2017-01-05,73,14:49:00,Thursday,Royal York Station,Late Leaving Garage,30.0,60.0,N,8028.0
2017-01-05,35,14:50:00,Thursday,Jane and Shoreham Dr,Late Leaving Garage,7.0,23.0,N,1548.0
2017-01-05,56,15:10:00,Thursday,Laird & Lea,Investigation,12.0,24.0,SB,8370.0
2017-01-05,24,15:13:00,Thursday,Steeles ans Victoria park,Mechanical,13.0,26.0,SB,7735.0
2017-01-05,52,15:19:00,Thursday,Airport T3,Late Leaving Garage,10.0,17.0,E,1358.0
2017-01-05,42,15:24:00,Thursday,Finch Station,Late Leaving Garage,30.0,60.0,E,8213.0
2017-01-05,32,15:25:00,Thursday,Eglinton Ave W at Caledonia Ave,Investigation,8.0,16.0,E,1608.0
2017-01-05,121,15:30:00,Thursday,Fort York to Bay street,General Delay,1.0,1.0,W/B,
2017-01-05,60,15:30:00,Thursday,Finch Station,Late Leaving Garage,14.0,28.0,W,8581.0
2017-01-05,116,15:35:00,Thursday,Morrish Road and Ellesmere Road,Mechanical,22.0,44.0,E,7469.0
2017-01-05,49,15:43:00,Thursday,Kipling Station,Late Leaving Garage,8.0,18.0,W,8409.0
2017-01-05,24,15:48:00,Thursday,Victoria Park Station,Mechanical,8.0,16.0,NB,7862.0
2017-01-05,34,15:57:00,Thursday,Ionview Rd and Eglinton ave E,Mechanical,4.0,8.0,EB,7665.0
2017-01-05,32,15:57:00,Thursday,Eglinton Station,Late Leaving Garage,8.0,16.0,W,1568.0
2017-01-05,24,15:59:00,Thursday,Victoria Park Station,Mechanical,8.0,16.0,NB,7722.0
2017-01-05,54,16:13:00,Thursday,Lawrence RT,Mechanical,14.0,27.0,E,7413.0
2017-01-05,24,16:16:00,Thursday,Victoria Park Station,Utilized Off Route,8.0,16.0,NB,7726.0
2017-01-05,79,16:25:00,Thursday,Pine and Wright,Investigation,14.0,28.0,sb,1537.0
2017-01-05,57,16:27:00,Thursday,Kennedy Stn,Mechanical,9.0,18.0,N,7858.0
2017-01-05,168,16:30:00,Thursday,Bicknell &Rogers,Investigation,8.0,16.0,N,8047.0
2017-01-05,41,16:43:00,Thursday,Keele and Rustic,Investigation,14.0,28.0,SB,1020.0
2017-01-05,102,16:45:00,Thursday,Warden Station,Mechanical,10.0,20.0,EB,8110.0
2017-01-05,89,16:48:00,Thursday,Keele station,Utilized Off Route,7.0,14.0,NB,1210.0
2017-01-05,7,16:59:00,Thursday,Steeles,Mechanical,10.0,20.0,S,9014.0
2017-01-05,196,17:02:00,Thursday,Bus roadway/ keele,Mechanical,5.0,8.0,w,8300.0
2017-01-05,190,17:05:00,Thursday,Warden and Sheppard,Investigation,5.0,10.0,EB,7582.0
2017-01-05,165,17:08:00,Thursday,wilson / garratt,Mechanical,16.0,32.0,w,8576.0
2017-01-05,191,18:17:00,Thursday,Kipling Stn,Mechanical,6.0,12.0,N/b,8460.0
2017-01-05,64,18:30:00,Thursday,Main street,General Delay,1.0,1.0,B.W,
2017-01-05,53,18:48:00,Thursday,Markham/Steeles,Mechanical,6.0,12.0,WB,1143.0
2017-01-05,190,18:48:00,Thursday,STC,Mechanical,5.0,10.0,WB,7439.0
2017-01-05,90,19:10:00,Thursday,St.Clair west station,Investigation,8.0,16.0,E,8363.0
2017-01-05,94,19:50:00,Thursday,Harbord St and Brunswick,Mechanical,9.0,16.0,WB,7801.0
2017-01-05,87,19:55:00,Thursday,Main stn,Mechanical,10.0,20.0,n/b,7717.0
2017-01-05,54,20:01:00,Thursday,Brimorton and Scarborough Golf Club rd,Investigation,11.0,22.0,WB,7479.0
2017-01-05,32,20:35:00,Thursday,Eglinton and Ennerdale Rd.,Mechanical,10.0,20.0,W/B,1652.0
2017-01-05,95,21:15:00,Thursday,Yorkmills and York Ridge rd.,Mechanical,13.0,27.0,W,1142.0
2017-01-05,39,22:25:00,Thursday,Neilson and Crow Trail,Mechanical,9.0,18.0,W/B,1221.0
2017-01-05,52,22:57:00,Thursday,Lawrence West Station,Mechanical,11.0,19.0,E/B,1378.0
2017-01-05,65,23:00:00,Thursday,Front St East and Berkeley St,Investigation,15.0,30.0,NB,8134.0
2017-01-05,35,23:24:00,Thursday,Jane St. / Weston Road,Investigation,8.0,16.0,N,1309.0
2017-01-05,34,23:37:00,Thursday,Eglinton and Sloane,Investigation,10.0,20.0,W,7451.0
2017-01-05,22,23:42:00,Thursday,DCCO,Mechanical,10.0,20.0,S,7593.0
2017-01-05,39,23:51:00,Thursday,Finch Station,Investigation,9.0,18.0,E/B,1708.0
2017-01-05,60,23:51:00,Thursday,FSTN - Finch Station,Mechanical,18.0,36.0,W,8447.0
2017-01-05,94,23:53:00,Thursday,Ossington Station,Mechanical,10.0,20.0,SB,7756.0
2017-01-06,329,01:52:00,Friday,Dufferin and Dupont,Emergency Services,1.0,30.0,n,9027.0
2017-01-06,320,01:52:00,Friday,Yonge at Steeles,Utilized Off Route,3.0,7.0,s,8305.0
2017-01-06,320,03:00:00,Friday,Yonge and Lawrence,Utilized Off Route,3.0,7.0,n,1577.0
2017-01-06,32,03:48:00,Friday,Eglinton stn,Mechanical,9.0,17.0,w/b,1021.0
2017-01-06,32,03:48:00,Friday,Eglinton stn,Mechanical,9.0,17.0,w/b,1021.0
2017-01-06,25,04:31:00,Friday,Pape stn,Late Leaving Garage,1.0,1.0,n,7638.0
2017-01-06,89,04:45:00,Friday,Keele stn,Late Leaving Garage,30.0,60.0,n/b,1003.0
2017-01-06,116,04:50:00,Friday,Eglinton Yard,Late Leaving Garage,1.0,1.0,OB,7412.0
2017-01-06,77,05:00:00,Friday,Runnymede stn,Late Leaving Garage,10.0,25.0,s/b,1614.0
2017-01-06,87,05:10:00,Friday,Broadview Stn,Late Leaving Garage,5.0,10.0,E,7813.0
2017-01-06,47,05:12:00,Friday,Yorkdale,Late Leaving Garage,29.0,29.0,s/b,1358.0
2017-01-06,36,05:19:00,Friday,FARR,Late Leaving Garage,4.0,10.0,W,9112.0
2017-01-06,116,05:20:00,Friday,Eglinton Yard,Late Leaving Garage,1.0,1.0,OB,7570.0
2017-01-06,25,05:21:00,Friday,Eglinton yard,Late Leaving Garage,1.0,1.0,s,7596.0
2017-01-06,116,05:24:00,Friday,Morningside and Night Star,Late Leaving Garage,1.0,1.0,OB,7606.0
2017-01-06,161,05:28:00,Friday,Lambton & Jane,Late Leaving Garage,13.0,33.0,s/b,1586.0
2017-01-06,53,05:30:00,Friday,McCowan and Steeles,Mechanical,14.0,28.0,wb,9093.0
2017-01-06,131,05:33:00,Friday,MVOF,Late Leaving Garage,7.0,14.0,WB,1279.0
2017-01-06,34,05:37:00,Friday,Eglinton Yard,Mechanical,1.0,1.0,N,7633.0
2017-01-06,133,05:39:00,Friday,STC SRT Station,Late Leaving Garage,15.0,29.0,EB,1131.0
2017-01-06,85,05:40:00,Friday,Rouge Hill Go Station.,Late Leaving Garage,13.0,26.0,W,9094.0
2017-01-06,52,05:43:00,Friday,Law w stn,Late Leaving Garage,18.0,34.0,w,1630.0
2017-01-06,52,05:45:00,Friday,Royal York and Dixon,Late Leaving Garage,5.0,10.0,e,1542.0
2017-01-06,32,05:46:00,Friday,Skymark,Utilized Off Route,8.0,24.0,e/b,1020.0
2017-01-06,7,05:50:00,Friday,Bathurst St and Village Gate,Late Leaving Garage,9.0,18.0,,9018.0
2017-01-06,116,05:50:00,Friday,Kennedy Stn,Late Leaving Garage,10.0,20.0,OB,7615.0
2017-01-06,113,05:52:00,Friday,Main Stn,Late Leaving Garage,17.0,34.0,E,7778.0
2017-01-06,73,05:52:00,Friday,ROYAL YORK STN,Mechanical,15.0,30.0,n/b,8088.0
2017-01-06,199,05:57:00,Friday,Scarborough Town Centre,Late Leaving Garage,11.0,11.0,W/B,1260.0
2017-01-06,47,05:59:00,Friday,Yorkdale,Late Leaving Garage,18.0,36.0,s/b,1360.0
2017-01-06,12,06:03:00,Friday,Victoria Park / Kingston Rd,Mechanical,16.0,32.0,eb,7722.0
2017-01-06,68,06:03:00,Friday,WLAS,Mechanical,5.0,10.0,SB,7410.0
2017-01-06,32,06:06:00,Friday,Skymark,Utilized Off Route,6.0,12.0,e/b,1043.0
2017-01-06,7,06:06:00,Friday,Bathurst and Wilson,Late Leaving Garage,9.0,27.0,,9034.0
2017-01-06,86,06:08:00,Friday,Eglinton Yard,Late Leaving Garage,1.0,1.0,OB,7581.0
2017-01-06,185,06:10:00,Friday,Pape station,Late Leaving Garage,1.0,1.0,n,7655.0
2017-01-06,84,06:12:00,Friday,Downsview station,Mechanical,9.0,18.0,e/b,7940.0
2017-01-06,85,06:14:00,Friday,Medowvale Loop,Late Leaving Garage,14.0,27.0,W,9077.0
2017-01-06,185,06:15:00,Friday,Fresh meadow,Late Leaving Garage,1.0,1.0,n,7569.0
2017-01-06,8,06:15:00,Friday,Plains and Coxwell,Late Leaving Garage,4.0,4.0,W,7881.0
2017-01-06,43,06:15:00,Friday,Kennedy Station,Late Leaving Garage,10.0,15.0,NB,7653.0
2017-01-06,185,06:19:00,Friday,FreshMeadow,Late Leaving Garage,9.0,18.0,n,7482.0
2017-01-06,42,06:19:00,Friday,McNicoll & Victoria Park,Late Leaving Garage,13.0,25.0,W,8361.0
2017-01-06,79,06:25:00,Friday,Runnymede stn,Mechanical,10.0,20.0,n,1543.0
2017-01-06,68,06:25:00,Friday,WAST,Late Leaving Garage,5.0,10.0,NB,7692.0
2017-01-06,199,06:32:00,Friday,Scarborough Town Centre,Late Leaving Garage,4.0,8.0,W/B,1716.0
2017-01-06,11,06:39:00,Friday,Sunnybrook Hospital,Late Leaving Garage,10.0,19.0,S,8388.0
2017-01-06,41,06:44:00,Friday,Keele Station,Late Leaving Garage,13.0,27.0,N,1524.0
2017-01-06,191,06:49:00,Friday,Kipling station,Utilized Off Route,6.0,12.0,n/b,7976.0
2017-01-06,61,06:50:00,Friday,Eglinton Stn,Utilized Off Route,12.0,24.0,N,8353.0
2017-01-06,7,06:51:00,Friday,Bathurst Stn,Utilized Off Route,6.0,15.0,,9049.0
2017-01-06,45,06:52:00,Friday,KPSN,Utilized Off Route,7.0,13.0,N,7929.0
2017-01-06,6,06:52:00,Friday,Mount Dennnis,Utilized Off Route,4.0,8.0,S/B,1609.0
2017-01-06,75,06:54:00,Friday,Yonge and Lawrence,Utilized Off Route,20.0,20.0,,1579.0
2017-01-06,7,06:55:00,Friday,BriarHill and Bathurst,Mechanical,10.0,19.0,SB,9040.0
2017-01-06,186,06:55:00,Friday,Weston and Wilson,Utilized Off Route,10.0,20.0,E,8529.0
2017-01-06,199,06:56:00,Friday,Scarborough Town Centre,Late Leaving Garage,4.0,8.0,W/B,1118.0
2017-01-06,32,06:56:00,Friday,Skymark,Utilized Off Route,6.0,11.0,e/b,1607.0
2017-01-06,29,06:56:00,Friday,Princes gate,Utilized Off Route,8.0,16.0,n/b,9021.0
2017-01-06,37,06:56:00,Friday,Islington Stn,Utilized Off Route,14.0,21.0,n/b,7906.0
2017-01-06,195,06:56:00,Friday,JNST,Utilized Off Route,10.0,20.0,N,8566.0
2017-01-06,89,06:56:00,Friday,Keele station,Utilized Off Route,4.0,9.0,N,1003.0
2017-01-06,46,06:57:00,Friday,Kipling Station,Utilized Off Route,12.0,24.0,N/B,1285.0
2017-01-06,73,07:00:00,Friday,ROYAL YORK STN,Utilized Off Route,15.0,30.0,n/b,8050.0
2017-01-06,709,07:00:00,Friday,Mt.Dennis division,Utilized Off Route,1.0,1.0,s/b,1635.0
2017-01-06,759,07:00:00,Friday,Mt.Dennis division,Utilized Off Route,1.0,1.0,s/b,1505.0
2017-01-06,709,07:00:00,Friday,Mt Dennis division,Utilized Off Route,1.0,1.0,s/b,1007.0
2017-01-06,35,07:00:00,Friday,JNST,Utilized Off Route,7.0,14.0,N,8553.0
2017-01-06,34,07:01:00,Friday,Kennedy STN,Mechanical,4.0,8.0,W,7525.0
2017-01-06,124,07:02:00,Friday,Lawrence Station,Late Leaving Garage,7.0,13.0,E,1678.0
2017-01-06,196,07:02:00,Friday,Downsview Stn,Utilized Off Route,5.0,7.0,W/B,8325.0
2017-01-06,95,07:03:00,Friday,Scar Coll-Loop,Late Leaving Garage,10.0,20.0,EB,1402.0
2017-01-06,39,07:04:00,Friday,Finch Station,Utilized Off Route,20.0,38.0,E/B,1087.0
2017-01-06,165,07:04:00,Friday,Sheppard and Weston Rd.,Utilized Off Route,12.0,18.0,N,8501.0
2017-01-06,29,07:04:00,Friday,Dufferin and College,Utilized Off Route,5.0,9.0,N,8216.0
2017-01-06,45,07:05:00,Friday,KPSN,Utilized Off Route,5.0,10.0,N,8056.0
2017-01-06,24,07:15:00,Friday,Victoria Park and Steeles,Mechanical,9.0,18.0,S,7715.0
2017-01-06,53,07:28:00,Friday,Warden and Steeles,Mechanical,5.0,10.0,EB,9093.0
2017-01-06,79,07:30:00,Friday,Pine,Mechanical,10.0,20.0,s,1589.0
2017-01-06,89,07:33:00,Friday,Albion road and Weston road,Mechanical,5.0,10.0,S,1210.0
2017-01-06,52,07:35:00,Friday,Lawrence stn,Mechanical,6.0,18.0,w,1383.0
2017-01-06,32,07:40:00,Friday,Black Creek & Eglinton,Mechanical,6.0,12.0,w/b,1023.0
2017-01-06,36,07:56:00,Friday,Finch Station,Mechanical,22.0,43.0,N/B,9111.0
2017-01-06,185,08:00:00,Friday,Pape stn,Mechanical,7.0,14.0,n,7542.0
2017-01-06,144,08:05:00,Friday,Concorde Place,Mechanical,10.0,20.0,S,7693.0
2017-01-06,36,08:16:00,Friday,Finch and Arrow,Utilized Off Route,11.0,22.0,E/B,9120.0
2017-01-06,63,08:24:00,Friday,Oakwood Loop,Mechanical,4.0,7.0,S/B,1014.0
2017-01-06,86,08:26:00,Friday,Kingston Road and Guildwood,Investigation,5.0,10.0,E,7647.0
2017-01-06,53,08:35:00,Friday,Warden and Steeles,Mechanical,5.0,10.0,EB,1712.0
2017-01-06,60,08:37:00,Friday,York University Commons,Utilized Off Route,13.0,26.0,E,8511.0
2017-01-06,54,08:40:00,Friday,Lawrence RT,Mechanical,12.0,12.0,EB,7443.0
2017-01-06,108,08:43:00,Friday,Downsview Station,Utilized Off Route,13.0,25.0,N/B,8437.0
2017-01-06,122,08:53:00,Friday,York Mills stn,Mechanical,10.0,20.0,e/b,1829.0
2017-01-06,118,09:12:00,Friday,Wilson and Weston rd.,Mechanical,21.0,41.0,E,1320.0
2017-01-06,76,09:20:00,Friday,ROYAL YORK STN,Utilized Off Route,1.0,1.0,s/b,8403.0
2017-01-06,71,09:21:00,Friday,Runnymede station,Utilized Off Route,1.0,1.0,n/b,1583.0
2017-01-06,188,09:22:00,Friday,Col Sam Smith Loop,Utilized Off Route,10.0,20.0,N,8013.0
2017-01-06,36,09:22:00,Friday,Finch and Jane,Mechanical,6.0,11.0,E/B,9115.0
2017-01-06,759,09:22:00,Friday,Trethwey and Black Creek,Utilized Off Route,1.0,1.0,E,1518.0
2017-01-06,69,09:23:00,Friday,Warden Station,Mechanical,11.0,22.0,SB,8132.0
2017-01-06,36,09:34:00,Friday,Sentinel and Finch,Utilized Off Route,1.0,5.0,E/B,1232.0
2017-01-06,35,09:40:00,Friday,Jane and Steeles,Utilized Off Route,0.0,0.0,S/B,1366.0
2017-01-06,56,09:45:00,Friday,Eglinton Stn,Mechanical,18.0,36.0,E,1367.0
2017-01-06,32,09:45:00,Friday,Caledonia & Eglinton,Mechanical,8.0,16.0,e/b,1607.0
2017-01-06,29,10:04:00,Friday,Dufferin at Liberty,Mechanical,4.0,8.0,n/b,9036.0
2017-01-06,85,10:14:00,Friday,Sheppard Station,Investigation,22.0,44.0,E,1753.0
2017-01-06,1,10:25:00,Friday,,Mechanical,1.0,1.0,E,1.0
2017-01-06,116,10:27:00,Friday,Kennedy Stn,Mechanical,10.0,20.0,N,7421.0
2017-01-06,20,10:28:00,Friday,Danforth Ave and Dawes,Mechanical,22.0,44.0,E,7843.0
2017-01-06,199,10:32:00,Friday,Finch Station,Mechanical,12.0,24.0,W/B,1260.0
2017-01-06,61,10:45:00,Friday,Bombay loop,Mechanical,15.0,30.0,S,8377.0
2017-01-06,116,10:45:00,Friday,Morningside and Night Star,Mechanical,10.0,20.0,S,7412.0
2017-01-06,24,10:53:00,Friday,Victoria Park and Steeles,Mechanical,10.0,20.0,S,8179.0
2017-01-06,92,10:56:00,Friday,Woodbine Stn,Mechanical,12.0,24.0,SB,8171.0
2017-01-06,41,11:03:00,Friday,Keele Station,Mechanical,9.0,18.0,N,9144.0
2017-01-06,43,11:12:00,Friday,Kennedy/AntrimCres.,Mechanical,10.0,20.0,SB,7544.0
2017-01-06,87,11:17:00,Friday,Main Stn,Utilized Off Route,10.0,20.0,WB,8104.0
2017-01-06,53,11:21:00,Friday,Finch Station,Mechanical,5.0,10.0,eb,1397.0
2017-01-06,32,11:43:00,Friday,GlenCedar & Eglinton,Mechanical,10.0,20.0,e/b,1054.0
2017-01-06,75,12:08:00,Friday,Bloor & Shebourne,Mechanical,12.0,24.0,NB,1579.0
2017-01-06,11,12:18:00,Friday,Davisville Stn,Mechanical,12.0,24.0,S,1386.0
2017-01-06,25,12:30:00,Friday,Pape station,Mechanical,9.0,18.0,n,7488.0
2017-01-06,29,12:50:00,Friday,Dufferin and Auburn,Investigation,4.0,8.0,s,9014.0
2017-01-06,123,12:55:00,Friday,N/B Northqueen at Queensway,Mechanical,20.0,40.0,n/b,8054.0
2017-01-06,24,13:10:00,Friday,Victoria Park Station,Mechanical,10.0,20.0,NB,7842.0
2017-01-06,86,13:18:00,Friday,Toronto Zoo,Mechanical,10.0,20.0,W,7670.0
2017-01-06,64,13:20:00,Friday,Main stn,Investigation,10.0,20.0,WB,7850.0
2017-01-06,17,13:30:00,Friday,Steeles loop,Mechanical,13.0,26.0,SB,7725.0
2017-01-06,54,13:37:00,Friday,Lawrence RT Station,Mechanical,12.0,24.0,EB,7576.0
2017-01-06,75,13:55:00,Friday,Bloor,Utilized Off Route,12.0,25.0,N,1796.0
2017-01-06,29,14:03:00,Friday,Springhurst Loop,Utilized Off Route,5.0,10.0,n,8319.0
2017-01-06,80,14:08:00,Friday,Kipling at Queensway,Mechanical,24.0,48.0,W/B,8035.0
2017-01-06,53,14:13:00,Friday,Passmore and Markham,Mechanical,5.0,10.0,W,1754.0
2017-01-06,5,14:17:00,Friday,Queen's Park Circle & Bloor,Investigation,30.0,60.0,S,8192.0
2017-01-06,11,14:35:00,Friday,Davisville Stn,Utilized Off Route,12.0,24.0,S,1817.0
2017-01-06,191,14:45:00,Friday,Royalcrest and Hwy27,Utilized Off Route,6.0,12.0,S/b,8468.0
2017-01-06,129,14:45:00,Friday,STC,Mechanical,7.0,19.0,NB,1723.0
2017-01-06,36,14:47:00,Friday,humberwood loop,Mechanical,6.0,12.0,e/b,9128.0
2017-01-06,23,14:49:00,Friday,Squires and Ferris,Mechanical,20.0,40.0,N/B,8108.0
2017-01-06,23,14:49:00,Friday,,Mechanical,20.0,40.0,N/B,8108.0
2017-01-06,89,14:51:00,Friday,Albion and Weston,Late Leaving Garage,10.0,20.0,SB,1019.0
2017-01-06,24,14:52:00,Friday,Castlefrank Station,Utilized Off Route,14.0,28.0,WB,7806.0
2017-01-06,65,14:53:00,Friday,Castle Frank stn,Investigation,12.0,24.0,N/B,7841.0
2017-01-06,160,15:01:00,Friday,Sheppard,Investigation,21.0,42.0,N,1374.0
2017-01-06,41,15:06:00,Friday,York U commons,Late Leaving Garage,14.0,28.0,SB,1582.0
2017-01-06,112,15:11:00,Friday,West Mall/Burnhamthorpe,Mechanical,19.0,38.0,N,8058.0
2017-01-06,41,15:11:00,Friday,Keele and St Regis,Emergency Services,10.0,20.0,NB,9141.0
2017-01-06,102,15:18:00,Friday,Warden Station,Late Leaving Garage,9.0,18.0,NB,8140.0
2017-01-06,80,15:18:00,Friday,E/B The Queensway at the Eastmall,Diversion,54.0,78.0,e/b,8085.0
2017-01-06,185,15:26:00,Friday,Cosburn and Pape,Mechanical,7.0,14.0,SB,7668.0
2017-01-06,24,15:26:00,Friday,Victoria Park Station,Late Leaving Garage,1.0,1.0,NB,8132.0
2017-01-06,199,15:35:00,Friday,York University,Mechanical,12.0,24.0,EB,1781.0
2017-01-06,6,15:37:00,Friday,Davenport and Yonge,Utilized Off Route,9.0,18.0,S/B,1583.0
2017-01-06,199,15:39:00,Friday,STC,Mechanical,12.0,24.0,EB,1094.0
2017-01-06,24,15:43:00,Friday,Victoria Park Station,Late Leaving Garage,17.0,34.0,NB,7817.0
2017-01-06,24,15:44:00,Friday,Don mills Station,Late Leaving Garage,17.0,34.0,SB,8142.0
2017-01-06,52,15:45:00,Friday,Airport to Westwood Mall,General Delay,6.0,30.0,BW,1.0
2017-01-06,168,15:49:00,Friday,Dundas W. Stn,Mechanical,8.0,16.0,n/b,7939.0
2017-01-06,60,16:00:00,Friday,Entire 60 Steeles West Route,General Delay,8.0,15.0,B/W,
2017-01-06,196,16:02:00,Friday,Downsview Station,Utilized Off Route,3.0,6.0,N,8322.0
2017-01-06,34,16:05:00,Friday,Bayview & Eglinton,Mechanical,4.0,8.0,eb,7495.0
2017-01-06,91,16:06:00,Friday,Woodbine Stn,Mechanical,14.0,28.0,N/B,7732.0
2017-01-06,35,16:08:00,Friday,Jane & Steeles,Late Leaving Garage,5.0,20.0,SB,1500.0
2017-01-06,52,16:11:00,Friday,Lawrence and Jane,Utilized Off Route,3.0,6.0,W,1357.0
2017-01-06,72,16:15:00,Friday,Carlaw and Eastern,Utilized Off Route,14.0,28.0,N,7729.0
2017-01-06,54,16:15:00,Friday,Radpath and Eglinton ave E,Mechanical,14.0,28.0,EB,7490.0
2017-01-06,143,16:17:00,Friday,Sherbourne and Richmond,Late Leaving Garage,25.0,50.0,W,8135.0
2017-01-06,144,16:28:00,Friday,Eglinton garage,Mechanical,20.0,40.0,ob,7525.0
2017-01-06,121,16:30:00,Friday,Fort York to Mill street,General Delay,1.0,1.0,B/W,
2017-01-06,37,16:32:00,Friday,Steeles Loop,Investigation,10.0,19.0,s/b,8033.0
2017-01-06,89,16:37:00,Friday,Keele station,Mechanical,7.0,14.0,NB,1555.0
2017-01-06,12,16:51:00,Friday,Victoria Park Stn,Mechanical,16.0,32.0,E,7771.0
2017-01-06,39,16:55:00,Friday,VictoriaPark,Mechanical,12.0,18.0,wb,1081.0
2017-01-06,196,16:57:00,Friday,Downsview Station,Mechanical,2.0,4.0,nb,1523.0
2017-01-06,94,17:06:00,Friday,Bathurst and Harbord,Investigation,15.0,30.0,WB,7735.0
2017-01-06,143,17:07:00,Friday,Sherbourne and Richmond,Late Leaving Garage,25.0,48.0,W,8106.0
2017-01-06,54,17:13:00,Friday,Burnview Cr and Lawrence Ave E,Investigation,13.0,26.0,EB,7443.0
2017-01-06,75,17:18:00,Friday,frederick st and the esplanade,Investigation,6.0,12.0,N,8209.0
2017-01-06,36,17:35:00,Friday,jane and finch,Mechanical,6.0,12.0,w/b,9112.0
2017-01-06,196,17:37:00,Friday,Downsview Station,Mechanical,3.0,6.0,nb,8311.0
2017-01-06,71,17:46:00,Friday,Bloor & Kennedy,Investigation,20.0,40.0,w/b,1595.0
2017-01-06,41,17:55:00,Friday,York u commons,Mechanical,14.0,28.0,SB,9144.0
2017-01-06,89,18:05:00,Friday,Weston and John,Diversion,70.0,20.0,SB,1657.0
2017-01-06,23,18:15:00,Friday,Rexleigh to Main stn,General Delay,1.0,1.0,b/w,
2017-01-06,134,18:24:00,Friday,Scarborough Town Center,Mechanical,5.0,10.0,B/W,1145.0
2017-01-06,36,18:25:00,Friday,humberwood loop,Mechanical,6.0,12.0,w/b,9110.0
2017-01-06,195,18:38:00,Friday,Jane & Wilson,Emergency Services,12.0,24.0,NB,1299.0
2017-01-06,63,18:42:00,Friday,Altantic and King St.,Mechanical,4.0,9.0,S/B,1000.0
2017-01-06,21,18:55:00,Friday,Scarborough Town Centre,Mechanical,11.0,23.0,s,8144.0
2017-01-06,35,19:17:00,Friday,Sheppard & Jane,Mechanical,20.0,40.0,NB,1243.0
2017-01-06,90,19:23:00,Friday,Vaughan road and St.Clair,Mechanical,8.0,16.0,N,1805.0
2017-01-06,97,19:29:00,Friday,Craighhurst and Yonge,Investigation,20.0,40.0,S,8203.0
2017-01-06,102,19:50:00,Friday,Warden Station,Utilized Off Route,10.0,20.0,,7745.0
2017-01-06,34,19:51:00,Friday,Kennedy station,Mechanical,6.0,12.0,wb,7495.0
2017-01-06,39,20:36:00,Friday,Finch Station,Mechanical,16.0,32.0,EB,1095.0
2017-01-06,84,20:42:00,Friday,Weston rd and Bradstock,Mechanical,9.0,18.0,E/b,8443.0
2017-01-06,94,20:49:00,Friday,Wellsley and Parliament,Investigation,9.0,18.0,N/B,7837.0
2017-01-06,87,20:50:00,Friday,Broadview Station,Utilized Off Route,10.0,20.0,,7818.0
2017-01-06,199,21:10:00,Friday,Scarborough Town Centre,Mechanical,6.0,13.0,N,1121.0
2017-01-06,191,21:39:00,Friday,KPSN - Kipling station,Mechanical,9.0,17.0,N,8539.0
2017-01-06,63,21:56:00,Friday,Eglinton West Station,Mechanical,5.0,11.0,S/B,1004.0
2017-01-06,85,22:22:00,Friday,Sheppard Yonge Station,Mechanical,20.0,40.0,EB,1113.0
2017-01-06,39,22:43:00,Friday,Finch Station,Mechanical,9.0,18.0,E,1729.0
2017-01-06,35,22:48:00,Friday,JNST - Jane Station,Mechanical,8.0,16.0,N,8448.0
2017-01-06,85,22:59:00,Friday,Don Mills Station,Emergency Services,20.0,36.0,EB,9073.0
2017-01-06,191,23:00:00,Friday,SLPM - Loop at Steeles / Martin Grove,Mechanical,10.0,20.0,S,8466.0
2017-01-06,102,23:35:00,Friday,Warden Station,Utilized Off Route,30.0,60.0,,8155.0
2017-01-06,102,23:50:00,Friday,Warden Station,Utilized Off Route,10.0,20.0,,7797.0
2017-01-07,105,00:45:00,Saturday,Steeles at Dufferin,Diversion,90.0,120.0,BW,1668.0
2017-01-07,196,00:55:00,Saturday,Downsview Stn,Mechanical,10.0,20.0,NB,8333.0
2017-01-07,25,01:04:00,Saturday,BarberGreen Rd and Don Mills,Mechanical,13.0,28.0,S/B,7601.0
2017-01-07,70,01:18:00,Saturday,Coxwell STN,Mechanical,20.0,40.0,N/B,7475.0
2017-01-07,353,02:22:00,Saturday,York U - The Common,Diversion,30.0,60.0,WB,1126.0
2017-01-07,60,02:33:00,Saturday,York Commons,Emergency Services,1.0,1.0,w,8497.0
2017-01-07,300,02:43:00,Saturday,East Mall and Bloor,Mechanical,20.0,40.0,WB,7718.0
2017-01-07,85,03:15:00,Saturday,Rouge Hill Go Station,Emergency Services,20.0,1.0,WB,9073.0
2017-01-07,395,04:53:00,Saturday,Markham and Ellesmere Rd,Mechanical,30.0,60.0,WB,1119.0
2017-01-07,337,04:55:00,Saturday,Lakeshore blvd. and 8th St.,Late Leaving Garage,15.0,30.0,N,8040.0
2017-01-07,24,05:28:00,Saturday,Danforth and Victoria Park,Late Leaving Garage,20.0,40.0,N,7817.0
2017-01-07,60,05:30:00,Saturday,Bathurst Street,Diversion,2.0,0.0,W,8496.0
2017-01-07,72,05:34:00,Saturday,Pape Station,Late Leaving Garage,18.0,36.0,S,7879.0
2017-01-07,52,05:44:00,Saturday,Ter 3,Late Leaving Garage,24.0,39.0,e,1646.0
2017-01-07,66,05:48:00,Saturday,HUMBER LOOP,Late Leaving Garage,1.0,1.0,n/b,8069.0
2017-01-07,133,05:50:00,Saturday,Morningside and Staines,Late Leaving Garage,12.0,24.0,s/B,1712.0
2017-01-07,89,05:50:00,Saturday,Keele stn,Late Leaving Garage,10.0,20.0,n,1516.0
2017-01-07,7,05:51:00,Saturday,Bathurst and Wilson,Mechanical,11.0,22.0,n/b,9007.0
2017-01-07,95,05:53:00,Saturday,SCLP,Late Leaving Garage,9.0,26.0,W/B,1268.0
2017-01-07,85,05:53:00,Saturday,Meadowvale loop,Late Leaving Garage,12.0,24.0,W/B,1201.0
2017-01-07,95,05:55:00,Saturday,Ellesmere Cul-De-Sac,Late Leaving Garage,17.0,0.0,W/B,1208.0
2017-01-07,32,05:55:00,Saturday,Eglinton stn,Late Leaving Garage,10.0,20.0,w,1075.0
2017-01-07,7,05:57:00,Saturday,Steels and Village gate,Late Leaving Garage,9.0,19.0,s/b,9051.0
2017-01-07,85,06:00:00,Saturday,Don Mills Station,Late Leaving Garage,15.0,22.0,E/B,1737.0
2017-01-07,132,06:00:00,Saturday,stc,Late Leaving Garage,30.0,1.0,N,1315.0
2017-01-07,165,06:11:00,Saturday,Arrow Rd.,Late Leaving Garage,20.0,40.0,W,8574.0
2017-01-07,191,06:14:00,Saturday,Arrow Garage,Late Leaving Garage,10.0,20.0,N,7922.0
2017-01-07,48,06:20:00,Saturday,EASTMALL AND MARTINGROVE,Mechanical,30.0,60.0,w/b,7956.0
2017-01-07,102,06:40:00,Saturday,Warden Station,Utilized Off Route,10.0,20.0,N,7812.0
2017-01-07,133,06:54:00,Saturday,Scarborough Town Centre,Mechanical,12.0,24.0,E/B,1117.0
2017-01-07,87,07:33:00,Saturday,Main Station,Mechanical,10.0,20.0,W,8134.0
2017-01-07,195,07:45:00,Saturday,York University Commons,Mechanical,10.0,20.0,S,1274.0
2017-01-07,85,07:58:00,Saturday,Malvern gate,Mechanical,8.0,15.0,W/B,1070.0
2017-01-07,81,08:01:00,Saturday,# 65 Thonrcliff park,Late Leaving Garage,8.0,16.0,sb,7873.0
2017-01-07,60,08:07:00,Saturday,Signet and Steels,Late Leaving Garage,7.0,8.0,E,8608.0
2017-01-07,7,08:09:00,Saturday,Bathurst and Baycrest,Mechanical,9.0,18.0,SB,9018.0
2017-01-07,52,08:10:00,Saturday,Sandwell Dr. and The westway,Mechanical,20.0,40.0,EB,1631.0
2017-01-07,29,08:18:00,Saturday,Wilson stn,Utilized Off Route,5.0,10.0,s/b,8356.0
2017-01-07,199,08:20:00,Saturday,Finch Station,Late Leaving Garage,12.0,1.0,E,1729.0
2017-01-07,133,08:31:00,Saturday,Morningside ave and Staines Rd,Late Leaving Garage,10.0,20.0,S/B,1251.0
2017-01-07,125,08:56:00,Saturday,Bathurst and Antibies,Late Leaving Garage,17.0,34.0,w/b,1829.0
2017-01-07,104,09:00:00,Saturday,Wilmington and Searle,Mechanical,14.0,28.0,n/b,8369.0
2017-01-07,20,09:06:00,Saturday,Main Station,Late Leaving Garage,18.0,36.0,E,8150.0
2017-01-07,95,09:15:00,Saturday,Kennedy and Ellesmere,Mechanical,17.0,34.0,W/B,1731.0
2017-01-07,75,09:30:00,Saturday,Sherbourne & Bloor,Mechanical,10.0,25.0,SB,1828.0
2017-01-07,87,09:52:00,Saturday,Main Station,Mechanical,10.0,20.0,W,7747.0
2017-01-07,199,10:02:00,Saturday,Finch Station,Mechanical,7.0,14.0,E,1267.0
2017-01-07,6,10:10:00,Saturday,Dockside dr,Mechanical,15.0,30.0,n/b,1048.0
2017-01-07,102,10:10:00,Saturday,Warden Station,Utilized Off Route,10.0,20.0,BW,7778.0
2017-01-07,17,10:14:00,Saturday,Warden Station,Mechanical,15.0,30.0,NB,8156.0
2017-01-07,53,10:15:00,Saturday,Markham road & Select,Diversion,61.0,80.0,W,1217.0
2017-01-07,102,10:20:00,Saturday,Select and Markham rd,Diversion,60.0,120.0,NB,7780.0
2017-01-07,72,10:35:00,Saturday,Front and bay,Utilized Off Route,18.0,36.0,nb,7820.0
2017-01-07,39,11:21:00,Saturday,Harvest Moon and Old Finch,Emergency Services,12.0,24.0,W,1711.0
2017-01-07,94,11:30:00,Saturday,Castlefrank Station,Mechanical,13.0,26.0,;45a,7800.0
2017-01-07,94,11:37:00,Saturday,Wellesley Station,Mechanical,13.0,26.0,E,7710.0
2017-01-07,43,11:39:00,Saturday,McNicoll & Kennedy,Mechanical,10.0,20.0,nb,7495.0
2017-01-07,60,11:54:00,Saturday,York University Commons.,Mechanical,10.0,20.0,E,1308.0
2017-01-07,52,12:07:00,Saturday,Lawrence Stn.,Late Leaving Garage,11.0,26.0,wb,1595.0
2017-01-07,32,12:09:00,Saturday,Eglinton stn,Late Leaving Garage,9.0,18.0,w,1594.0
2017-01-07,131,12:15:00,Saturday,McLevin Ave and Markham Road,Diversion,50.0,68.0,W,1091.0
2017-01-07,102,12:15:00,Saturday,Nugget and Markham,Diversion,10.0,20.0,SB,7837.0
2017-01-07,60,12:15:00,Saturday,Steeles / Duferin,Diversion,1.0,1.0,Both,8516.0
2017-01-07,53,12:30:00,Saturday,Markham and Passmore,Mechanical,16.0,24.0,E,1759.0
2017-01-07,198,12:30:00,Saturday,Kennedy station,Mechanical,10.0,20.0,dn,7567.0
2017-01-07,84,12:41:00,Saturday,Sheppard Station,Late Leaving Garage,6.0,12.0,WB,8547.0
2017-01-07,53,12:49:00,Saturday,Markham and Passmore,Late Leaving Garage,6.0,9.0,W,1230.0
2017-01-07,199,12:50:00,Saturday,Scarborough Town Centre,Late Leaving Garage,6.0,12.0,N,1145.0
2017-01-07,89,12:51:00,Saturday,Weston and Lawrence,Investigation,10.0,20.0,s/b,1354.0
2017-01-07,118,13:10:00,Saturday,Thistle Down & Albion,General Delay,30.0,60.0,EB,8568.0
2017-01-07,17,13:14:00,Saturday,Warden Station,Mechanical,15.0,30.0,NB,7854.0
2017-01-07,63,13:50:00,Saturday,Entire Route,Mechanical,5.0,11.0,S/B,1522.0
2017-01-07,96,14:07:00,Saturday,Humber College & John Garland,Investigation,0.0,0.0,EB,8534.0
2017-01-07,134,14:25:00,Saturday,STC,Mechanical,30.0,60.0,E,1140.0
2017-01-07,24,14:25:00,Saturday,victoria park stn,Utilized Off Route,9.0,18.0,nb,8165.0
2017-01-07,53,14:25:00,Saturday,FSTN,Utilized Off Route,6.0,11.0,E,1148.0
2017-01-07,79,14:35:00,Saturday,Pine and Lawrence,Mechanical,14.0,28.0,S,1636.0
2017-01-07,199,14:35:00,Saturday,STC,Utilized Off Route,6.0,12.0,N,1108.0
2017-01-07,29,14:55:00,Saturday,Dufferin and St Clair,Mechanical,4.0,7.0,n,8212.0
2017-01-07,52,15:17:00,Saturday,Keele and Lawrence,Mechanical,9.0,17.0,W,1059.0
2017-01-07,16,15:20:00,Saturday,Warden Station,Investigation,10.0,20.0,SB,7742.0
2017-01-07,34,15:31:00,Saturday,Eglinton & Wynford,Investigation,18.0,36.0,up,7679.0
2017-01-07,185,15:42:00,Saturday,Pape station,Mechanical,9.0,19.0,nb,7546.0
2017-01-07,25,15:52:00,Saturday,Lawrence & Don Mills,Mechanical,9.0,19.0,sb,7513.0
2017-01-07,39,15:57:00,Saturday,Maxome and Finch,Diversion,4.0,10.0,E,1328.0
2017-01-07,29,16:15:00,Saturday,dufferin and Bentworth,Diversion,52.0,55.0,s,9039.0
2017-01-07,199,16:18:00,Saturday,Scarborough Town Centre,Investigation,6.0,12.0,N,1131.0
2017-01-07,90,16:25:00,Saturday,St. Clair W. Station,Mechanical,8.0,16.0,E,1802.0
2017-01-07,76,16:42:00,Saturday,Royal York Station,Utilized Off Route,9.0,18.0,S,8028.0
2017-01-07,73,16:44:00,Saturday,Royal York Station,Mechanical,30.0,60.0,N,8086.0
2017-01-07,41,17:23:00,Saturday,Keele and Dundas,Investigation,7.0,15.0,s/b,1617.0
2017-01-07,192,17:52:00,Saturday,Kipling Station,Late Leaving Garage,8.0,17.0,N,8002.0
2017-01-07,111,18:21:00,Saturday,Kipoling Station,Mechanical,11.0,22.0,N,8049.0
2017-01-07,43,18:35:00,Saturday,Sheppard & Kennedy,Mechanical,10.0,20.0,nb,7495.0
2017-01-07,21,19:02:00,Saturday,Kennedy Station,Mechanical,20.0,40.0,,7847.0
2017-01-07,709,19:16:00,Saturday,Eglinton West Stn,Utilized Off Route,1.0,1.0,E/B,1076.0
2017-01-07,41,19:20:00,Saturday,keele stn,Utilized Off Route,8.0,15.0,n/b,1002.0
2017-01-07,85,19:42:00,Saturday,Malvern Gates,Mechanical,8.0,17.0,W,1109.0
2017-01-07,29,20:32:00,Saturday,Wilson Stn,Mechanical,8.0,16.0,s,9020.0
2017-01-07,40,20:45:00,Saturday,Dundas West station to runnymede loop,General Delay,15.0,30.0,BW,
2017-01-07,21,20:56:00,Saturday,Kennedy Station,Mechanical,20.0,40.0,,8144.0
2017-01-07,116,21:02:00,Saturday,Morning Side and Sheppard,Diversion,10.0,114.0,B/W,
2017-01-07,63,21:20:00,Saturday,East Liberty,Mechanical,8.0,16.0,n/b,1555.0
2017-01-07,68,21:25:00,Saturday,Ellesmere and Warden,Mechanical,14.0,28.0,S/B,7556.0
2017-01-07,7,21:35:00,Saturday,Bathurst/Lytton,Mechanical,10.0,19.0,N,8389.0
2017-01-07,44,21:47:00,Saturday,Col sam smith Loop,Utilized Off Route,10.0,20.0,N,8033.0
2017-01-07,165,21:59:00,Saturday,Wilson Stn,Utilized Off Route,8.0,16.0,e,8591.0
2017-01-07,25,22:20:00,Saturday,Pape STN,Mechanical,10.0,20.0,N/B,7403.0
2017-01-07,36,22:30:00,Saturday,Finch & Kipling,Investigation,10.0,20.0,E,8535.0
2017-01-07,100,23:20:00,Saturday,Don Mills and Eglinton,Mechanical,10.0,20.0,S/B,7512.0
2017-01-07,37,23:28:00,Saturday,Islington at Bergamot,Investigation,30.0,60.0,N,8023.0
2017-01-07,54,23:49:00,Saturday,Green Holm Crt and Lawrence,Investigation,20.0,40.0,W/B,7596.0
2017-01-08,59,00:22:00,Sunday,Yelland & Gary,Investigation,30.0,60.0,W,1285.0
2017-01-08,84,00:25:00,Sunday,Bradstock & Sheppard,Utilized Off Route,10.0,20.0,E,1237.0
2017-01-08,17,00:32:00,Sunday,Wintermute,Diversion,22.0,44.0,nb,7854.0
2017-01-08,192,00:35:00,Sunday,Kipling station,Utilized Off Route,10.0,20.0,N,8011.0
2017-01-08,97,00:38:00,Sunday,Lawrence /Yonge,Mechanical,5.0,10.0,1824,
2017-01-08,116,00:51:00,Sunday,Morningside and Sheppard,Diversion,10.0,1.0,S/B,
2017-01-08,91,01:10:00,Sunday,Silverdale and Yorkmills,Mechanical,30.0,60.0,S,7784.0
2017-01-08,24,01:13:00,Sunday,Sheppard and Victoria Park,Utilized Off Route,10.0,20.0,N,7829.0
2017-01-08,95,01:22:00,Sunday,Ellesmere Cul-De-Sac Kingston Loop,Mechanical,10.0,24.0,WB,1222.0
2017-01-08,192,01:35:00,Sunday,Kipling station,Mechanical,10.0,20.0,N,8008.0
2017-01-08,312,02:35:00,Sunday,St Clair w & Christie,Mechanical,30.0,60.0,E,1606.0
2017-01-08,335,03:14:00,Sunday,Steeles & Jane,Investigation,30.0,60.0,N,8537.0
2017-01-08,325,03:22:00,Sunday,Danforth and Pape Avenue,Investigation,30.0,60.0,NB,7661.0
2017-01-08,353,05:08:00,Sunday,Bathurst & Steeles,Emergency Services,30.0,60.0,WB,1760.0
2017-01-08,86,06:22:00,Sunday,Kennedy Stn,Mechanical,12.0,24.0,E,7488.0
2017-01-08,133,06:25:00,Sunday,Morningside and Statines,Late Leaving Garage,30.0,0.0,w,1113.0
2017-01-08,35,06:35:00,Sunday,Jane & Steeles,Mechanical,30.0,60.0,SB,8440.0
2017-01-08,307,06:37:00,Sunday,Steeles & Village Gate,Mechanical,30.0,60.0,SB,9027.0
2017-01-08,300,06:45:00,Sunday,Bloor and Dundas,Mechanical,8.0,21.0,w,7495.0
2017-01-08,300,06:54:00,Sunday,Bloor and Yonge,Mechanical,12.0,24.0,w,8120.0
2017-01-08,94,07:29:00,Sunday,castle frank stn,Late Leaving Garage,13.0,26.0,n/b,8101.0
2017-01-08,62,07:33:00,Sunday,Broadview Stn,Late Leaving Garage,20.0,40.0,EB,7736.0
2017-01-08,24,07:34:00,Sunday,NB Danforth and Vicotria Park,Late Leaving Garage,10.0,20.0,SB,7810.0
2017-01-08,12,07:34:00,Sunday,Kennedy Stn,Late Leaving Garage,17.0,34.0,SB,8126.0
2017-01-08,23,07:35:00,Sunday,MAIN STN,Late Leaving Garage,12.0,24.0,N/B,8129.0
2017-01-08,60,07:40:00,Sunday,Finch Station,Late Leaving Garage,1.0,20.0,WB,1308.0
2017-01-08,11,07:40:00,Sunday,Yorkmills/bayview,Mechanical,40.0,80.0,NB,1674.0
2017-01-08,92,07:41:00,Sunday,WOODBINE STN,Mechanical,16.0,32.0,N/B,7777.0
2017-01-08,87,07:43:00,Sunday,main stn,Late Leaving Garage,20.0,40.0,n/b,7895.0
2017-01-08,23,07:47:00,Sunday,Ferris,Late Leaving Garage,12.0,24.0,N/B,7750.0
2017-01-08,121,07:48:00,Sunday,Mill and Cherry,Late Leaving Garage,15.0,30.0,WB,7740.0
2017-01-08,93,07:51:00,Sunday,Woodbine stn,Late Leaving Garage,24.0,48.0,n/b,7842.0
2017-01-08,20,07:57:00,Sunday,kennedy stn,Mechanical,22.0,44.0,n/b,8117.0
2017-01-08,70,07:58:00,Sunday,Coxwell Stn,Mechanical,20.0,40.0,E,7647.0
2017-01-08,72,07:58:00,Sunday,pape stn,Late Leaving Garage,9.0,18.0,N/B,8141.0
2017-01-08,75,08:00:00,Sunday,Queen/Sherbourne,Diversion,210.0,230.0,B/W,8344.0
2017-01-08,25,08:05:00,Sunday,pape Stn,Mechanical,10.0,20.0,N,7571.0
2017-01-08,47,08:10:00,Sunday,Earls Court loop,Late Leaving Garage,10.0,20.0,s,1618.0
2017-01-08,9,08:12:00,Sunday,Lawrence,Late Leaving Garage,22.0,44.0,n/b,7801.0
2017-01-08,87,08:15:00,Sunday,Main stn,Mechanical,10.0,20.0,WB,8109.0
2017-01-08,51,08:15:00,Sunday,Eglinton Station,Late Leaving Garage,29.0,58.0,NB,1714.0
2017-01-08,95,08:23:00,Sunday,Ellesemere and Kingston rd,Late Leaving Garage,20.0,40.0,w,1208.0
2017-01-08,102,08:24:00,Sunday,steeles,Late Leaving Garage,10.0,20.0,n/b,7808.0
2017-01-08,165,08:47:00,Sunday,wilson at clayson,Mechanical,18.0,36.0,n,8551.0
2017-01-08,43,08:53:00,Sunday,Scar. Town Center,Mechanical,7.0,14.0,S,7620.0
2017-01-08,192,09:02:00,Sunday,Hwy 427 / Eglinton,Mechanical,8.0,17.0,n,8010.0
2017-01-08,63,09:02:00,Sunday,Eglinton west stn,Late Leaving Garage,8.0,15.0,s,1604.0
2017-01-08,24,09:06:00,Sunday,Steeles and Victoria Park,Mechanical,10.0,20.0,SB,8138.0
2017-01-08,32,09:09:00,Sunday,Wright / Jane,Late Leaving Garage,10.0,20.0,e,1663.0
2017-01-08,43,09:09:00,Sunday,garage,Late Leaving Garage,15.0,30.0,dn,7527.0
2017-01-08,85,09:21:00,Sunday,Meadowvale Zoo,Mechanical,16.0,24.0,w,1091.0
2017-01-08,71,09:43:00,Sunday,Mount Dennis Division,Mechanical,24.0,48.0,s,1659.0
2017-01-08,69,09:55:00,Sunday,warden stn,Investigation,10.0,20.0,n/b,7808.0
2017-01-08,25,10:00:00,Sunday,Don Mills and van Horne,Mechanical,10.0,20.0,N,7513.0
2017-01-08,121,10:15:00,Sunday,Parliament and Mill,Investigation,15.0,30.0,W,8172.0
2017-01-08,32,10:40:00,Sunday,Eglinton / Ennerdale,Mechanical,10.0,20.0,w,1067.0
2017-01-08,46,11:05:00,Sunday,Kipling Station,Mechanical,16.0,32.0,NB,8437.0
2017-01-08,168,11:06:00,Sunday,Avon Loop,Mechanical,7.0,14.0,s/b,7907.0
2017-01-08,52,12:13:00,Sunday,Lawrence Station,Mechanical,14.0,28.0,wb,1210.0
2017-01-08,63,12:20:00,Sunday,East Liberty,Late Leaving Garage,7.0,14.0,n,1600.0
2017-01-08,37,12:25:00,Sunday,Islington Stn,Mechanical,12.0,24.0,n/b,8403.0
2017-01-08,39,12:33:00,Sunday,Linus on Finch,Utilized Off Route,14.0,30.0,EB,1077.0
2017-01-08,39,12:33:00,Sunday,Linus on Finch,Mechanical,15.0,31.0,EB,1077.0
2017-01-08,52,12:38:00,Sunday,Mount Dennis to Terminal 1,Late Leaving Garage,14.0,28.0,eb,1613.0
2017-01-08,52,12:41:00,Sunday,Mount Dennis to Martin Grove/The Westway,Late Leaving Garage,7.0,14.0,eb,1200.0
2017-01-08,52,12:41:00,Sunday,Mount Dennis to Lawrence Station,Late Leaving Garage,14.0,28.0,wb,1565.0
2017-01-08,41,12:58:00,Sunday,Clearview Heights and Keele,Mechanical,10.0,20.0,SB,1537.0
2017-01-08,89,13:06:00,Sunday,Lawrence and Weston,Investigation,10.0,20.0,SB,1349.0
2017-01-08,102,13:14:00,Sunday,Warden stn,Late Leaving Garage,10.0,20.0,n/b,7742.0
2017-01-08,7,13:30:00,Sunday,Alcina Av/bathurst St,Diversion,40.0,48.0,Sb,9008.0
2017-01-08,42,13:36:00,Sunday,Don Mills and MC. Nicoll Ave.,Mechanical,13.0,32.0,w/b,8359.0
2017-01-08,36,13:55:00,Sunday,Finch West & Topcliff,Investigation,5.0,10.0,W,8593.0
2017-01-08,102,14:37:00,Sunday,Nugget and Mc cleaven,Mechanical,10.0,20.0,N/B,8162.0
2017-01-08,102,14:39:00,Sunday,Warden stn,Mechanical,10.0,20.0,N/B,
2017-01-08,7,14:40:00,Sunday,Wilson,Mechanical,7.0,15.0,S,9042.0
2017-01-08,36,15:01:00,Sunday,HWLP - Humberwood Loop,Mechanical,5.0,10.0,E,8534.0
2017-01-08,85,15:09:00,Sunday,Don Mills Stn,Mechanical,27.0,45.0,E,1081.0
2017-01-08,134,15:17:00,Sunday,Finchedene Sq,Mechanical,15.0,30.0,sb,1759.0
2017-01-08,102,15:22:00,Sunday,Kingston rd and St Clair,Mechanical,10.0,20.0,N/B,7867.0
2017-01-08,38,15:26:00,Sunday,Scarborough Town Center,Mechanical,10.0,20.0,e,1768.0
2017-01-08,7,16:00:00,Sunday,Bathurst and Nina,Diversion,120.0,127.0,BW,
2017-01-08,196,16:40:00,Sunday,Finch,Mechanical,7.0,15.0,N,8311.0
2017-01-08,32,17:10:00,Sunday,Eglinton and Black Creek dr,Mechanical,10.0,20.0,e/b,1015.0
2017-01-08,87,17:10:00,Sunday,Broadview Station,Utilized Off Route,10.0,20.0,N,8133.0
2017-01-08,75,17:12:00,Sunday,Sherbourne Stn.,Utilized Off Route,20.0,40.0,n/b,8344.0
2017-01-08,85,17:15:00,Sunday,Don Mills Stn,Utilized Off Route,6.0,12.0,E/B,1098.0
2017-01-08,94,17:15:00,Sunday,Welleselly Stn,Utilized Off Route,7.0,14.0,EB,8101.0
2017-01-08,29,17:15:00,Sunday,Bloor/Dufferin,Utilized Off Route,4.0,8.0,NB,1370.0
2017-01-08,72,17:16:00,Sunday,Pape Station,Utilized Off Route,18.0,36.0,S,8141.0
2017-01-08,34,17:18:00,Sunday,Eglinton station,Utilized Off Route,1.0,9.0,up,7625.0
2017-01-08,25,17:19:00,Sunday,Pape STN,Utilized Off Route,8.0,17.0,N/B,7455.0
2017-01-08,68,17:20:00,Sunday,WARDEN STATION,Utilized Off Route,10.0,20.0,N,7663.0
2017-01-08,29,17:20:00,Sunday,Dundas/Dufferin,Utilized Off Route,4.0,8.0,NB,8342.0
2017-01-08,33,17:20:00,Sunday,St.Clair west station,Utilized Off Route,20.0,40.0,N,8200.0
2017-01-08,102,17:20:00,Sunday,Warden Station,Utilized Off Route,10.0,20.0,N,7808.0
2017-01-08,95,17:22:00,Sunday,Scarb.Coll.Loop-Militray Trail,Utilized Off Route,17.0,34.0,WB,1277.0
2017-01-08,7,17:23:00,Sunday,Bathurst station,Utilized Off Route,7.0,15.0,N,8324.0
2017-01-08,100,17:23:00,Sunday,Broadview STN,Utilized Off Route,9.0,18.0,N/B,7622.0
2017-01-08,199,17:25:00,Sunday,McCowan and Finch Av,Utilized Off Route,8.0,16.0,wb,1733.0
2017-01-08,133,17:30:00,Sunday,STC,Utilized Off Route,10.0,20.0,N/B,1745.0
2017-01-08,54,17:34:00,Sunday,EGLINTON STATION,Utilized Off Route,10.0,19.0,W,7596.0
2017-01-08,161,17:35:00,Sunday,Oakwood and Davenport,Emergency Services,15.0,30.0,w/b,1500.0
2017-01-08,34,17:37:00,Sunday,Eglinton & DVP,Mechanical,7.0,14.0,dn,7669.0
2017-01-08,63,17:40:00,Sunday,Oakwood and Davenport,Diversion,80.0,87.0,B/W,
2017-01-08,25,17:40:00,Sunday,Overlea and Thorncliffe,Mechanical,9.0,18.0,S/B,7580.0
2017-01-08,161,17:40:00,Sunday,Oakwood and Davenport,Diversion,80.0,100.0,B/W,
2017-01-08,104,17:41:00,Sunday,Downsview Station,Mechanical,20.0,40.0,N,1668.0
2017-01-08,168,17:44:00,Sunday,Dundas W Stn,Investigation,9.0,18.0,n/b,7908.0
2017-01-08,709,17:45:00,Sunday,Keele and Eglinton,Utilized Off Route,10.0,20.0,w/b,1379.0
2017-01-08,36,17:45:00,Sunday,FSTN - Finch Station,Utilized Off Route,5.0,10.0,W,8482.0
2017-01-08,63,17:46:00,Sunday,East Liberty,Utilized Off Route,7.0,13.0,e/b,1001.0
2017-01-08,32,17:47:00,Sunday,Eglinton west stn,Utilized Off Route,10.0,20.0,e/b,1050.0
2017-01-08,6,17:49:00,Sunday,Dockside and Queens Quay,Utilized Off Route,12.0,24.0,N,1641.0
2017-01-08,37,17:50:00,Sunday,Islington Stn,Utilized Off Route,22.0,44.0,n/b,8060.0
2017-01-08,774,17:50:00,Sunday,Downsview station,Utilized Off Route,1.0,1.0,w,8486.0
2017-01-08,84,17:56:00,Sunday,Sheppard stn,Utilized Off Route,5.0,10.0,w,8492.0
2017-01-08,60,17:56:00,Sunday,FSTN - Finch station,Utilized Off Route,10.0,20.0,W,8565.0
2017-01-08,123,18:04:00,Sunday,Longbranch Loop,Utilized Off Route,20.0,40.0,n/b,8033.0
2017-01-08,45,18:15:00,Sunday,Kipling Station,Utilized Off Route,9.0,19.0,N,8073.0
2017-01-08,38,18:27:00,Sunday,Ellesemere at Military Trail,Mechanical,10.0,20.0,W/B,1230.0
2017-01-08,42,18:27:00,Sunday,Don Mills and MC. Nicoll.,Mechanical,18.0,36.0,E/B,1815.0
2017-01-08,47,18:28:00,Sunday,Earls court loop,Mechanical,18.0,34.0,S,1000.0
2017-01-08,7,18:38:00,Sunday,bathurst station,Mechanical,8.0,15.0,N,9033.0
2017-01-08,95,18:45:00,Sunday,Mondeo and Ellesmere Rd,Diversion,240.0,257.0,WB,1208.0
2017-01-08,23,20:04:00,Sunday,Main Station,Investigation,15.0,30.0,N,8129.0
2017-01-08,102,20:10:00,Sunday,Steeles,Mechanical,10.0,20.0,S,7882.0
2017-01-08,87,20:35:00,Sunday,Main Station,Utilized Off Route,10.0,20.0,W,7777.0
2017-01-08,196,21:14:00,Sunday,Downsview Station,Utilized Off Route,12.0,24.0,NB,1801.0
2017-01-08,24,21:16:00,Sunday,Victoria Park Station,Utilized Off Route,10.0,20.0,N,7829.0
2017-01-08,12,21:20:00,Sunday,Victoria Park Station,Mechanical,20.0,40.0,E,7786.0
2017-01-08,134,22:06:00,Sunday,STC,Mechanical,22.0,44.0,E,1248.0
2017-01-08,70,22:46:00,Sunday,VICTORIA PARK AND O'CONNOR,Mechanical,20.0,40.0,N,7636.0
2017-01-08,85,23:23:00,Sunday,SHEPPARD AND MORNINGSIDE,Mechanical,20.0,40.0,W,1772.0
2017-01-08,21,23:30:00,Sunday,Brimley Loop,Diversion,40.0,70.0,S,7873.0
2017-01-09,7,00:20:00,Monday,Heathdale /Bathurst,Investigation,10.0,20.0,n/b,9047.0
2017-01-09,96,00:44:00,Monday,Wilson Station,Mechanical,10.0,20.0,e/B,8585.0
2017-01-09,68,04:40:00,Monday,Eglinton yard,Mechanical,1.0,1.0,ob,7653.0
2017-01-09,24,04:49:00,Monday,VP STATION,Late Leaving Garage,0.0,0.0,N,7739.0
2017-01-09,20,04:50:00,Monday,MAIN STATION,Late Leaving Garage,13.0,0.0,E,7782.0
2017-01-09,7,04:51:00,Monday,Village Gate and Bathurst,Late Leaving Garage,26.0,52.0,S,9025.0
2017-01-09,725,05:03:00,Monday,FRONT/BAY,Late Leaving Garage,30.0,0.0,E,7729.0
2017-01-09,72,05:03:00,Monday,PAPE STATION,Late Leaving Garage,5.0,0.0,E,7774.0
2017-01-09,21,05:05:00,Monday,STC,Late Leaving Garage,5.0,5.0,S,7785.0
2017-01-09,60,05:12:00,Monday,Steeles Loop,Mechanical,10.0,20.0,E/b,1244.0
2017-01-09,16,05:15:00,Monday,WARDEN STATION,Late Leaving Garage,20.0,0.0,N,7771.0
2017-01-09,60,05:22:00,Monday,Steeles Loop,Late Leaving Garage,10.0,20.0,E/b,8489.0
2017-01-09,74,05:32:00,Monday,St Clair Station,Late Leaving Garage,17.0,34.0,N,8327.0
2017-01-09,25,05:37:00,Monday,Eglinton Yard,Late Leaving Garage,1.0,1.0,O/B,7414.0
2017-01-09,67,05:40:00,Monday,Danforth ave and Victoria Park ave,Late Leaving Garage,24.0,36.0,NB,7418.0
2017-01-09,95,05:45:00,Monday,Ellesmere and Kingston Rd,Late Leaving Garage,7.0,14.0,B/W,1402.0
2017-01-09,39,05:46:00,Monday,Baldoon/Finch,Late Leaving Garage,8.0,16.0,EB,1369.0
2017-01-09,85,05:49:00,Monday,Rouge Hill Go Station,Late Leaving Garage,12.0,23.0,w,9097.0
2017-01-09,88,05:50:00,Monday,Laird and McCrea,Late Leaving Garage,10.0,20.0,E,1674.0
2017-01-09,35,05:57:00,Monday,Jane and Steeles,Late Leaving Garage,5.0,10.0,S/b,1297.0
2017-01-09,112,06:00:00,Monday,East mall / Rathburn,Mechanical,30.0,45.0,s,8052.0
2017-01-09,85,06:01:00,Monday,Rouge Hill Go Station,Late Leaving Garage,5.0,28.0,w,9057.0
2017-01-09,41,06:02:00,Monday,Keele stn,Late Leaving Garage,11.0,22.0,n,9149.0
2017-01-09,41,06:03:00,Monday,Keele stn,Late Leaving Garage,15.0,30.0,n,9145.0
2017-01-09,121,06:05:00,Monday,MILL STREET,Mechanical,12.0,24.0,W/B,7763.0
2017-01-09,122,06:08:00,Monday,Fenelon loop Drive Loop,Mechanical,13.0,26.0,W,1812.0
2017-01-09,11,06:09:00,Monday,Sunnybrook Hospital,Late Leaving Garage,22.0,44.0,S,8338.0
2017-01-09,95,06:09:00,Monday,Ellesmere RT,Late Leaving Garage,7.0,14.0,B/W,8406.0
2017-01-09,52,06:11:00,Monday,Lawrence stn,Late Leaving Garage,6.0,18.0,w,1047.0
2017-01-09,91,06:12:00,Monday,Casandra,Late Leaving Garage,12.0,24.0,N/B,8155.0
2017-01-09,199,06:12:00,Monday,Finch/Leslie,Mechanical,12.0,24.0,WB,1277.0
2017-01-09,16,06:20:00,Monday,B/W Danforth and Middland,General Delay,9.0,18.0,B/W,7842.0
2017-01-09,42,06:20:00,Monday,McNicoll and Victoria Park,Late Leaving Garage,12.0,24.0,E,8218.0
2017-01-09,89,06:25:00,Monday,Weston / Coulter,Diversion,10.0,16.0,B/W,1076.0
2017-01-09,191,06:26:00,Monday,Stelles,Mechanical,5.0,10.0,SB,7947.0
2017-01-09,29,06:27:00,Monday,Wilson Station,Mechanical,9.0,18.0,s,9007.0
2017-01-09,63,06:35:00,Monday,Canniff and Strachan,Late Leaving Garage,5.0,7.0,SB,1067.0
2017-01-09,29,06:36:00,Monday,Tycos,Mechanical,9.0,16.0,s,9016.0
2017-01-09,39,06:37:00,Monday,Finch Station,Mechanical,9.0,18.0,EB,1720.0
2017-01-09,65,06:40:00,Monday,Espanade,Mechanical,12.0,24.0,n/b,8116.0
2017-01-09,35,06:40:00,Monday,Jane and Sheppard,Mechanical,5.0,10.0,S/b,1284.0
2017-01-09,32,06:40:00,Monday,Eglinton Station,Late Leaving Garage,6.0,12.0,W/B,1062.0
2017-01-09,29,06:45:00,Monday,Tycos,Mechanical,9.0,18.0,s,9012.0
2017-01-09,63,06:46:00,Monday,Eglinton west station,Late Leaving Garage,4.0,8.0,SB,1642.0
2017-01-09,38,06:46:00,Monday,Sheppard and Neilson,Mechanical,10.0,20.0,B/W,1787.0
2017-01-09,33,06:50:00,Monday,Eglinton and Spidina,Late Leaving Garage,9.0,9.0,s,
2017-01-09,185,06:51:00,Monday,Pape STN,Mechanical,8.0,16.0,N/B,7680.0
2017-01-09,123,06:52:00,Monday,Kipling Station,Mechanical,17.0,34.0,S/B,8040.0
2017-01-09,144,06:52:00,Monday,Eglinton Yard,Late Leaving Garage,1.0,1.0,OB,7460.0
2017-01-09,52,06:53:00,Monday,Lawrence stn,Late Leaving Garage,18.0,36.0,w,1408.0
2017-01-09,21,06:55:00,Monday,SCARBOROUGH CENTRE STN,Late Leaving Garage,10.0,20.0,S,
2017-01-09,24,06:58:00,Monday,VICTORIA PARK / ST CLAIR,Diversion,31.0,36.0,N,7748.0
2017-01-09,36,07:03:00,Monday,Finch stn,Late Leaving Garage,20.0,40.0,w,8523.0
2017-01-09,199,07:09:00,Monday,Scarborough Town Center,Late Leaving Garage,4.0,8.0,WB,1203.0
2017-01-09,6,07:13:00,Monday,Bedford and Daveport,Late Leaving Garage,4.0,8.0,SB,1580.0
2017-01-09,21,07:15:00,Monday,Scarborough Centre Station,Mechanical,10.0,20.0,N,8166.0
2017-01-09,60,07:19:00,Monday,Signal Hill & Steeles,Late Leaving Garage,8.0,15.0,EB,8559.0
2017-01-09,61,07:32:00,Monday,bombay loop,Mechanical,10.0,20.0,S,8311.0
2017-01-09,44,07:33:00,Monday,Kipling / Evans,Mechanical,7.0,14.0,s,8031.0
2017-01-09,7,07:54:00,Monday,Bathurst Stn,Mechanical,9.0,19.0,n,9008.0
2017-01-09,5,08:00:00,Monday,Avenue Rd S,General Delay,10.0,18.0,BW,
2017-01-09,143,08:10:00,Monday,Adelaide & University,Investigation,13.0,28.0,E,8135.0
2017-01-09,64,08:24:00,Monday,Wineva & Queen,Utilized Off Route,8.0,16.0,N,7840.0
2017-01-09,45,08:25:00,Monday,Kipling stn,Mechanical,6.0,12.0,n,8408.0
2017-01-09,122,08:35:00,Monday,York Mills and Lesmills,Mechanical,10.0,20.0,E,8363.0
2017-01-09,53,08:36:00,Monday,Steeles Ave and Fairway,Mechanical,5.0,10.0,w,1267.0
2017-01-09,167,08:47:00,Monday,STEELES / PHARMACY,Mechanical,25.0,49.0,S,8102.0
2017-01-09,86,08:49:00,Monday,Highland creek overpass/Old kingston Rd.,Mechanical,5.0,10.0,SB,7498.0
2017-01-09,54,08:51:00,Monday,Eglinton stn,Mechanical,6.0,12.0,eb,7562.0
2017-01-09,143,09:00:00,Monday,Neville Loop,Investigation,15.0,30.0,E,8164.0
2017-01-09,36,09:15:00,Monday,Finch station,Mechanical,5.0,10.0,w,9125.0
2017-01-09,95,09:16:00,Monday,Scarborough college Loop,Mechanical,15.0,31.0,W,1110.0
2017-01-09,24,09:39:00,Monday,VP AND SWEENEY,Mechanical,2.0,8.0,N,7832.0
2017-01-09,81,09:50:00,Monday,Pape Station,Mechanical,10.0,20.0,N,7806.0
2017-01-09,7,09:51:00,Monday,Bathurst and Steeles,Mechanical,10.0,20.0,s,9027.0
2017-01-09,195,09:59:00,Monday,Jane and Queen dr.,Emergency Services,10.0,20.0,N/b,8511.0
2017-01-09,95,10:22:00,Monday,Ellesmere and Pollard Dr,Investigation,15.0,30.0,W,1140.0
2017-01-09,60,10:30:00,Monday,York University Commons,Mechanical,6.0,13.0,EB,8562.0
2017-01-09,110,10:39:00,Monday,Islington Stn,Mechanical,18.0,36.0,n/b,8032.0
2017-01-09,196,10:53:00,Monday,Sheppard east of Bathurst,Mechanical,8.0,15.0,e/b,8393.0
2017-01-09,63,10:55:00,Monday,Ossington and Harbord,Mechanical,5.0,10.0,N/B,1598.0
2017-01-09,29,11:15:00,Monday,Wilson Station,Utilized Off Route,4.0,8.0,s,9004.0
2017-01-09,52,11:15:00,Monday,Lawrence and Apex,Investigation,3.0,6.0,e,1553.0
2017-01-09,709,11:16:00,Monday,Trethewey and Blackcreek,Utilized Off Route,5.0,10.0,E/B,1033.0
2017-01-09,709,11:16:00,Monday,Eglinton and Keele,Utilized Off Route,5.0,10.0,E/B,1015.0
2017-01-09,196,11:18:00,Monday,Downsview stn,Utilized Off Route,2.0,4.0,n,1808.0
2017-01-09,87,11:19:00,Monday,Broadview station,Utilized Off Route,10.0,20.0,n/b,7734.0
2017-01-09,94,11:19:00,Monday,Castlefrank Stn,Utilized Off Route,7.0,14.0,WB,8112.0
2017-01-09,186,11:19:00,Monday,yorkmills stn,Utilized Off Route,11.0,22.0,w,8471.0
2017-01-09,196,11:20:00,Monday,Downsview stn,Utilized Off Route,8.0,15.0,e/b,1368.0
2017-01-09,39,11:21:00,Monday,Finch Stn,Utilized Off Route,13.0,26.0,E,1759.0
2017-01-09,760,11:25:00,Monday,Eglinton Yard,Utilized Off Route,1.0,1.0,SB,7447.0
2017-01-09,45,11:30:00,Monday,Kipling Stn,Utilized Off Route,10.0,20.0,n,7933.0
2017-01-09,760,11:30:00,Monday,Eglinton Yard,Utilized Off Route,1.0,1.0,SB,7527.0
2017-01-09,47,11:30:00,Monday,lansdowne / Queen,Mechanical,15.0,30.0,n,1007.0
2017-01-09,12,11:35:00,Monday,Kingston & Bingham,Diversion,144.0,164.0,N,7861.0
2017-01-09,95,11:37:00,Monday,York Mills station,Utilized Off Route,15.0,30.0,W,1719.0
2017-01-09,186,11:38:00,Monday,wilson stn,Utilized Off Route,11.0,22.0,e,1364.0
2017-01-09,95,11:48:00,Monday,Don Mills and Ellesmere Rd,Mechanical,15.0,30.0,WB,1731.0
2017-01-09,11,11:51:00,Monday,Steels Loop,Mechanical,12.0,24.0,S,1665.0
2017-01-09,7,12:01:00,Monday,Bathurst Stn,Mechanical,9.0,19.0,n,9021.0
2017-01-09,63,12:08:00,Monday,Eglinton West Station,Investigation,10.0,20.0,sb,1021.0
2017-01-09,124,12:17:00,Monday,Lawrence Station,Mechanical,8.0,16.0,W,8396.0
2017-01-09,199,12:40:00,Monday,Finch Station,Utilized Off Route,8.0,16.0,EB,1398.0
2017-01-09,709,13:00:00,Monday,Wilson Hgts and sheppard,Emergency Services,1.0,1.0,,1033.0
2017-01-09,95,13:01:00,Monday,Scarborough College Loop- Military Trail,Utilized Off Route,8.0,17.0,WB,1130.0
2017-01-09,87,13:06:00,Monday,Broadview Stn,Utilized Off Route,10.0,20.0,WB,8179.0
2017-01-09,759,13:10:00,Monday,Downsview Stn,Utilized Off Route,5.0,10.0,,1381.0
2017-01-09,709,13:10:00,Monday,Mount Dennis Garage,Utilized Off Route,5.0,10.0,,1009.0
2017-01-09,165,13:45:00,Monday,Wilson Stn.,Mechanical,16.0,32.0,w,1294.0
2017-01-09,54,14:00:00,Monday,Lawrance and Mossbank,Investigation,11.0,22.0,WB,7604.0
2017-01-09,32,14:15:00,Monday,Mount Dennis Garage,Late Leaving Garage,5.0,14.0,,1543.0
2017-01-09,32,14:15:00,Monday,Mount Dennis Garage,Late Leaving Garage,13.0,21.0,,1065.0
2017-01-09,23,14:32:00,Monday,Main Station,Late Leaving Garage,7.0,14.0,N,7750.0
2017-01-09,134,14:35:00,Monday,STC SRT,Mechanical,5.0,10.0,eb,1725.0
2017-01-09,65,14:36:00,Monday,Castlefrank Station,Late Leaving Garage,9.0,18.0,S,7790.0
2017-01-09,73,14:37:00,Monday,CLAIREPORT,Emergency Services,20.0,40.0,s/b,7914.0
2017-01-09,46,14:39:00,Monday,MRFI - Martin Grove + Finch W,Investigation,7.0,14.0,S,7956.0
2017-01-09,75,14:41:00,Monday,Bloor,Mechanical,6.0,12.0,N,1828.0
2017-01-09,81,14:43:00,Monday,Pape Station,Mechanical,8.0,16.0,NB,8141.0
2017-01-09,52,14:43:00,Monday,Law w stn,Late Leaving Garage,8.0,17.0,w,1557.0
2017-01-09,12,14:43:00,Monday,Victoria Park Station,Late Leaving Garage,13.0,26.0,EB,7708.0
2017-01-09,105,14:44:00,Monday,Sheppard / Allen,Investigation,12.0,24.0,n,1801.0
2017-01-09,45,14:45:00,Monday,Queensway Garage,Investigation,3.0,7.0,s,8057.0
2017-01-09,102,14:50:00,Monday,Warden Stn,Mechanical,5.0,10.0,nb,8168.0
2017-01-09,56,14:51:00,Monday,Eglinton stn,Mechanical,9.0,27.0,N,1806.0
2017-01-09,87,14:53:00,Monday,Main Station,Late Leaving Garage,6.0,12.0,W,
2017-01-09,15,14:55:00,Monday,Sherway gardens,Mechanical,23.0,36.0,e/b,8412.0
2017-01-09,91,14:56:00,Monday,Cassandra Blvd and Underhill,Late Leaving Garage,6.0,12.0,S,7727.0
2017-01-09,142,14:57:00,Monday,Hillcrest,Mechanical,30.0,60.0,n,8379.0
2017-01-09,39,14:57:00,Monday,McCowan and Finch,Mechanical,7.0,14.0,W,1715.0
2017-01-09,142,14:57:00,Monday,Hillcrest,Mechanical,30.0,60.0,n,8346.0
2017-01-09,129,14:58:00,Monday,Alton Towers,Investigation,6.0,12.0,B/W,1103.0
2017-01-09,60,15:00:00,Monday,Finch Station,Late Leaving Garage,15.0,22.0,W,8529.0
2017-01-09,47,15:00:00,Monday,Dupont and Lansdowne,Mechanical,14.0,28.0,nb,1653.0
2017-01-09,709,15:00:00,Monday,Mount Dennis Garage,Late Leaving Garage,0.0,0.0,,1022.0
2017-01-09,20,15:00:00,Monday,Main Station,Late Leaving Garage,14.0,28.0,BW,
2017-01-09,79,15:00:00,Monday,Pine and Lawrence,Late Leaving Garage,14.0,28.0,sb,1590.0
2017-01-09,161,15:01:00,Monday,Lambton and Jane,Late Leaving Garage,5.0,12.0,,1623.0
2017-01-09,16,15:04:00,Monday,STC,Late Leaving Garage,8.0,16.0,NB,8111.0
2017-01-09,16,15:04:00,Monday,STC,Late Leaving Garage,8.0,16.0,,
2017-01-09,127,15:05:00,Monday,Townsley Loop,Late Leaving Garage,20.0,39.0,e/b,1606.0
2017-01-09,15,15:06:00,Monday,Sherway gardens,Mechanical,11.0,22.0,n/b,8034.0
2017-01-09,62,15:06:00,Monday,Broadview Station,Late Leaving Garage,16.0,32.0,E,7736.0
2017-01-09,41,15:06:00,Monday,York University Commons,Late Leaving Garage,14.0,29.0,s/b,9144.0
2017-01-09,102,15:06:00,Monday,Warden stn,Late Leaving Garage,5.0,10.0,nb,7832.0
2017-01-09,57,15:08:00,Monday,Steeles and Silver Star,Late Leaving Garage,8.0,16.0,SB,7713.0
2017-01-09,111,15:15:00,Monday,Kipling Stn,Mechanical,10.0,20.0,n/b,7938.0
2017-01-09,72,15:15:00,Monday,Front and Bay,Late Leaving Garage,14.0,28.0,EB,7756.0
2017-01-09,116,15:16:00,Monday,Morningside & Ellesmere,Investigation,22.0,44.0,WB,7439.0
2017-01-09,32,15:21:00,Monday,Skymark and explore,Mechanical,8.0,17.0,eb,1582.0
2017-01-09,68,15:23:00,Monday,Warden and Metropolitan,Mechanical,10.0,20.0,NB,7549.0
2017-01-09,68,15:25:00,Monday,Warden and Fairfax,Late Leaving Garage,10.0,20.0,SB,7423.0
2017-01-09,24,15:26:00,Monday,Victoria Park Station,Late Leaving Garage,17.0,37.0,NB,7723.0
2017-01-09,102,15:27:00,Monday,Warden Stn,Late Leaving Garage,5.0,10.0,nb,
2017-01-09,111,15:30:00,Monday,kipling Stn,Mechanical,10.0,20.0,n/b,7904.0
2017-01-09,87,15:32:00,Monday,Main Station,Utilized Off Route,5.0,10.0,W,8142.0
2017-01-09,60,15:33:00,Monday,Finch Station,Mechanical,17.0,14.0,W,8608.0
2017-01-09,24,15:34:00,Monday,Victoria Park Station,Late Leaving Garage,9.0,17.0,BW,
2017-01-09,24,15:34:00,Monday,Victoria Park & Steeles,Late Leaving Garage,8.0,17.0,SB,
2017-01-09,70,15:35:00,Monday,Coxwell station,Mechanical,8.0,19.0,dn,7631.0
2017-01-09,100,15:35:00,Monday,Broadview STN,Mechanical,5.0,11.0,NB,7624.0
2017-01-09,11,15:35:00,Monday,Davisville stn,Mechanical,9.0,18.0,N,8191.0
2017-01-09,51,15:36:00,Monday,Townsend and Freshmeadow,Mechanical,10.0,28.0,s,8358.0
2017-01-09,31,15:36:00,Monday,Queen & Liang,Diversion,20.0,30.0,SB,7773.0
2017-01-09,37,15:38:00,Monday,humber loop,Mechanical,18.0,36.0,s/b,8008.0
2017-01-09,91,15:38:00,Monday,Woodbine Station,Mechanical,14.0,28.0,N,8128.0
2017-01-09,35,15:40:00,Monday,JNST,Late Leaving Garage,15.0,30.0,N,1004.0
2017-01-09,53,15:40:00,Monday,Morningside and Staines,Late Leaving Garage,9.0,24.0,wb,9084.0
2017-01-09,24,15:43:00,Monday,Victoria Park & Steeles,Late Leaving Garage,9.0,17.0,SB,7873.0
2017-01-09,5,15:44:00,Monday,Queenspark circle,Utilized Off Route,16.0,32.0,N,8387.0
2017-01-09,780,15:46:00,Monday,Kenendy Station,Mechanical,1.0,1.0,WB,7553.0
2017-01-09,131,15:48:00,Monday,STC,Mechanical,8.0,17.0,SB,1137.0
2017-01-09,199,15:48:00,Monday,Finch Station,Late Leaving Garage,12.0,24.0,E,1276.0
2017-01-09,123,15:51:00,Monday,kipling Stn,Mechanical,16.0,32.0,s/b,8009.0
2017-01-09,34,15:52:00,Monday,Eglinton Ave E and Hakimi Ave,Investigation,4.0,8.0,WB,7596.0
2017-01-09,11,15:59:00,Monday,Davisville Stn,Utilized Off Route,8.0,17.0,n,8194.0
2017-01-09,86,16:00:00,Monday,86 Scarborough Route,General Delay,10.0,28.0,BW,
2017-01-09,116,16:00:00,Monday,116 Moriningside Route,General Delay,6.0,18.0,BW,
2017-01-09,35,16:00:00,Monday,JSTE,Mechanical,10.0,20.0,S,8514.0
2017-01-09,198,16:00:00,Monday,198 Scarborough Express,General Delay,10.0,30.0,BW,
2017-01-09,144,16:01:00,Monday,Eglinton Yard,Late Leaving Garage,1.0,1.0,OB,7615.0
2017-01-09,45,16:02:00,Monday,Steeles loop,Mechanical,14.0,17.0,n/b,
2017-01-09,129,16:03:00,Monday,Steele's Avenue East at McCowan Road,Mechanical,17.0,34.0,SB,1728.0
2017-01-09,88,16:04:00,Monday,Thorncliffe Park,Mechanical,7.0,14.0,Eb,1667.0
2017-01-09,45,16:06:00,Monday,Kipling stn,Investigation,8.0,14.0,n/b,8055.0
2017-01-09,129,16:07:00,Monday,Steele's Avenue East and McCowan Road Loop,Mechanical,5.0,13.0,sb,1077.0
2017-01-09,85,16:11:00,Monday,Midland,Mechanical,13.0,25.0,WB,9061.0
2017-01-09,89,16:15:00,Monday,Keele and St Clair,Mechanical,7.0,14.0,n/b,1074.0
2017-01-09,72,16:22:00,Monday,Commissioners and Carlaw,Mechanical,14.0,28.0,EB,7756.0
2017-01-09,85,16:40:00,Monday,Don Mills Stn,Utilized Off Route,12.0,25.0,WB,9061.0
2017-01-09,107,16:47:00,Monday,Steeles,Mechanical,12.0,23.0,n,1815.0
2017-01-09,87,16:54:00,Monday,Main Station,Utilized Off Route,6.0,12.0,W,7852.0
2017-01-09,188,17:00:00,Monday,Route 188 Kipling S Express,General Delay,10.0,25.0,b/w,
2017-01-09,37,17:06:00,Monday,Islington Stn,Mechanical,10.0,20.0,n/b,7932.0
2017-01-09,94,17:06:00,Monday,Castlefrank Station,Utilized Off Route,15.0,30.0,W,7740.0
2017-01-09,24,17:07:00,Monday,Victoria Park Station 24E Branch,Utilized Off Route,8.0,17.0,BW,7748.0
2017-01-09,102,17:15:00,Monday,Warden Stn,Utilized Off Route,10.0,20.0,N,7746.0
2017-01-09,21,17:17:00,Monday,Midland and Eglinton,Mechanical,11.0,22.0,EB,7836.0
2017-01-09,32,17:20:00,Monday,Pine and Lawrence W,Mechanical,8.0,17.0,nb,1630.0
2017-01-09,86,17:29:00,Monday,Muirbank & Meadowvale,Mechanical,14.0,14.0,WB,7438.0
2017-01-09,196,17:36:00,Monday,Downsview stn,Mechanical,6.0,12.0,e,1808.0
2017-01-09,199,17:40:00,Monday,Finch Station,Mechanical,8.0,12.0,E,1731.0
2017-01-09,90,17:52:00,Monday,St.Clair west station,Investigation,5.0,10.0,W,8331.0
2017-01-09,36,17:54:00,Monday,Finch / Albion,Investigation,7.0,14.0,W,9103.0
2017-01-09,29,18:02:00,Monday,Dufferin and Tycos,Mechanical,5.0,10.0,N/B,9024.0
2017-01-09,25,18:05:00,Monday,Don Mills & York Mills,General Delay,1.0,1.0,SB,
2017-01-09,26,18:26:00,Monday,Dupont St.,Mechanical,13.0,27.0,W/B,1032.0
2017-01-09,165,18:31:00,Monday,Weston and Sheppard,Investigation,6.0,24.0,N,1298.0
2017-01-09,90,18:37:00,Monday,St.Clair west station,Investigation,5.0,10.0,W,8383.0
2017-01-09,29,18:42:00,Monday,Princess Gate,Mechanical,5.0,9.0,N/B,9014.0
2017-01-09,129,18:48:00,Monday,Scarborough Town Center RT Station,Mechanical,5.0,14.0,NB,1275.0
2017-01-09,192,19:00:00,Monday,Kipling stn,Late Leaving Garage,10.0,20.0,n/b,8089.0
2017-01-09,95,19:10:00,Monday,Sheppard Ave.,Mechanical,10.0,20.0,S,8459.0
2017-01-09,29,19:50:00,Monday,Dufferin St. and King ST. W,Mechanical,6.0,11.0,N/B,1823.0
2017-01-09,102,19:56:00,Monday,St. Clair and Santa Monica,Mechanical,20.0,30.0,n,7746.0
2017-01-09,46,20:03:00,Monday,KPSN - Kipling station,Investigation,17.0,34.0,N,1236.0
2017-01-09,106,20:55:00,Monday,Keele and Shepperd,Mechanical,17.0,34.0,N/B,8604.0
2017-01-09,53,21:13:00,Monday,Steele's Avenue East at Maxome Avenue,Investigation,16.0,36.0,EB,1773.0
2017-01-09,53,21:13:00,Monday,Steele's Avenue East at Henderson Avenue,Mechanical,4.0,9.0,NB,1090.0
2017-01-09,42,21:13:00,Monday,Mcnicoll/ Dynamic,Mechanical,22.0,44.0,w/b,8210.0
2017-01-09,59,21:53:00,Monday,Church & Jane,Mechanical,17.0,47.0,E,8447.0
2017-01-09,94,22:30:00,Monday,Castlefrank Stn,Utilized Off Route,10.0,20.0,W,7858.0
2017-01-10,196,00:12:00,Tuesday,Downsview Stn,Utilized Off Route,10.0,20.0,NB,1511.0
2017-01-10,52,00:15:00,Tuesday,Lawrence West Station,Mechanical,18.0,36.0,W/B,1626.0
2017-01-10,7,00:20:00,Tuesday,Bathurst Stn,Mechanical,10.0,20.0,NB,9047.0
2017-01-10,7,00:30:00,Tuesday,Bathurst Stn,Utilized Off Route,10.0,20.0,NB,9048.0
2017-01-10,43,00:50:00,Tuesday,Kennedy stn,Investigation,10.0,20.0,Up,7690.0
2017-01-10,300,01:35:00,Tuesday,KPSTN,Mechanical,10.0,1.0,E,8410.0
2017-01-10,63,01:46:00,Tuesday,Ossington Station,Utilized Off Route,10.0,20.0,N/B,1639.0
2017-01-10,300,02:44:00,Tuesday,KENN,Utilized Off Route,20.0,40.0,W,8070.0
2017-01-10,300,03:01:00,Tuesday,Bloor and Church,Diversion,38.0,58.0,W,7665.0
2017-01-10,300,03:25:00,Tuesday,Danforth and Linsmore,Diversion,71.0,91.0,E,8006.0
2017-01-10,300,03:39:00,Tuesday,KENN,Utilized Off Route,5.0,20.0,W,7459.0
2017-01-10,36,04:23:00,Tuesday,Humberwood Loop,Mechanical,7.0,15.0,E/B,9123.0
2017-01-10,35,04:41:00,Tuesday,Jane and Steeles,Mechanical,10.0,20.0,S/b,8556.0
2017-01-10,25,04:51:00,Tuesday,Pape Station,Mechanical,7.0,14.0,NB,7673.0
2017-01-10,25,05:05:00,Tuesday,Pape Station,Mechanical,15.0,30.0,NB,7411.0
2017-01-10,87,05:17:00,Tuesday,MAIN STATION,Late Leaving Garage,5.0,10.0,W,7790.0
2017-01-10,30,05:30:00,Tuesday,Lakeshore/Ellis,Mechanical,20.0,40.0,W,8034.0
2017-01-10,47,05:32:00,Tuesday,Yorkdale mall,Late Leaving Garage,18.0,58.0,S/B,1578.0
2017-01-10,38,05:42:00,Tuesday,Rouge Hill Go Station,Late Leaving Garage,15.0,30.0,w,1779.0
2017-01-10,39,05:45:00,Tuesday,Finch Station to Old Finch/Valley Centre Dr,General Delay,8.0,18.0,B/W,
2017-01-10,100,05:47:00,Tuesday,Eglinton yard,Mechanical,1.0,1.0,ob,7457.0
2017-01-10,79,05:50:00,Tuesday,Pine and Law,Late Leaving Garage,10.0,20.0,s,1643.0
2017-01-10,25,05:52:00,Tuesday,Pape Station,Mechanical,8.0,16.0,NB,7512.0
2017-01-10,69,05:52:00,Tuesday,birchmount and danforth,Late Leaving Garage,1.0,18.0,sb,8124.0
2017-01-10,52,05:54:00,Tuesday,Royal York and Dixon,Investigation,4.0,12.0,e,1555.0
2017-01-10,199,05:57:00,Tuesday,Scar Town Centre Station,Late Leaving Garage,12.0,24.0,W,1707.0
2017-01-10,125,05:57:00,Tuesday,Bathurst and Antibes,Late Leaving Garage,15.0,30.0,w,1822.0
2017-01-10,17,05:59:00,Tuesday,warden stn,Late Leaving Garage,6.0,12.0,nb,7744.0
2017-01-10,127,06:00:00,Tuesday,Davenport and Caledonia park,Diversion,180.0,200.0,b/w,1405.0
2017-01-10,6,06:00:00,Tuesday,entire route,General Delay,10.0,10.0,BW,
2017-01-10,26,06:00:00,Tuesday,entire route,General Delay,9.0,9.0,BW,
2017-01-10,63,06:00:00,Tuesday,entire rotue,General Delay,8.0,8.0,BW,
2017-01-10,199,06:00:00,Tuesday,York University Loop to Morningside/Nightstar,General Delay,10.0,23.0,B/W,
2017-01-10,63,06:02:00,Tuesday,Eglinton west station,Mechanical,8.0,21.0,SB,1624.0
2017-01-10,161,06:05:00,Tuesday,Jane and Alliance,Mechanical,11.0,22.0,W,1565.0
2017-01-10,34,06:05:00,Tuesday,Kennedy Stn,Mechanical,4.0,8.0,W,7588.0
2017-01-10,199,06:05:00,Tuesday,Scar Town Centre Station,Late Leaving Garage,3.0,11.0,W,1104.0
2017-01-10,191,06:06:00,Tuesday,Royal crest,Late Leaving Garage,5.0,10.0,Sb,8526.0
2017-01-10,87,06:12:00,Tuesday,Main Station,Mechanical,5.0,10.0,WB,7858.0
2017-01-10,56,06:12:00,Tuesday,Brentcliffe,Utilized Off Route,12.0,24.0,s,8363.0
2017-01-10,79,06:13:00,Tuesday,Pine and Lawrence,Late Leaving Garage,10.0,20.0,S,1590.0
2017-01-10,43,06:15:00,Tuesday,Kennedy stn,Mechanical,5.0,10.0,nb,7495.0
2017-01-10,21,06:15:00,Tuesday,Scarborough Centre Station,Late Leaving Garage,10.0,20.0,S,7770.0
2017-01-10,69,06:15:00,Tuesday,Sadler and danforth,Mechanical,6.0,12.0,sb,7806.0
2017-01-10,52,06:17:00,Tuesday,Royal York and Dixon,Late Leaving Garage,3.0,6.0,e,1617.0
2017-01-10,95,06:18:00,Tuesday,Malvern Garage,Late Leaving Garage,7.0,12.0,WB,1216.0
2017-01-10,57,06:22:00,Tuesday,Kennedy Station,Mechanical,8.0,16.0,N,7834.0
2017-01-10,53,06:23:00,Tuesday,Markham Rd and Passmore,Late Leaving Garage,5.0,10.0,w,9097.0
2017-01-10,95,06:26:00,Tuesday,Malvern Garage,Late Leaving Garage,8.0,17.0,WB,1147.0
2017-01-10,29,06:28:00,Tuesday,Dufferin and Bloor,Mechanical,9.0,18.0,n,9014.0
2017-01-10,113,06:32:00,Tuesday,MAIN STATION,Mechanical,13.0,26.0,E,7752.0
2017-01-10,71,06:34:00,Tuesday,Weston and Eglinton,Mechanical,19.0,38.0,N/B,1593.0
2017-01-10,36,06:38:00,Tuesday,Finch station,Late Leaving Garage,12.0,24.0,w,8452.0
2017-01-10,98,06:40:00,Tuesday,Sheppard Station,Late Leaving Garage,20.0,40.0,N,1347.0
2017-01-10,53,06:43:00,Tuesday,Markham and Passmore,Late Leaving Garage,5.0,10.0,w,1247.0
2017-01-10,75,06:44:00,Tuesday,Jarvis na Queens Quay,Mechanical,9.0,18.0,n/b,1828.0
2017-01-10,102,06:47:00,Tuesday,warden stn,Late Leaving Garage,10.0,20.0,nb,7800.0
2017-01-10,109,06:50:00,Tuesday,Lawrence West stn,Mechanical,22.0,39.0,s/b,1801.0
2017-01-10,51,06:53:00,Tuesday,Eglinton Station,Late Leaving Garage,16.0,32.0,N,8159.0
2017-01-10,102,06:57:00,Tuesday,warden stn,Late Leaving Garage,10.0,20.0,NB,7806.0
2017-01-10,52,07:00:00,Tuesday,The westway and Brampton,Mechanical,12.0,24.0,w,1600.0
2017-01-10,133,07:00:00,Tuesday,Morningside and Staines,General Delay,10.0,20.0,BW,
2017-01-10,56,07:00:00,Tuesday,Leaside route,General Delay,7.0,15.0,BW,
2017-01-10,54,07:00:00,Tuesday,Eglinton stn to the Star Spray Loop,General Delay,25.0,40.0,bw,
2017-01-10,5,07:00:00,Tuesday,Avenue Rd S,General Delay,15.0,22.0,BW,
2017-01-10,168,07:00:00,Tuesday,entire route,General Delay,5.0,30.0,b/w,
2017-01-10,61,07:00:00,Tuesday,Avenue rd N,General Delay,10.0,15.0,BW,
2017-01-10,129,07:00:00,Tuesday,Major Mackenzie-STC,General Delay,15.0,30.0,BW,
2017-01-10,109,07:00:00,Tuesday,Neptune to Eglinton west stn,General Delay,15.0,35.0,b/w,
2017-01-10,11,07:00:00,Tuesday,Bayview Route,General Delay,10.0,17.0,BW,
2017-01-10,160,07:00:00,Tuesday,Bath. And Clark to Wilson stn,General Delay,15.0,35.0,b/w,
2017-01-10,51,07:00:00,Tuesday,leslie route,General Delay,15.0,20.0,BW,
2017-01-10,73,07:00:00,Tuesday,entire route,General Delay,15.0,45.0,b/w,
2017-01-10,90,07:00:00,Tuesday,Oakwood and vaughan to St.Clair west stn,General Delay,15.0,19.0,b/w,
2017-01-10,97,07:02:00,Tuesday,Yorkmills Station,Utilized Off Route,30.0,60.0,S,8352.0
2017-01-10,102,07:02:00,Tuesday,warden stn,Late Leaving Garage,20.0,40.0,nb,8170.0
2017-01-10,60,07:07:00,Tuesday,Finch Station,Late Leaving Garage,7.0,14.0,W,8605.0
2017-01-10,199,07:09:00,Tuesday,Scar Town Centre Station,Mechanical,7.0,11.0,W,1737.0
2017-01-10,102,07:12:00,Tuesday,ELLESEMERE AND MARKHAM RD.,Mechanical,10.0,20.0,NB,8156.0
2017-01-10,38,07:15:00,Tuesday,STC-Rouge Hill Go,General Delay,8.0,19.0,BW,
2017-01-10,28,07:20:00,Tuesday,Davisville stn,Late Leaving Garage,20.0,40.0,E,1819.0
2017-01-10,54,07:21:00,Tuesday,Eglinton stn,Mechanical,4.0,9.0,eb,7596.0
2017-01-10,188,07:22:00,Tuesday,Kipling Stn,Mechanical,7.0,15.0,s,8014.0
2017-01-10,32,07:22:00,Tuesday,Eglinton West Station,Mechanical,6.0,11.0,E/B,1567.0
2017-01-10,14,07:30:00,Tuesday,Glencairn route,General Delay,3.0,20.0,BW,1.0
2017-01-10,79,07:30:00,Tuesday,Scarlett route,General Delay,5.0,15.0,BW,1.0
2017-01-10,102,07:30:00,Tuesday,ON ROUTE,General Delay,28.0,1.0,BW,
2017-01-10,161,07:30:00,Tuesday,Rogers route,General Delay,4.0,15.0,BW,1.0
2017-01-10,190,07:30:00,Tuesday,Don Mills Station,Mechanical,6.0,14.0,EB,7677.0
2017-01-10,52,07:30:00,Tuesday,Westwood mall to Lawrence stn,General Delay,15.0,20.0,b/w,
2017-01-10,47,07:30:00,Tuesday,Lansdowne route,General Delay,8.0,20.0,BW,1.0
2017-01-10,85,07:30:00,Tuesday,Sheppard Station to Rouge Hill Go Station,General Delay,29.0,18.0,b/w,
2017-01-10,54,07:40:00,Tuesday,Lawrence rt,Mechanical,6.0,12.0,eb,7405.0
2017-01-10,196,07:42:00,Tuesday,Downsview Stn,Utilized Off Route,5.0,7.0,W/B,8306.0
2017-01-10,196,07:44:00,Tuesday,Downsview,Mechanical,2.0,7.0,W/B,8394.0
2017-01-10,52,07:45:00,Tuesday,Jane and Lawrence,Investigation,3.0,6.0,e,1073.0
2017-01-10,131,07:45:00,Tuesday,Kennedy Station - Morningvier Trail & Old Finch,General Delay,12.0,20.0,B/W's,
2017-01-10,132,07:45:00,Tuesday,Scarborough Town Centre to Hupfield and Sewells,General Delay,18.0,12.0,b/w,
2017-01-10,95,07:45:00,Tuesday,York Mills Station to Kingston Loop B/W's,General Delay,32.0,39.0,B/W's,
2017-01-10,9,08:00:00,Tuesday,on route,General Delay,1.0,1.0,bw,
2017-01-10,122,08:00:00,Tuesday,York Mills to Fenelon loop,General Delay,30.0,40.0,b/w,
2017-01-10,115,08:00:00,Tuesday,York Mills to Bannatyne,General Delay,20.0,30.0,b/w,
2017-01-10,24,08:00:00,Tuesday,VICTORIA PARK ROUTE,General Delay,10.0,1.0,BW,
2017-01-10,105,08:00:00,Tuesday,Downsview Stn,General Delay,15.0,30.0,B/W,
2017-01-10,94,08:00:00,Tuesday,WELLESLEY ROUTE,General Delay,10.0,1.0,BW,
2017-01-10,89,08:00:00,Tuesday,Entire Route,General Delay,8.0,16.0,BW,
2017-01-10,60,08:00:00,Tuesday,Entire 60 Steeles West Route,General Delay,8.0,18.0,B/W,
2017-01-10,17,08:00:00,Tuesday,on route,General Delay,1.0,1.0,BW,
2017-01-10,133,08:11:00,Tuesday,Neilson and Crow Trail,Investigation,10.0,20.0,NB,1314.0
2017-01-10,190,08:16:00,Tuesday,STC,Mechanical,7.0,14.0,WB,7665.0
2017-01-10,121,08:28:00,Tuesday,Fort York route,General Delay,18.0,23.0,BW,7717.0
2017-01-10,62,08:30:00,Tuesday,Mortimer route,General Delay,8.0,23.0,BW,8150.0
2017-01-10,143,08:30:00,Tuesday,Downtown - Beach Route,General Delay,10.0,14.0,BW,
2017-01-10,81,08:30:00,Tuesday,Thorncliffe Park Route,General Delay,10.0,13.0,BW,
2017-01-10,57,08:30:00,Tuesday,Midland Route,General Delay,10.0,13.0,BW,
2017-01-10,83,08:30:00,Tuesday,Jones route,General Delay,22.0,32.0,BW,7703.0
2017-01-10,190,08:30:00,Tuesday,190 Route,General Delay,15.0,20.0,BW,
2017-01-10,12,08:30:00,Tuesday,Kingston Road Route,General Delay,14.0,18.0,BW,
2017-01-10,91,08:30:00,Tuesday,Woodbine north route,General Delay,22.0,32.0,BW,7742.0
2017-01-10,21,08:30:00,Tuesday,Brimley Route,General Delay,12.0,16.0,BW,
2017-01-10,129,08:34:00,Tuesday,HWY#7 and McCowan,Mechanical,15.0,30.0,NB,9058.0
2017-01-10,121,08:40:00,Tuesday,Bathurst and Strachan,Mechanical,15.0,30.0,WB,8168.0
2017-01-10,51,08:45:00,Tuesday,Eglinton station,Mechanical,16.0,32.0,N,8159.0
2017-01-10,102,08:48:00,Tuesday,centenial college,Mechanical,10.0,20.0,sb,8156.0
2017-01-10,5,08:52:00,Tuesday,Avenue Rd and Edmund,Mechanical,12.0,24.0,N,8175.0
2017-01-10,196,08:52:00,Tuesday,Downsview Stn,Investigation,28.0,56.0,W/B,8306.0
2017-01-10,104,08:52:00,Tuesday,Downsview Stn,Investigation,14.0,28.0,W/B,1790.0
2017-01-10,95,08:56:00,Tuesday,Scarborough UFT College Loop,Utilized Off Route,9.0,18.0,WB,1220.0
2017-01-10,95,08:59:00,Tuesday,Scarborough UFT College Loop,Utilized Off Route,9.0,18.0,WB,1208.0
2017-01-10,45,09:00:00,Tuesday,Kipling / Rexdale,General Delay,20.0,26.0,s,8431.0
2017-01-10,30,09:00:00,Tuesday,Dundas / Scarlett,General Delay,15.0,35.0,e,8070.0
2017-01-10,95,09:00:00,Tuesday,UFT College Loop,Utilized Off Route,9.0,18.0,WB,1754.0
2017-01-10,49,09:00:00,Tuesday,Bloor / East mall,General Delay,10.0,18.0,e,7906.0
2017-01-10,112,09:00:00,Tuesday,West mall /Burnhamthorpe,General Delay,20.0,42.0,n,8417.0
2017-01-10,35,09:06:00,Tuesday,From Steeles to Jane Stn,General Delay,5.0,10.0,B/W,8469.0
2017-01-10,190,09:07:00,Tuesday,Victoria Park and Sheppard,Investigation,6.0,12.0,EB,7412.0
2017-01-10,195,09:07:00,Tuesday,York University to Jane stn,General Delay,10.0,20.0,B/W,8479.0
2017-01-10,95,09:09:00,Tuesday,York Mills Station,Utilized Off Route,9.0,18.0,EB,1147.0
2017-01-10,192,09:15:00,Tuesday,Hwy 427,General Delay,10.0,23.0,n,8008.0
2017-01-10,54,09:17:00,Tuesday,Lawrence ave Barrymore ave,Investigation,6.0,12.0,eb,7605.0
2017-01-10,95,09:22:00,Tuesday,York Mills Station,Utilized Off Route,1.0,1.0,EB,1214.0
2017-01-10,95,09:30:00,Tuesday,York Mills Station,Utilized Off Route,1.0,1.0,EB,1704.0
2017-01-10,54,09:34:00,Tuesday,Lawrence Carnforth rd,Investigation,6.0,12.0,wb,7510.0
2017-01-10,54,09:35:00,Tuesday,Lawrence ave Carnforth rd,Investigation,6.0,12.0,wb,7623.0
2017-01-10,38,09:36:00,Tuesday,Military Trail and Ellesmere,Investigation,13.0,25.0,EB,1115.0
2017-01-10,36,09:56:00,Tuesday,Arrow,Mechanical,5.0,10.0,w,9108.0
2017-01-10,199,10:04:00,Tuesday,Finch Station,Mechanical,4.0,12.0,E,1788.0
2017-01-10,69,10:29:00,Tuesday,warden stn,Mechanical,11.0,22.0,sb,7818.0
2017-01-10,53,10:33:00,Tuesday,Steeles Ave and Shadlock,Investigation,5.0,10.0,w,1738.0
2017-01-10,39,10:47:00,Tuesday,Scar Town Centre Station,Mechanical,6.0,21.0,E,1260.0
2017-01-10,110,10:49:00,Tuesday,Islington Station,Mechanical,18.0,36.0,S,8401.0
2017-01-10,196,10:55:00,Tuesday,Downsview stn,Utilized Off Route,3.0,6.0,n,8200.0
2017-01-10,199,11:36:00,Tuesday,Scar Town Centre Station,Mechanical,4.0,12.0,W,1743.0
2017-01-10,110,11:46:00,Tuesday,Islington at Evans,Mechanical,20.0,40.0,N,7962.0
2017-01-10,36,12:15:00,Tuesday,Finch and Islington Ave`,Emergency Services,5.0,11.0,W/B,9103.0
2017-01-10,25,12:17:00,Tuesday,Freshmeadow and Don Mills,Mechanical,7.0,14.0,SB,7653.0
2017-01-10,64,12:25:00,Tuesday,Main Station,Mechanical,10.0,20.0,NB,8106.0
2017-01-10,199,12:40:00,Tuesday,Finch - Warden,Mechanical,12.0,24.0,E,1742.0
2017-01-10,34,12:42:00,Tuesday,Kennedy STN,Mechanical,7.0,14.0,W,7438.0
2017-01-10,185,12:47:00,Tuesday,Don Mills and Freshmeadow,Mechanical,7.0,14.0,SB,7524.0
2017-01-10,35,13:00:00,Tuesday,JNST to JSTE and POJA,General Delay,7.0,14.0,B/W,
2017-01-10,195,13:00:00,Tuesday,JNST to COMMONS,General Delay,10.0,20.0,B/W,
2017-01-10,115,13:05:00,Tuesday,Yonge and Hedgewood,Diversion,60.0,80.0,e,1574.0
2017-01-10,89,13:10:00,Tuesday,Weston / Ray,Mechanical,7.0,14.0,s,1510.0
2017-01-10,75,13:12:00,Tuesday,Queen Quay and Lower jarvis,Mechanical,7.0,14.0,n/b,8391.0
2017-01-10,85,13:14:00,Tuesday,Sheppard @ Rainbow Ridge,Mechanical,26.0,52.0,E,9079.0
2017-01-10,48,13:43:00,Tuesday,RATHBURN AND COTTRELLE GATE,Investigation,22.0,44.0,W/B,8427.0
2017-01-10,76,13:52:00,Tuesday,ROYAL YORK STN,Utilized Off Route,9.0,16.0,s/b,8049.0
2017-01-10,709,13:53:00,Tuesday,Eglinton Stn.,Utilized Off Route,1.0,1.0,wb,1045.0
2017-01-10,87,13:57:00,Tuesday,Main Station,Utilized Off Route,10.0,20.0,WB,7867.0
2017-01-10,24,14:00:00,Tuesday,,General Delay,1.0,1.0,b/w,
2017-01-10,29,14:00:00,Tuesday,Springhurst Loop,Utilized Off Route,4.0,8.0,n,8333.0
2017-01-10,43,14:00:00,Tuesday,43-Kennedy Route,General Delay,17.0,23.0,BW,
2017-01-10,32,14:10:00,Tuesday,Kipling and Eglinton,Mechanical,9.0,18.0,eb,1345.0
2017-01-10,709,14:14:00,Tuesday,Eglinton and Avenue Road,Utilized Off Route,1.0,1.0,wb,1045.0
2017-01-10,57,14:16:00,Tuesday,Dorcot and Midland,Mechanical,12.0,24.0,NB,7878.0
2017-01-10,29,14:17:00,Tuesday,Springhurst Loop,Utilized Off Route,4.0,8.0,n,8333.0
2017-01-10,709,14:20:00,Tuesday,Eglinton West Stn.,Utilized Off Route,1.0,1.0,wb,1587.0
2017-01-10,39,14:21:00,Tuesday,Markham and Finch,Diversion,176.0,195.0,W,1716.0
2017-01-10,43,14:27:00,Tuesday,Kennedy Station,Mechanical,10.0,20.0,WB,7627.0
2017-01-10,5,14:30:00,Tuesday,Davenport to Eglinton Stn,General Delay,12.0,24.0,b,
2017-01-10,102,14:30:00,Tuesday,on route,General Delay,1.0,1.0,bw,
2017-01-10,61,14:30:00,Tuesday,Eglinton Stn to Bombay Loop,General Delay,13.0,20.0,b,
2017-01-10,16,14:30:00,Tuesday,on route,General Delay,1.0,1.0,bw,
2017-01-10,105,14:31:00,Tuesday,Downsview stn,Mechanical,12.0,24.0,n,8344.0
2017-01-10,65,14:36:00,Tuesday,Catlefrank Station,Late Leaving Garage,9.0,18.0,s,7730.0
2017-01-10,198,14:36:00,Tuesday,Kingston/Lawrence,Investigation,10.0,20.0,NB,7508.0
2017-01-10,116,14:39:00,Tuesday,Kennedy station,Late Leaving Garage,20.0,40.0,NB,7665.0
2017-01-10,107,14:39:00,Tuesday,St Bassil,Mechanical,7.0,14.0,n,8374.0
2017-01-10,81,14:43:00,Tuesday,Pape Station,Late Leaving Garage,7.0,14.0,NB,8170.0
2017-01-10,12,14:43:00,Tuesday,Victoria Park Station,Late Leaving Garage,14.0,28.0,EB,8144.0
2017-01-10,196,14:44:00,Tuesday,Downsview stn,Utilized Off Route,3.0,6.0,n,8324.0
2017-01-10,12,14:45:00,Tuesday,Kingston Road Route,General Delay,20.0,40.0,BW,
2017-01-10,57,14:45:00,Tuesday,Midland Avenue Route,General Delay,8.0,16.0,BW,
2017-01-10,20,14:48:00,Tuesday,,Mechanical,14.0,28.0,N/B,
2017-01-10,32,14:48:00,Tuesday,Marshal Mcluhan H. S.,Late Leaving Garage,8.0,17.0,eb,1571.0
2017-01-10,57,14:48:00,Tuesday,Dorcot and Midland,Mechanical,8.0,16.0,SB,7782.0
2017-01-10,191,14:50:00,Tuesday,Martin Grove and Albion,Mechanical,6.0,12.0,S/B,8448.0
2017-01-10,35,14:53:00,Tuesday,SJAN,Late Leaving Garage,7.0,14.0,N,1395.0
2017-01-10,87,14:53:00,Tuesday,Braodview Station,Late Leaving Garage,6.0,12.0,E,7778.0
2017-01-10,32,14:55:00,Tuesday,Jane / Wright,Investigation,10.0,18.0,wb,1644.0
2017-01-10,122,14:55:00,Tuesday,Yorkmills and Old Yonge,Diversion,60.0,76.0,e,8203.0
2017-01-10,14,14:55:00,Tuesday,Mount Dennis to Calendonia/Glencairn,Late Leaving Garage,20.0,40.0,eb,1649.0
2017-01-10,100,15:00:00,Tuesday,Broadview STN to Don Mills and Eglinton,General Delay,16.0,11.0,B/W,
2017-01-10,90,15:00:00,Tuesday,Vaughan road route,General Delay,15.0,18.0,B,
2017-01-10,65,15:00:00,Tuesday,Castlefrank Station to Queen,General Delay,8.0,10.0,BW,8108.0
2017-01-10,41,15:00:00,Tuesday,Entire route,General Delay,30.0,1.0,BW,
2017-01-10,23,15:00:00,Tuesday,Main Station to Rexleigh,General Delay,10.0,12.0,BW,
2017-01-10,116,15:00:00,Tuesday,On Route,General Delay,20.0,30.0,Bw,
2017-01-10,34,15:00:00,Tuesday,Eglinton Avenue East,General Delay,20.0,8.0,B/W,
2017-01-10,95,15:00:00,Tuesday,DollyVarden and Ellesmere,Mechanical,13.0,28.0,WB,1321.0
2017-01-10,86,15:00:00,Tuesday,On Route,General Delay,20.0,30.0,Bw,
2017-01-10,39,15:00:00,Tuesday,Finch Stn to Old Finch,General Delay,25.0,44.0,BW,
2017-01-10,34,15:02:00,Tuesday,Eglinton STN,Mechanical,4.0,8.0,E,7683.0
2017-01-10,16,15:04:00,Tuesday,STC,Mechanical,9.0,18.0,sb,
2017-01-10,78,15:05:00,Tuesday,Yorkmills and Hedgewood,Diversion,55.0,70.0,e,1810.0
2017-01-10,195,15:06:00,Tuesday,JNST,Late Leaving Garage,10.0,20.0,N,8537.0
2017-01-10,95,15:06:00,Tuesday,York Mills station,Diversion,8.0,31.0,E,1705.0
2017-01-10,129,15:06:00,Tuesday,Malvern Garage,Late Leaving Garage,12.0,24.0,NB,1730.0
2017-01-10,117,15:07:00,Tuesday,Downsview stn,Mechanical,11.0,22.0,n,1819.0
2017-01-10,196,15:10:00,Tuesday,Sheppard stn / York U,General Delay,0.0,0.0,b/w,
2017-01-10,61,15:12:00,Tuesday,Eglinton Station,Mechanical,12.0,24.0,W,1689.0
2017-01-10,190,15:15:00,Tuesday,1900 Sheppard ave E,Mechanical,5.0,9.0,w,7525.0
2017-01-10,72,15:15:00,Tuesday,Pape Station,Late Leaving Garage,14.0,28.0,EB,7781.0
2017-01-10,60,15:19:00,Tuesday,Finch Station,Late Leaving Garage,13.0,26.0,W,8471.0
2017-01-10,64,15:20:00,Tuesday,Cavendish and Southwood,Diversion,106.0,113.0,N,7745.0
2017-01-10,41,15:20:00,Tuesday,Commons,Late Leaving Garage,14.0,29.0,sb,1431.0
2017-01-10,39,15:22:00,Tuesday,McNicoll and Victoria Park,Late Leaving Garage,12.0,24.0,W,1118.0
2017-01-10,24,15:23:00,Tuesday,steeles,Utilized Off Route,6.0,12.0,s/b,8114.0
2017-01-10,24,15:24:00,Tuesday,vic park stn,Mechanical,12.0,24.0,n/b,
2017-01-10,35,15:25:00,Tuesday,JNST,Late Leaving Garage,15.0,30.0,N,
2017-01-10,132,15:25:00,Tuesday,Milner @ Neilson,Mechanical,12.0,25.0,W,1253.0
2017-01-10,102,15:27:00,Tuesday,warden stn,Mechanical,9.0,18.0,nb,
2017-01-10,38,15:28:00,Tuesday,STC to RHGO,General Delay,12.0,24.0,bw,
2017-01-10,133,15:28:00,Tuesday,STC to Mofi,General Delay,11.0,22.0,BW,
2017-01-10,161,15:28:00,Tuesday,Mount Dennis to Jane/Lambton,Late Leaving Garage,11.0,22.0,eb,1033.0
2017-01-10,76,15:30:00,Tuesday,Royal York/Newcastle,Mechanical,5.0,10.0,N,8031.0
2017-01-10,199,15:30:00,Tuesday,Finch and Markham,Diversion,110.0,122.0,W,1129.0
2017-01-10,25,15:30:00,Tuesday,DonMills and Sheppard,Mechanical,6.0,12.0,11,7678.0
2017-01-10,91,15:30:00,Tuesday,Woodbine Station to Yorkmills road,General Delay,10.0,12.0,BW,
2017-01-10,53,15:34:00,Tuesday,VP-Steeles,Mechanical,5.0,11.0,eb,1717.0
2017-01-10,41,15:35:00,Tuesday,Commons,Late Leaving Garage,15.0,29.0,sb,1408.0
2017-01-10,63,15:35:00,Tuesday,Ossington Station,Mechanical,10.0,20.0,N,1576.0
2017-01-10,52,15:38:00,Tuesday,Weston & Lawrence,Late Leaving Garage,17.0,33.0,w/b,1500.0
2017-01-10,196,15:43:00,Tuesday,York University,Mechanical,2.0,4.0,s,1823.0
2017-01-10,52,15:43:00,Tuesday,Weston & Lawrence,Late Leaving Garage,11.0,22.0,e/b,1650.0
2017-01-10,63,15:44:00,Tuesday,Eglinton West Station,Late Leaving Garage,10.0,20.0,S,1565.0
2017-01-10,35,15:44:00,Tuesday,JSTE,Late Leaving Garage,13.0,20.0,S,
2017-01-10,32,15:47:00,Tuesday,Skymark Ave. & Explorer Dr.,Late Leaving Garage,9.0,17.0,eb,1022.0
2017-01-10,52,15:51:00,Tuesday,Terminal # 1,Late Leaving Garage,10.0,26.0,e/b,1646.0
2017-01-10,52,15:54:00,Tuesday,Lawrence West stn,Late Leaving Garage,11.0,22.0,w/b,1621.0
2017-01-10,11,15:59:00,Tuesday,Davisville Stn,Utilized Off Route,7.0,15.0,n,8320.0
2017-01-10,87,16:00:00,Tuesday,Broadview Station to Main Station,General Delay,8.0,10.0,BW,
2017-01-10,113,16:00:00,Tuesday,Danforth,General Delay,1.0,1.0,B/W,
2017-01-10,132,16:00:00,Tuesday,STC to Hupfield,General Delay,12.0,25.0,E/W,
2017-01-10,69,16:00:00,Tuesday,Warden South route,General Delay,12.0,1.0,BW,
2017-01-10,135,16:00:00,Tuesday,Gerrard Route,General Delay,20.0,1.0,BW,
2017-01-10,9,16:00:00,Tuesday,Bellamy Route,General Delay,20.0,1.0,BW,
2017-01-10,17,16:00:00,Tuesday,Brichmount Route,General Delay,16.0,1.0,BW,
2017-01-10,55,16:00:00,Tuesday,Entire route,General Delay,20.0,1.0,BW,
2017-01-10,74,16:03:00,Tuesday,St.Clair Station,Late Leaving Garage,20.0,40.0,NB,1801.0
2017-01-10,134,16:05:00,Tuesday,STC SRT,Mechanical,5.0,10.0,eb,1112.0
2017-01-10,162,16:05:00,Tuesday,lawrence Station,Mechanical,30.0,60.0,EB,8305.0
2017-01-10,89,16:10:00,Tuesday,Keele stn entrance,Investigation,7.0,14.0,sb,1053.0
2017-01-10,191,16:10:00,Tuesday,Martin Grove and Albion,Diversion,6.0,12.0,n/b,8452.0
2017-01-10,67,16:10:00,Tuesday,Pharmacy and Dewey,Mechanical,10.0,20.0,S,7564.0
2017-01-10,801,16:19:00,Tuesday,Wilson Station,Utilized Off Route,1.0,1.0,s,8390.0
2017-01-10,801,16:19:00,Tuesday,Wilson Station,Utilized Off Route,1.0,1.0,s,1701.0
2017-01-10,771,16:19:00,Tuesday,Wilson Station,Utilized Off Route,1.0,1.0,S,1667.0
2017-01-10,16,16:20:00,Tuesday,warden stn,Utilized Off Route,8.0,16.0,s/b,7833.0
2017-01-10,771,16:20:00,Tuesday,Downsview stn,Utilized Off Route,0.0,0.0,s,1670.0
2017-01-10,63,16:20:00,Tuesday,Eglinton Ave W at Oakwood Ave`,Utilized Off Route,10.0,20.0,S,1565.0
2017-01-10,54,16:20:00,Tuesday,Eglinton and Leslie,Mechanical,10.0,20.0,WB,7599.0
2017-01-10,87,16:20:00,Tuesday,Main Station,Utilized Off Route,10.0,20.0,W,8164.0
2017-01-10,771,16:20:00,Tuesday,Downsview stn,Utilized Off Route,0.0,0.0,n,1375.0
2017-01-10,116,16:20:00,Tuesday,Kennedy Station,Utilized Off Route,10.0,20.0,NB,7468.0
2017-01-10,6,16:20:00,Tuesday,Sherbourne at Queens Quay.,Utilized Off Route,11.0,22.0,N,1353.0
2017-01-10,53,16:20:00,Tuesday,Passmore and Markham Rd,Utilized Off Route,5.0,11.0,wb,1722.0
2017-01-10,75,16:21:00,Tuesday,Bloor,Utilized Off Route,6.0,12.0,S,1559.0
2017-01-10,17,16:21:00,Tuesday,Warden Stn,Mechanical,16.0,24.0,N,7847.0
2017-01-10,198,16:22:00,Tuesday,Kennedy Station,Utilized Off Route,10.0,20.0,NB,7490.0
2017-01-10,32,16:23:00,Tuesday,Emmett Av. / Hospital Roadway,Mechanical,8.0,16.0,wb,1350.0
2017-01-10,9,16:23:00,Tuesday,Bellamy and Burnview,Investigation,16.0,32.0,S,7879.0
2017-01-10,100,16:24:00,Tuesday,Gateway Blvd/Vendome,Diversion,7.0,17.0,up,7436.0
2017-01-10,131,16:24:00,Tuesday,Kennedy station,Utilized Off Route,9.0,17.0,N,1107.0
2017-01-10,35,16:25:00,Tuesday,Mt.Dennis,Utilized Off Route,15.0,30.0,S,1004.0
2017-01-10,35,16:25:00,Tuesday,Mt. Dennis,Utilized Off Route,13.0,20.0,S,1360.0
2017-01-10,709,16:25:00,Tuesday,Eglinton Stn.,Utilized Off Route,1.0,1.0,wb,1587.0
2017-01-10,191,16:25:00,Tuesday,Kipling station,Utilized Off Route,6.0,12.0,n/b,7958.0
2017-01-10,133,16:25:00,Tuesday,STC,Utilized Off Route,7.0,14.0,E,1782.0
2017-01-10,116,16:25:00,Tuesday,Kennedy Station,Utilized Off Route,15.0,30.0,NB,7461.0
2017-01-10,39,16:27:00,Tuesday,McCowan and Finch,Utilized Off Route,6.0,13.0,E,1220.0
2017-01-10,131,16:28:00,Tuesday,Kennedy Station,Utilized Off Route,8.0,16.0,N,1208.0
2017-01-10,54,16:30:00,Tuesday,Lawrance RT station,Utilized Off Route,10.0,20.0,EB,7639.0
2017-01-10,199,16:30:00,Tuesday,Scarborough Town Centre,Utilized Off Route,8.0,12.0,N,1707.0
2017-01-10,43,16:30:00,Tuesday,Kennedy station,Utilized Off Route,10.0,20.0,NB,7421.0
2017-01-10,52,16:30:00,Tuesday,Lawrence stn,Utilized Off Route,11.0,22.0,e/b,1606.0
2017-01-10,709,16:30:00,Tuesday,Eglinton West Stn.,Utilized Off Route,1.0,1.0,eb,1014.0
2017-01-10,124,16:30:00,Tuesday,Lawrence Station,Mechanical,7.0,14.0,Eb,1799.0
2017-01-10,24,16:30:00,Tuesday,vic park stn,Utilized Off Route,17.0,34.0,n/b,7754.0
2017-01-10,72,16:30:00,Tuesday,Pape Station,Utilized Off Route,14.0,28.0,BW,7781.0
2017-01-10,36,16:31:00,Tuesday,Finch Station,Utilized Off Route,7.0,15.0,W/B,9113.0
2017-01-10,11,16:33:00,Tuesday,Davisville Stn,Utilized Off Route,8.0,15.0,n,8182.0
2017-01-10,32,16:35:00,Tuesday,Weston Road and Ray,Utilized Off Route,9.0,8.0,WB,1530.0
2017-01-10,68,16:37:00,Tuesday,Warden stn,Utilized Off Route,10.0,20.0,Up,7611.0
2017-01-10,56,16:40:00,Tuesday,Donlands Stn,Mechanical,12.0,24.0,n,8363.0
2017-01-10,100,16:40:00,Tuesday,Concorde pl,Mechanical,10.0,20.0,down,7494.0
2017-01-10,96,16:44:00,Tuesday,York Mills Stn,Utilized Off Route,22.0,44.0,WB,8565.0
2017-01-10,60,16:44:00,Tuesday,Finch Station,Utilized Off Route,8.0,16.0,W,1292.0
2017-01-10,32,16:45:00,Tuesday,Eglinton Stn.,Utilized Off Route,10.0,18.0,WB,1630.0
2017-01-10,95,16:45:00,Tuesday,ELLESMERE ROUTE(95),General Delay,20.0,40.0,B/W,1286.0
2017-01-10,116,16:46:00,Tuesday,Kennedy Station,Utilized Off Route,10.0,20.0,NB,7539.0
2017-01-10,810,16:46:00,Tuesday,Eglinton/Kennedy,Investigation,1.0,1.0,NB,7539.0
2017-01-10,186,16:47:00,Tuesday,York Mills Stn,Utilized Off Route,11.0,21.0,WB,1243.0
2017-01-10,43,16:47:00,Tuesday,North Service Rd and Eglinton,Investigation,10.0,20.0,WB,7404.0
2017-01-10,24,16:48:00,Tuesday,ellsmere,Mechanical,26.0,52.0,n/b,7790.0
2017-01-10,131,16:48:00,Tuesday,Nugget route (131),General Delay,10.0,20.0,B/W,1084.0
2017-01-10,68,16:49:00,Tuesday,warden stn,Utilized Off Route,10.0,20.0,up,7611.0
2017-01-10,68,16:49:00,Tuesday,Warden stn,Utilized Off Route,10.0,20.0,up,7472.0
2017-01-10,24,16:54:00,Tuesday,VIC PARK AND STEELES,Utilized Off Route,8.0,16.0,n/b,8145.0
2017-01-10,73,17:00:00,Tuesday,Royal York Station to Calireport at Albion,General Delay,20.0,40.0,BW,
2017-01-10,199,17:00:00,Tuesday,York U to Nightstar and Morningside,General Delay,20.0,32.0,BW,
2017-01-10,129,17:00:00,Tuesday,STC to MMRC,General Delay,17.0,34.0,BW,
2017-01-10,32,17:00:00,Tuesday,Maxwell Ave. on Eglinton ave. west,Mechanical,9.0,17.0,wb,1022.0
2017-01-10,24,17:02:00,Tuesday,vic park stn,Emergency Services,8.0,16.0,n/b,8131.0
2017-01-10,75,17:17:00,Tuesday,Jarvis and Queens Quay,Mechanical,6.0,12.0,N,8337.0
2017-01-10,53,17:19:00,Tuesday,Passmore and Markham Rd,Mechanical,5.0,10.0,wb,1231.0
2017-01-10,97,17:20:00,Tuesday,Yonge/Yorkmills,Mechanical,30.0,60.0,Sb,1825.0
2017-01-10,162,17:30:00,Tuesday,Lawrence Station,Mechanical,30.0,60.0,EB,1799.0
2017-01-10,67,17:30:00,Tuesday,Pharmacy and Comstock,Mechanical,10.0,20.0,N,7564.0
2017-01-10,35,17:33:00,Tuesday,Lambton,Investigation,7.0,14.0,N,8561.0
2017-01-10,54,17:34:00,Tuesday,Lawrance and McCowan,Investigation,11.0,22.0,WB,7624.0
2017-01-10,98,17:35:00,Tuesday,Willowdale/Steeles,Investigation,15.0,30.0,EB,8373.0
2017-01-10,102,17:36:00,Tuesday,Centennial College,Mechanical,10.0,20.0,S,8156.0
2017-01-10,25,17:40:00,Tuesday,DonMills and Lawrence,Mechanical,6.0,12.0,N,7698.0
2017-01-10,24,17:40:00,Tuesday,ferncrest and vic park,Mechanical,8.0,16.0,n/b,7731.0
2017-01-10,190,17:45:00,Tuesday,STC,Mechanical,4.0,9.0,w,7456.0
2017-01-10,69,17:47:00,Tuesday,Warden and Danforth,Mechanical,10.0,20.0,N,7805.0
2017-01-10,98,17:50:00,Tuesday,Willowdale/Steeles,Diversion,95.0,125.0,EB,8174.0
2017-01-10,87,17:57:00,Tuesday,Gowan and Cosburn,Investigation,5.0,10.0,E,7840.0
2017-01-10,39,17:58:00,Tuesday,Finch and Middlefield,Investigation,12.0,24.0,E,1827.0
2017-01-10,34,17:58:00,Tuesday,Eglinton STN,Mechanical,4.0,8.0,E,7413.0
2017-01-10,32,18:00:00,Tuesday,Eglinton Station,Mechanical,9.0,17.0,wb,1076.0
2017-01-10,192,18:05:00,Tuesday,kipling stn,Late Leaving Garage,10.0,20.0,n/b,8002.0
2017-01-10,68,18:15:00,Tuesday,Ellsmere/Warden,Mechanical,10.0,20.0,Down,7580.0
2017-01-10,14,18:15:00,Tuesday,Glencairn and Calendonia,Mechanical,20.0,40.0,3,1013.0
2017-01-10,54,18:16:00,Tuesday,Lawrance and McCowan,Diversion,12.0,23.0,WB,
2017-01-10,54,18:22:00,Tuesday,Lawrance and Warden,Mechanical,11.0,22.0,WB,7657.0
2017-01-10,53,18:25:00,Tuesday,Passmore and Markham Rd,Mechanical,6.0,11.0,wb,1759.0
2017-01-10,44,18:27:00,Tuesday,Kipling / Evans,Mechanical,7.0,15.0,s/b,7913.0
2017-01-10,6,18:35:00,Tuesday,Bedford Rd,Mechanical,10.0,20.0,S,1527.0
2017-01-10,77,18:52:00,Tuesday,Lavinia Ave. on Morning side,Mechanical,9.0,22.0,sb,1659.0
2017-01-10,199,18:55:00,Tuesday,Scarborough Town Centre,Mechanical,8.0,12.0,N,1116.0
2017-01-10,77,18:58:00,Tuesday,Lavinia Ave. on Morning side,Diversion,9.0,22.0,bothways,
2017-01-10,54,18:59:00,Tuesday,Lawrance RT station,Investigation,11.0,22.0,EB,7573.0
2017-01-10,9,19:15:00,Tuesday,McCowan and Martindale,Investigation,16.0,31.0,S,7879.0
2017-01-10,87,19:27:00,Tuesday,East York Acres,Diversion,388.0,398.0,W,7801.0
2017-01-10,89,19:40:00,Tuesday,Lawrence and weston rd,Mechanical,8.0,17.0,nb,1053.0
2017-01-10,16,19:50:00,Tuesday,Scarborough Town Centre,Mechanical,11.0,22.0,S,7777.0
2017-01-10,94,20:00:00,Tuesday,Castlefrank Station,Utilized Off Route,9.0,18.0,W,8138.0
2017-01-10,112,20:09:00,Tuesday,West Mall/Burnhamthorpe,Emergency Services,15.0,30.0,s/b,8052.0
2017-01-10,34,20:13:00,Tuesday,Eglinton and Kennedy,Investigation,7.0,13.0,W,7474.0
2017-01-10,102,20:21:00,Tuesday,Warden Stn,Utilized Off Route,18.0,36.0,N,7741.0
2017-01-10,199,20:31:00,Tuesday,STC,Utilized Off Route,13.0,26.0,W,1745.0
2017-01-10,102,20:39:00,Tuesday,Warden Stn,Mechanical,18.0,36.0,N,8129.0
2017-01-10,52,20:45:00,Tuesday,Skyway and Lawrence,Mechanical,12.0,24.0,E/B,1610.0
2017-01-10,86,21:19:00,Tuesday,kingston rd/Kingston rd,Mechanical,10.0,20.0,down,7660.0
2017-01-10,24,21:35:00,Tuesday,Victoria Park Stn,Utilized Off Route,10.0,20.0,n,7831.0
2017-01-10,85,21:37:00,Tuesday,SHEPPARD AND VIC. PARK,Mechanical,16.0,32.0,E,9101.0
2017-01-10,165,21:42:00,Tuesday,Wilson and Clayson,Mechanical,9.0,17.0,e,1312.0
2017-01-10,35,22:42:00,Tuesday,Jane station,Mechanical,1.0,1.0,n,8536.0
2017-01-10,22,23:01:00,Tuesday,Bingham loop,Investigation,10.0,20.0,Up,7420.0
2017-01-10,85,23:17:00,Tuesday,SHEPPARD AND WARDEN,Mechanical,19.0,35.0,E,9097.0
2017-01-10,63,23:21:00,Tuesday,Ossington Station,Utilized Off Route,10.0,20.0,E/B,1249.0
2017-01-10,63,23:30:00,Tuesday,Whole route affected,General Delay,10.0,30.0,B/W,
2017-01-10,102,23:35:00,Tuesday,Warden Stn,Utilized Off Route,30.0,60.0,N,7805.0
2017-01-10,16,23:39:00,Tuesday,Warden Stn,Utilized Off Route,15.0,30.0,N,8105.0
2017-01-10,87,23:45:00,Tuesday,Main Station,Utilized Off Route,10.0,20.0,W,7867.0
2017-01-10,192,23:59:00,Tuesday,427/Rathburn,Mechanical,10.0,20.0,s/b,8004.0
2017-01-11,43,00:00:00,Wednesday,Kennedy stn,Utilized Off Route,1.0,1.0,,7607.0
2017-01-11,102,00:33:00,Wednesday,Ellesemere and Markham,Mechanical,10.0,20.0,S,7741.0
2017-01-11,100,00:50:00,Wednesday,Broadview stn,Utilized Off Route,10.0,20.0,up,7598.0
2017-01-11,96,00:56:00,Wednesday,Wilson Stn,Mechanical,7.0,20.0,e,8522.0
2017-01-11,111,01:06:00,Wednesday,Kipling stn,Mechanical,17.0,35.0,s/b,8069.0
2017-01-11,34,01:19:00,Wednesday,Wynford/Eglinton,Mechanical,10.0,20.0,UP,7429.0
2017-01-11,54,01:31:00,Wednesday,Lawerence Rt,Mechanical,10.0,20.0,UP,7628.0
2017-01-11,336,02:15:00,Wednesday,Finch & Driftwood,Diversion,177.0,207.0,BW,
2017-01-11,320,02:40:00,Wednesday,Yonge & Adelaide,Investigation,4.0,8.0,N,1347.0
2017-01-11,84,02:47:00,Wednesday,Arrow Garage,Investigation,1.0,1.0,s,1366.0
2017-01-11,36,04:40:00,Wednesday,Driftwood,Diversion,5.0,10.0,w,9123.0
2017-01-11,116,04:57:00,Wednesday,Eglinton Yard,Late Leaving Garage,1.0,1.0,OB,7639.0
2017-01-11,108,05:03:00,Wednesday,Finch and Driftwood,Diversion,160.0,180.0,SB,8521.0
2017-01-11,68,05:07:00,Wednesday,Warden ave Danforth rd,Mechanical,10.0,29.0,NB,7596.0
2017-01-11,199,05:12:00,Wednesday,McCowan N/B & Sheppard,Late Leaving Garage,11.0,22.0,W,1231.0
2017-01-11,39,05:17:00,Wednesday,Finch & Baldoon,Late Leaving Garage,5.0,10.0,E,1740.0
2017-01-11,29,05:22:00,Wednesday,Dufferin and Bloor,Mechanical,11.0,22.0,n,9021.0
2017-01-11,65,05:29:00,Wednesday,Woodbine and Danforth,Mechanical,12.0,24.0,WB,8154.0
2017-01-11,129,05:30:00,Wednesday,Malvern Garage,Mechanical,13.0,19.0,WB,9072.0
2017-01-11,17,05:41:00,Wednesday,flora and birchmount,Mechanical,11.0,22.0,nb,8163.0
2017-01-11,53,05:50:00,Wednesday,Markham and Passmore,Late Leaving Garage,4.0,9.0,w,1087.0
2017-01-11,133,05:50:00,Wednesday,Morningside and nightstar,Late Leaving Garage,10.0,20.0,s,1217.0
2017-01-11,54,05:55:00,Wednesday,Eglinton yard,Mechanical,1.0,1.0,ob,7530.0
2017-01-11,85,05:57:00,Wednesday,Meadowvale Loop,Late Leaving Garage,13.0,25.0,w,9098.0
2017-01-11,32,06:01:00,Wednesday,Keele and Ehlinton,Mechanical,6.0,12.0,E/b,1010.0
2017-01-11,32,06:06:00,Wednesday,Skymark and Commerce,Mechanical,6.0,12.0,E/B,1053.0
2017-01-11,76,06:07:00,Wednesday,EVANS AND ROYAL YORK,Mechanical,4.0,8.0,s/b,8068.0
2017-01-11,7,06:09:00,Wednesday,Steeles and Village gate,Late Leaving Garage,9.0,18.0,s/b,9022.0
2017-01-11,29,06:09:00,Wednesday,Tycos,Mechanical,9.0,18.0,s,9036.0
2017-01-11,63,06:10:00,Wednesday,Eglinton West Station,Late Leaving Garage,4.0,12.0,S/B,1569.0
2017-01-11,124,06:10:00,Wednesday,Lawrence Station,Late Leaving Garage,12.0,24.0,E,8381.0
2017-01-11,63,06:10:00,Wednesday,Mount Dennis to Eglinton West Station,Late Leaving Garage,4.0,8.0,sb,1617.0
2017-01-11,90,06:10:00,Wednesday,Oakwood and Vaughan,Late Leaving Garage,5.0,10.0,s/b,1534.0
2017-01-11,85,06:14:00,Wednesday,Rouge Hill Go Station,Late Leaving Garage,0.0,0.0,w,9069.0
2017-01-11,32,06:14:00,Wednesday,Skymark and Commerce,Mechanical,6.0,12.0,E/B,1002.0
2017-01-11,109,06:15:00,Wednesday,Lawrence west stn,Late Leaving Garage,17.0,30.0,s/b,1385.0
2017-01-11,32,06:29:00,Wednesday,Skymark and Conmmerce,Late Leaving Garage,5.0,11.0,E/B,1044.0
2017-01-11,95,06:29:00,Wednesday,Wilson Garage,Late Leaving Garage,7.0,14.0,WB,8394.0
2017-01-11,68,06:33:00,Wednesday,Warden Sheppard,Mechanical,5.0,4.0,nb,7500.0
2017-01-11,46,06:34:00,Wednesday,Martin Grove,Late Leaving Garage,5.0,10.0,w,8435.0
2017-01-11,76,06:34:00,Wednesday,Pape Station,Mechanical,14.0,28.0,S,7781.0
2017-01-11,70,06:44:00,Wednesday,Danforth and Coxwell,Mechanical,8.0,16.0,SB,7427.0
2017-01-11,192,06:44:00,Wednesday,Kipling Stn,Mechanical,10.0,20.0,n,8003.0
2017-01-11,78,06:45:00,Wednesday,Upper Canada and Fairmeadow,Diversion,190.0,200.0,E,1820.0
2017-01-11,199,06:47:00,Wednesday,Scar Town Centre Station,Late Leaving Garage,8.0,11.0,W,1403.0
2017-01-11,161,06:47:00,Wednesday,jane / Lambton,Late Leaving Garage,11.0,22.0,e,1329.0
2017-01-11,32,06:48:00,Wednesday,Pine and Lawrence,Mechanical,6.0,12.0,E/B,1202.0
2017-01-11,162,06:50:00,Wednesday,Parklane and Highpoint rd,Diversion,730.0,800.0,W,1732.0
2017-01-11,89,06:51:00,Wednesday,Keele stn,Late Leaving Garage,5.0,10.0,n,1031.0
2017-01-11,54,06:54:00,Wednesday,Eglinton stn,Mechanical,4.0,9.0,eb,7518.0
2017-01-11,60,06:54:00,Wednesday,Finch Station,Late Leaving Garage,8.0,16.0,W,8502.0
2017-01-11,196,06:57:00,Wednesday,Downsview Stn,Mechanical,6.0,11.0,W/B,8390.0
2017-01-11,102,06:57:00,Wednesday,warden stn,Late Leaving Garage,10.0,20.0,nb,7834.0
2017-01-11,89,06:58:00,Wednesday,Keele stn,Late Leaving Garage,5.0,10.0,n,1565.0
2017-01-11,88,07:00:00,Wednesday,St Clair Station,Late Leaving Garage,12.0,24.0,E,1677.0
2017-01-11,102,07:02:00,Wednesday,WARDEN STN,Late Leaving Garage,20.0,40.0,nb,8143.0
2017-01-11,43,07:15:00,Wednesday,Kennedy rd McNicoll,Diversion,60.0,70.0,nb,7446.0
2017-01-11,7,07:20:00,Wednesday,Bathurst at Stafford,Mechanical,9.0,18.0,n/b,9047.0
2017-01-11,188,07:22:00,Wednesday,Kipling Stn,Mechanical,8.0,23.0,s,8060.0
2017-01-11,24,07:37:00,Wednesday,VP / CASSANDRA,Emergency Services,8.0,17.0,N,7859.0
2017-01-11,54,07:53:00,Wednesday,Eglinton stn,Mechanical,6.0,12.0,eb,7620.0
2017-01-11,72,07:58:00,Wednesday,Pape Station,Mechanical,14.0,28.0,S,8126.0
2017-01-11,116,07:58:00,Wednesday,Morningside and Sheppard,Investigation,7.0,14.0,S,7434.0
2017-01-11,24,08:00:00,Wednesday,VICTORIA PARK ROUTE,General Delay,15.0,0.0,BW,
2017-01-11,29,08:00:00,Wednesday,CNE,Diversion,88.0,92.0,s,9035.0
2017-01-11,25,08:00:00,Wednesday,Van Horne and Don Mills Road,General Delay,10.0,20.0,SB,
2017-01-11,102,08:00:00,Wednesday,on route,General Delay,12.0,1.0,bw,
2017-01-11,17,08:00:00,Wednesday,on route,General Delay,11.0,1.0,bw,
2017-01-11,185,08:00:00,Wednesday,Van Horne and Don Mills Road,General Delay,10.0,20.0,SB,
2017-01-11,54,08:02:00,Wednesday,Eglinton stn,Mechanical,6.0,12.0,eb,7527.0
2017-01-11,102,08:04:00,Wednesday,warden stn,Investigation,10.0,20.0,sb,7821.0
2017-01-11,17,08:08:00,Wednesday,st.clair and birchmount,Mechanical,7.0,14.0,sb,7844.0
2017-01-11,185,08:10:00,Wednesday,Rivercourt and Don Mills Road,Investigation,7.0,14.0,NB,7473.0
2017-01-11,199,08:13:00,Wednesday,Finch & Leslie,Mechanical,8.0,11.0,W,1731.0
2017-01-11,131,08:15:00,Wednesday,Kennedy Station to Morningview Trail & Old Finch,General Delay,15.0,22.0,B/W's,
2017-01-11,95,08:15:00,Wednesday,York Mills Station - Kingston Loop - B/W's,General Delay,15.0,22.0,B/W's,
2017-01-11,6,08:18:00,Wednesday,Charles and Bay,Investigation,8.0,16.0,nb,1575.0
2017-01-11,23,08:35:00,Wednesday,Main Station,Mechanical,5.0,10.0,NB,8128.0
2017-01-11,192,08:44:00,Wednesday,Kipling Stn,Mechanical,10.0,20.0,n,8008.0
2017-01-11,35,08:55:00,Wednesday,Jane at Lawrence,Diversion,7.0,14.0,N,8518.0
2017-01-11,53,08:57:00,Wednesday,Steeles ave and Woodbine,Mechanical,13.0,21.0,e,9083.0
2017-01-11,75,09:05:00,Wednesday,Sherbourne and Bloor,Utilized Off Route,4.0,9.0,n/b,1669.0
2017-01-11,709,09:06:00,Wednesday,Queens Park Circle,Utilized Off Route,1.0,1.0,n/B,1507.0
2017-01-11,35,09:09:00,Wednesday,Interchange Way and Edgeley.,Emergency Services,9.0,18.0,S/b,8495.0
2017-01-11,90,09:15:00,Wednesday,St.Clair west stn,Utilized Off Route,1.0,1.0,0,8304.0
2017-01-11,129,09:20:00,Wednesday,Steeles and McCowan,Utilized Off Route,1.0,1.0,SB,9085.0
2017-01-11,26,09:21:00,Wednesday,St. George Station,Utilized Off Route,15.0,30.0,wb,1500.0
2017-01-11,116,09:30:00,Wednesday,Eglinton and Midland,Mechanical,10.0,20.0,N,7510.0
2017-01-11,95,09:42:00,Wednesday,,Utilized Off Route,1.0,1.0,EB,1748.0
2017-01-11,53,09:49:00,Wednesday,Eglinton and Mt.Pleasant,Mechanical,18.0,41.0,W,8375.0
2017-01-11,85,09:56:00,Wednesday,Don Mills Station,Mechanical,9.0,18.0,e,9087.0
2017-01-11,185,09:57:00,Wednesday,Pape Station,Investigation,7.0,14.0,NB,7495.0
2017-01-11,100,10:00:00,Wednesday,,Mechanical,1.0,1.0,,7486.0
2017-01-11,56,10:05:00,Wednesday,Bathurst and Wilson,Utilized Off Route,1.0,1.0,0,1545.0
2017-01-11,109,10:10:00,Wednesday,Ranee and Varna,Investigation,20.0,40.0,s/b,1559.0
2017-01-11,51,10:10:00,Wednesday,Eglinton Stn,Mechanical,25.0,58.0,E,1579.0
2017-01-11,70,10:46:00,Wednesday,Mortimer and Coxwell,Investigation,7.0,14.0,NB,7646.0
2017-01-11,75,11:13:00,Wednesday,Queens quay and Lower Jarvis,Mechanical,7.0,14.0,n/b,8369.0
2017-01-11,96,11:17:00,Wednesday,wilson at Bathurst,Mechanical,19.0,38.0,e,1340.0
2017-01-11,25,11:21:00,Wednesday,Don Mills Station,Mechanical,7.0,14.0,SB,7704.0
2017-01-11,190,11:44:00,Wednesday,Midland and Progress,Investigation,10.0,20.0,WB,7607.0
2017-01-11,29,11:48:00,Wednesday,Dufferin and Hallam,Investigation,4.0,8.0,n,9039.0
2017-01-11,29,11:55:00,Wednesday,Dufferin and Shanley,Diversion,140.0,145.0,b/w,1668.0
2017-01-11,53,12:28:00,Wednesday,Steeles and Don mills,Mechanical,50.0,10.0,e,1719.0
2017-01-11,34,12:50:00,Wednesday,Eglinton STN,Mechanical,10.0,20.0,E,7637.0
2017-01-11,95,12:50:00,Wednesday,Neilson Rd on Ellesmere Rd,Mechanical,15.0,30.0,W,1119.0
2017-01-11,54,12:58:00,Wednesday,Lawrence Markham rd,Investigation,1.0,1.0,eb,7490.0
2017-01-11,169,13:40:00,Wednesday,Commando / Mccowan,Investigation,30.0,60.0,w,8180.0
2017-01-11,28,13:40:00,Wednesday,Davisville Stn,Mechanical,30.0,60.0,s,1673.0
2017-01-11,83,13:52:00,Wednesday,Gerrard and  Jones,Investigation,16.0,32.0,S,7747.0
2017-01-11,185,13:56:00,Wednesday,Pape station,Emergency Services,6.0,13.0,n,7441.0
2017-01-11,44,14:09:00,Wednesday,Kipling Stn,Utilized Off Route,7.0,14.0,s,7912.0
2017-01-11,49,14:10:00,Wednesday,Kipling Stn,Mechanical,1.0,1.0,w,8018.0
2017-01-11,108,14:25:00,Wednesday,Driftwood Avenue at Finch Avenue West,Mechanical,9.0,18.0,N,1323.0
2017-01-11,96,14:25:00,Wednesday,Wilson and Jane,Investigation,20.0,40.0,W,8586.0
2017-01-11,65,14:36:00,Wednesday,Castlefrank Station,Late Leaving Garage,9.0,18.0,S,8102.0
2017-01-11,51,14:36:00,Wednesday,Leslie and Ravel Rd,Mechanical,25.0,50.0,n,8159.0
2017-01-11,43,14:37:00,Wednesday,Kennedy and Passmore,Investigation,10.0,20.0,NB,7624.0
2017-01-11,12,14:43:00,Wednesday,Victoria Park Station,Late Leaving Garage,14.0,28.0,EB,7753.0
2017-01-11,81,14:45:00,Wednesday,Pape Station,Late Leaving Garage,8.0,16.0,NB,7771.0
2017-01-11,25,14:53:00,Wednesday,DonMills and Eglinton,Investigation,8.0,17.0,n,7536.0
2017-01-11,87,14:53:00,Wednesday,Broadview Station,Late Leaving Garage,6.0,12.0,E,
2017-01-11,22,14:55:00,Wednesday,queen and coxwell,Mechanical,9.0,18.0,n,7457.0
2017-01-11,97,15:00:00,Wednesday,Davisville Station,Mechanical,30.0,60.0,Nb,8363.0
2017-01-11,20,15:00:00,Wednesday,Main Station,Late Leaving Garage,14.0,28.0,SB,8163.0
2017-01-11,709,15:01:00,Wednesday,Mt. Dennis Garage,Mechanical,1.0,1.0,EB,1035.0
2017-01-11,709,15:01:00,Wednesday,Mt. Dennis Garage,Mechanical,1.0,1.0,EB,1013.0
2017-01-11,16,15:04:00,Wednesday,STC,Late Leaving Garage,9.0,18.0,sb,8155.0
2017-01-11,95,15:07:00,Wednesday,York Mills station,Mechanical,12.0,27.0,E,1220.0
2017-01-11,47,15:08:00,Wednesday,Earls Court loop,Mechanical,13.0,20.0,S,1210.0
2017-01-11,39,15:09:00,Wednesday,Markham and Finch,Mechanical,7.0,13.0,W,1100.0
2017-01-11,11,15:10:00,Wednesday,Davisville Station,Mechanical,12.0,24.0,Nb,1550.0
2017-01-11,72,15:15:00,Wednesday,Front and Bay,Late Leaving Garage,14.0,28.0,EB,
2017-01-11,32,15:17:00,Wednesday,Emmett Ave / Eglinton,Late Leaving Garage,8.0,16.0,EB,1008.0
2017-01-11,7,15:18:00,Wednesday,Bathurst station,Mechanical,9.0,17.0,N,9010.0
2017-01-11,41,15:20:00,Wednesday,The Commons,Late Leaving Garage,15.0,29.0,s/b,9139.0
2017-01-11,116,15:22:00,Wednesday,Kennedy Station,Late Leaving Garage,23.0,22.0,NB,7458.0
2017-01-11,52,15:26:00,Wednesday,Martin grove,Late Leaving Garage,11.0,22.0,e,1600.0
2017-01-11,102,15:27:00,Wednesday,WARDEN STN,Late Leaving Garage,10.0,20.0,NB,
2017-01-11,24,15:34:00,Wednesday,Victoria Park Station,Late Leaving Garage,8.0,17.0,NB,7734.0
2017-01-11,52,15:35:00,Wednesday,Ter 1,Late Leaving Garage,6.0,18.0,e,1392.0
2017-01-11,6,15:37:00,Wednesday,Davenport and Yonge,Late Leaving Garage,11.0,22.0,S,1358.0
2017-01-11,24,15:38:00,Wednesday,Victoria Park Station,Late Leaving Garage,8.0,17.0,BW,8100.0
2017-01-11,52,15:38:00,Wednesday,Weston Rd and Lawrence,Late Leaving Garage,3.0,6.0,e,1573.0
2017-01-11,24,15:43:00,Wednesday,Steeles & Victoria Park,Late Leaving Garage,9.0,17.0,SB,7857.0
2017-01-11,52,15:43:00,Wednesday,Weston rd and Lawrence,Late Leaving Garage,3.0,6.0,e,1233.0
2017-01-11,63,15:45:00,Wednesday,Oakwood / Earnscliffe,Mechanical,11.0,22.0,n,1645.0
2017-01-11,32,15:47:00,Wednesday,SkymarkAve. / Explorer Dr.,Late Leaving Garage,9.0,17.0,EB,1507.0
2017-01-11,84,15:47:00,Wednesday,Downsview station,Utilized Off Route,8.0,16.0,w/b,8539.0
2017-01-11,199,15:47:00,Wednesday,Scarborough Town Centre,Mechanical,12.0,24.0,N,1129.0
2017-01-11,8,15:48:00,Wednesday,Scarborough Town Centre,Utilized Off Route,8.0,12.0,N,1266.0
2017-01-11,41,15:49:00,Wednesday,The Commons,Late Leaving Garage,15.0,29.0,s/b,1058.0
2017-01-11,11,15:50:00,Wednesday,Davisville Stn,Mechanical,9.0,15.0,s,8182.0
2017-01-11,52,15:51:00,Wednesday,Ter 3,Late Leaving Garage,5.0,16.0,e,1651.0
2017-01-11,7,15:53:00,Wednesday,Steeles,Mechanical,9.0,17.0,S,9028.0
2017-01-11,52,15:54:00,Wednesday,Law w stn,Late Leaving Garage,11.0,22.0,e,1543.0
2017-01-11,23,16:00:00,Wednesday,Dawes route,General Delay,10.0,15.0,BW,
2017-01-11,41,16:04:00,Wednesday,The Commons,Late Leaving Garage,15.0,29.0,s/b,1242.0
2017-01-11,32,16:07:00,Wednesday,Kane Ave. / Eglinton Ave.,Investigation,9.0,17.0,EB,1530.0
2017-01-11,75,16:13:00,Wednesday,South drive and glen road,Mechanical,6.0,12.0,S,8346.0
2017-01-11,87,16:15:00,Wednesday,Broadview Station,Utilized Off Route,6.0,12.0,E,7811.0
2017-01-11,102,16:15:00,Wednesday,St. Clair and Elfreda Blvd,Mechanical,10.0,20.0,EB,7818.0
2017-01-11,61,16:40:00,Wednesday,Bombay loop,Mechanical,12.0,24.0,s,8205.0
2017-01-11,185,16:46:00,Wednesday,Pape station,Mechanical,8.0,19.0,s,7419.0
2017-01-11,165,16:50:00,Wednesday,York Mills Stn.,Investigation,40.0,80.0,W,8456.0
2017-01-11,165,16:50:00,Wednesday,York Mills stn.,Investigation,8.0,24.0,W,8567.0
2017-01-11,53,16:55:00,Wednesday,Passmore and Markham Rd,Mechanical,5.0,10.0,wb,1132.0
2017-01-11,51,16:56:00,Wednesday,Eglinton Stn,Mechanical,17.0,34.0,n,8365.0
2017-01-11,121,17:00:00,Wednesday,Fort York route,General Delay,15.0,20.0,BW,
2017-01-11,32,17:14:00,Wednesday,Emmett Ave.,Mechanical,8.0,16.0,EB,1629.0
2017-01-11,7,17:19:00,Wednesday,Bathurst Stn,Utilized Off Route,9.0,18.0,NB,1805.0
2017-01-11,7,17:19:00,Wednesday,Bathurst Stn,Utilized Off Route,9.0,18.0,NB,1805.0
2017-01-11,129,17:22:00,Wednesday,SLMC,Mechanical,8.0,12.0,SB,1781.0
2017-01-11,75,17:30:00,Wednesday,Bloor Sherbourne,Utilized Off Route,6.0,12.0,SB,8364.0
2017-01-11,25,17:30:00,Wednesday,Pape station,Mechanical,8.0,17.0,n,7611.0
2017-01-11,75,17:37:00,Wednesday,Elm and Sherbourne,Mechanical,6.0,12.0,S,1823.0
2017-01-11,86,17:50:00,Wednesday,Kennedy station,Mechanical,9.0,18.0,NB,7595.0
2017-01-11,53,17:50:00,Wednesday,Passmore and Markham Rd,Mechanical,5.0,11.0,eb,1137.0
2017-01-11,33,18:00:00,Wednesday,St Clair West,Utilized Off Route,20.0,40.0,NB,8385.0
2017-01-11,52,18:00:00,Wednesday,Royal York,Mechanical,3.0,6.0,e,1018.0
2017-01-11,131,18:16:00,Wednesday,Kennedy Station,Utilized Off Route,9.0,18.0,E,1107.0
2017-01-11,68,18:19:00,Wednesday,Warden/Eglinton,Utilized Off Route,6.0,12.0,Up,7499.0
2017-01-11,95,18:19:00,Wednesday,Kennedy on Ellesmere,Utilized Off Route,12.0,24.0,E,1307.0
2017-01-11,801,18:20:00,Wednesday,Wilson Station,Utilized Off Route,1.0,1.0,s,9009.0
2017-01-11,57,18:21:00,Wednesday,Kennedy Station,Utilized Off Route,1.0,1.0,N,7730.0
2017-01-11,24,18:27:00,Wednesday,Victoria Park Station,Utilized Off Route,1.0,1.0,N,7734.0
2017-01-11,102,18:33:00,Wednesday,Warden Station,Utilized Off Route,1.0,1.0,N,7821.0
2017-01-11,87,18:33:00,Wednesday,Main Station,Utilized Off Route,1.0,1.0,W,7811.0
2017-01-11,85,18:35:00,Wednesday,Sheppard W/O RougeHIll Dr.,Investigation,8.0,15.0,W,9081.0
2017-01-11,73,18:59:00,Wednesday,Richview at Scarlett,Mechanical,30.0,60.0,S,8098.0
2017-01-11,86,19:05:00,Wednesday,Kennedy Station,Mechanical,8.0,18.0,NB,7680.0
2017-01-11,76,19:17:00,Wednesday,Royal York Station,Utilized Off Route,6.0,12.0,S,7933.0
2017-01-11,54,19:29:00,Wednesday,Lawrance and Midland,Mechanical,11.0,22.0,EB,7665.0
2017-01-11,131,19:50:00,Wednesday,Shorting on Nugget,Mechanical,13.0,24.0,E,1083.0
2017-01-11,38,20:25:00,Wednesday,Military Trail,Mechanical,9.0,18.0,WB,1138.0
2017-01-11,122,20:28:00,Wednesday,Yorkmills Station,Investigation,30.0,60.0,e,8368.0
2017-01-11,97,20:29:00,Wednesday,Yorkmills Station,Diversion,30.0,60.0,SB,8369.0
2017-01-11,95,20:30:00,Wednesday,YKMS,Diversion,31.0,7.0,BW,
2017-01-11,165,20:33:00,Wednesday,York Mills Station,Investigation,10.0,19.0,w,8467.0
2017-01-11,52,20:44:00,Wednesday,Keele & Lawrence,Mechanical,12.0,24.0,e/b,1508.0
2017-01-11,7,20:44:00,Wednesday,Bathurst station,Mechanical,10.0,20.0,N,9014.0
2017-01-11,196,20:45:00,Wednesday,Sheppard Station,Utilized Off Route,8.0,16.0,w,1829.0
2017-01-11,195,20:50:00,Wednesday,Jane and Lawrence,Diversion,10.0,20.0,N,7974.0
2017-01-11,96,21:00:00,Wednesday,Route 96,General Delay,11.0,21.0,BW,
2017-01-11,165,21:00:00,Wednesday,Route 165,General Delay,10.0,20.0,BW,
2017-01-11,56,21:09:00,Wednesday,Lakeshore/Mimico,Investigation,10.0,20.0,s/b,7933.0
2017-01-11,165,21:35:00,Wednesday,Weston & Finch,Utilized Off Route,1.0,1.0,N,8610.0
2017-01-11,134,22:04:00,Wednesday,TAPSCOTT AND MCLEVIN.,Emergency Services,24.0,48.0,N,1235.0
2017-01-11,52,22:14:00,Wednesday,Lawrence and Yonge,Mechanical,18.0,36.0,W/B,1553.0
2017-01-11,39,22:36:00,Wednesday,Alamosa,Mechanical,10.0,20.0,EB,1334.0
2017-01-11,60,22:41:00,Wednesday,Steeles and Yonge,Investigation,18.0,36.0,w,1312.0
2017-01-11,79,22:42:00,Wednesday,Lawrence and Jane,Mechanical,15.0,30.0,S/B,1536.0
2017-01-11,76,22:56:00,Wednesday,Royal York/Queensway,Mechanical,10.0,20.0,s/b,7933.0
2017-01-11,63,23:01:00,Wednesday,Oakwood and St. Clair,Investigation,10.0,20.0,N/B,1417.0
2017-01-11,52,23:12:00,Wednesday,Lawrence and yonge Station,Mechanical,18.0,36.0,W/B,1515.0
2017-01-11,95,23:40:00,Wednesday,Ellesmere and Markham,Mechanical,10.0,20.0,W,1280.0
2017-01-12,34,00:53:00,Thursday,Eglinton/Kennedy,Investigation,10.0,20.0,up,7550.0
2017-01-12,190,01:18:00,Thursday,Birchmount/Sheppard,Utilized Off Route,10.0,20.0,up,7602.0
2017-01-12,384,02:15:00,Thursday,Barmac and Weston Rd.,Diversion,1.0,1.0,B/W,8578.0
2017-01-12,116,04:20:00,Thursday,Eglinton Yard,Late Leaving Garage,1.0,1.0,OB,7485.0
2017-01-12,34,04:47:00,Thursday,Eglinton yard,Mechanical,1.0,1.0,ob,7510.0
2017-01-12,353,05:04:00,Thursday,Steeles just w. of Yonge,Mechanical,30.0,60.0,w,1719.0
2017-01-12,95,05:08:00,Thursday,Malvern garage,Mechanical,20.0,40.0,w,1144.0
2017-01-12,165,05:18:00,Thursday,weston at signet,Mechanical,15.0,15.0,e,1340.0
2017-01-12,116,05:24:00,Thursday,Eglinton Yard,Late Leaving Garage,1.0,1.0,OB,7466.0
2017-01-12,9,05:25:00,Thursday,WARDEN STATION,Late Leaving Garage,7.0,22.0,E,7721.0
2017-01-12,102,05:30:00,Thursday,Warden Station,Late Leaving Garage,10.0,40.0,E,7734.0
2017-01-12,86,05:32:00,Thursday,Kennedy Station,Mechanical,10.0,20.0,NB,7433.0
2017-01-12,131,05:33:00,Thursday,Sewells and Brenyon Way,Mechanical,13.0,0.0,w,1761.0
2017-01-12,24,05:34:00,Thursday,DANFORTH/VICTORIA PARK,Late Leaving Garage,6.0,10.0,E,8108.0
2017-01-12,46,05:35:00,Thursday,Kipling Station,Utilized Off Route,10.0,20.0,N/B,8551.0
2017-01-12,59,05:35:00,Thursday,Lawrence W.Stn,Mechanical,12.0,24.0,W/b,8469.0
2017-01-12,54,05:46:00,Thursday,Lawrence Scarbough Golf Club Rd,Mechanical,5.0,14.0,eb,7668.0
2017-01-12,100,05:46:00,Thursday,Broadview Station,Mechanical,4.0,8.0,NB,7644.0
2017-01-12,102,05:47:00,Thursday,Markham and Select,Mechanical,20.0,40.0,S,8126.0
2017-01-12,70,05:47:00,Thursday,Danforth and Coxwell,Mechanical,8.0,16.0,NB,7535.0
2017-01-12,47,05:48:00,Thursday,Earlscourt loop,Mechanical,5.0,9.0,SB,1409.0
2017-01-12,131,05:48:00,Thursday,Kennedy Station,Utilized Off Route,9.0,17.0,65578,1827.0
2017-01-12,116,05:49:00,Thursday,Eglinton Yard,Late Leaving Garage,1.0,1.0,OB,7454.0
2017-01-12,84,05:50:00,Thursday,Downsview station,Utilized Off Route,12.0,24.0,w/b,8578.0
2017-01-12,50,05:50:00,Thursday,Mill Rd,Mechanical,20.0,35.0,e/b,8010.0
2017-01-12,5,05:54:00,Thursday,Eglinton Station,Mechanical,1.0,1.0,S,1363.0
2017-01-12,185,06:01:00,Thursday,FMDM,Mechanical,1.0,1.0,NB,7654.0
2017-01-12,116,06:03:00,Thursday,Eglinton yard,Late Leaving Garage,1.0,1.0,OB,7542.0
2017-01-12,81,06:07:00,Thursday,Pape Station,Mechanical,14.0,22.0,N,7709.0
2017-01-12,168,06:13:00,Thursday,DUNDAS WEST STN,Late Leaving Garage,5.0,10.0,e/b,8404.0
2017-01-12,24,06:14:00,Thursday,CONSUMERS/VP,Late Leaving Garage,0.0,0.0,N,7751.0
2017-01-12,88,06:16:00,Thursday,Laird and Mcrae,Late Leaving Garage,10.0,20.0,E,8383.0
2017-01-12,88,06:20:00,Thursday,St Clair station,Late Leaving Garage,16.0,32.0,E,1818.0
2017-01-12,56,06:23:00,Thursday,Eglinton Station,Mechanical,24.0,30.0,S,8376.0
2017-01-12,44,06:24:00,Thursday,Kipling/Advance,Mechanical,9.0,17.0,N/B,8075.0
2017-01-12,5,06:24:00,Thursday,Eglinton Stn,Mechanical,15.0,27.0,S/B,8367.0
2017-01-12,6,06:29:00,Thursday,Bedford and Daveport,Late Leaving Garage,8.0,16.0,SB,1037.0
2017-01-12,196,06:33:00,Thursday,Commons,Utilized Off Route,5.0,10.0,E/B,8206.0
2017-01-12,195,06:36:00,Thursday,Jane and Steeles,Mechanical,8.0,16.0,S/b,8566.0
2017-01-12,98,06:40:00,Thursday,Sheppard,Mechanical,15.0,30.0,W,8314.0
2017-01-12,190,06:43:00,Thursday,STC,Mechanical,7.0,14.0,WB,7460.0
2017-01-12,41,06:45:00,Thursday,York University / Commons,Mechanical,13.0,26.0,s,1627.0
2017-01-12,161,06:47:00,Thursday,Jane / lambton,Late Leaving Garage,13.0,21.0,e,1057.0
2017-01-12,89,06:51:00,Thursday,Keele stn,Late Leaving Garage,4.0,8.0,n,1010.0
2017-01-12,54,06:51:00,Thursday,Lawrence Scarbough Golf Club rd,Mechanical,9.0,18.0,eb,7553.0
2017-01-12,86,06:53:00,Thursday,Kennedy Station,Mechanical,10.0,20.0,NB,7478.0
2017-01-12,29,06:55:00,Thursday,,Mechanical,9.0,18.0,s,9028.0
2017-01-12,89,06:56:00,Thursday,Keele stn,Late Leaving Garage,4.0,8.0,n,1607.0
2017-01-12,125,07:03:00,Thursday,Finch Station,Mechanical,6.0,13.0,W,8392.0
2017-01-12,85,07:18:00,Thursday,Don Mills Station,Mechanical,13.0,26.0,e,9084.0
2017-01-12,89,07:20:00,Thursday,Weston /Albion,Mechanical,4.0,8.0,s,1638.0
2017-01-12,41,07:24:00,Thursday,Keele stn,Late Leaving Garage,15.0,30.0,n,9137.0
2017-01-12,14,07:30:00,Thursday,Davisville stn,Investigation,22.0,42.0,w,1570.0
2017-01-12,88,07:49:00,Thursday,Mile post place and Thorncliffe Pk,Mechanical,6.0,10.0,W,8379.0
2017-01-12,32,07:54:00,Thursday,Pine and Lawrence,Mechanical,6.0,12.0,E/B,1544.0
2017-01-12,127,08:00:00,Thursday,Entire Route,General Delay,10.0,20.0,B/w,
2017-01-12,53,08:05:00,Thursday,Steeles and Middlefield,Mechanical,5.0,10.0,e,9059.0
2017-01-12,196,08:07:00,Thursday,Downsview Stn,Utilized Off Route,3.0,5.0,W/B,1362.0
2017-01-12,60,08:15:00,Thursday,Pearce and Steeles,Mechanical,7.0,14.0,W,8458.0
2017-01-12,60,08:24:00,Thursday,Signal Hill and Steeles,Utilized Off Route,7.0,14.0,E,8610.0
2017-01-12,47,08:26:00,Thursday,Lansdowne and Bloor,Mechanical,8.0,17.0,NB,1530.0
2017-01-12,54,08:48:00,Thursday,Star Spray Loop,Mechanical,6.0,12.0,wb,7425.0
2017-01-12,98,09:07:00,Thursday,Finch and Willowdale,Diversion,763.0,793.0,N,8344.0
2017-01-12,42,09:15:00,Thursday,Yonge and Cummer,General Delay,18.0,25.0,BW,0.0
2017-01-12,68,09:21:00,Thursday,Warden stn,Mechanical,4.0,8.0,nb,7489.0
2017-01-12,6,09:36:00,Thursday,Top end of route,General Delay,10.0,10.0,BW,
2017-01-12,35,09:43:00,Thursday,Jane Stn,Mechanical,7.0,14.0,N/b,8537.0
2017-01-12,86,10:10:00,Thursday,Kennedy Station,Mechanical,10.0,20.0,EB,7693.0
2017-01-12,16,10:24:00,Thursday,warden stn,Mechanical,10.0,20.0,nb,7745.0
2017-01-12,39,10:24:00,Thursday,Finch - McCowan,Mechanical,20.0,39.0,W,1113.0
2017-01-12,56,10:30:00,Thursday,laird and McCrae,Mechanical,18.0,36.0,S,8376.0
2017-01-12,102,10:30:00,Thursday,WARDEN STN.,Mechanical,10.0,20.0,nb,7757.0
2017-01-12,60,10:30:00,Thursday,Bathurst and Steeles,Mechanical,7.0,14.0,E,8472.0
2017-01-12,29,10:42:00,Thursday,Dufferin and Bloor,Mechanical,5.0,10.0,s,9030.0
2017-01-12,75,10:43:00,Thursday,Sherbourne and Carlton,Utilized Off Route,5.0,9.0,s/b,8187.0
2017-01-12,29,11:35:00,Thursday,Wilson Station,Mechanical,5.0,10.0,s,9047.0
2017-01-12,36,11:36:00,Thursday,Kipling,Investigation,0.0,5.0,w,9113.0
2017-01-12,92,12:05:00,Thursday,Woodbine Station,Mechanical,12.0,24.0,BW,7827.0
2017-01-12,73,12:20:00,Thursday,Albion Ave and Todd Brook Dr,Investigation,15.0,30.0,E,7911.0
2017-01-12,45,12:30:00,Thursday,Kipling Station/St. Albans,Emergency Services,10.0,20.0,N/B,8084.0
2017-01-12,32,12:32:00,Thursday,Northcliffe Blvd on Eglinton,Mechanical,10.0,20.0,WB,1657.0
2017-01-12,127,12:44:00,Thursday,Townsley loop,Mechanical,24.0,48.0,e,1345.0
2017-01-12,41,12:45:00,Thursday,Keele stn,Mechanical,9.0,18.0,n,1613.0
2017-01-12,32,12:46:00,Thursday,Eglinton West Stn.,Mechanical,10.0,20.0,WB,1061.0
2017-01-12,28,13:18:00,Thursday,Brickworks,Mechanical,20.0,40.0,n,1714.0
2017-01-12,68,13:19:00,Thursday,Warden ave Bertrand ave,Emergency Services,10.0,20.0,nb,7524.0
2017-01-12,11,13:23:00,Thursday,Davisville Stn,Utilized Off Route,12.0,24.0,n,1804.0
2017-01-12,53,13:25:00,Thursday,Finch Station,Mechanical,5.0,10.0,EB,1725.0
2017-01-12,67,13:35:00,Thursday,Victoria Park STN,Mechanical,15.0,30.0,N,7400.0
2017-01-12,42,14:00:00,Thursday,On Route,General Delay,25.0,41.0,BW,
2017-01-12,53,14:05:00,Thursday,Finch Station,Utilized Off Route,5.0,10.0,eb,1148.0
2017-01-12,709,14:12:00,Thursday,Skymark Ave. and Explorer,Utilized Off Route,1.0,1.0,EB,1625.0
2017-01-12,199,14:12:00,Thursday,Scarborough Town Centre,Mechanical,4.0,8.0,N,1096.0
2017-01-12,38,14:13:00,Thursday,STC,Utilized Off Route,6.0,12.0,E,1223.0
2017-01-12,94,14:13:00,Thursday,Wellesley Station,Utilized Off Route,13.0,26.0,BW,7828.0
2017-01-12,52,14:14:00,Thursday,Lawtrence stn,Utilized Off Route,13.0,26.0,w/b,1406.0
2017-01-12,709,14:14:00,Thursday,Eg. West Stn.,Utilized Off Route,1.0,1.0,EB,1568.0
2017-01-12,63,14:14:00,Thursday,Ossington Station,Utilized Off Route,10.0,20.0,S,1504.0
2017-01-12,95,14:15:00,Thursday,York Mill station,Utilized Off Route,15.0,30.0,55669,1139.0
2017-01-12,75,14:15:00,Thursday,Jarvis,Utilized Off Route,7.0,14.0,NB,8370.0
2017-01-12,199,14:16:00,Thursday,Finch Station,Utilized Off Route,4.0,8.0,E,1267.0
2017-01-12,97,14:16:00,Thursday,Davisville Station,Utilized Off Route,20.0,40.0,NB,1669.0
2017-01-12,39,14:16:00,Thursday,Finch Station,Utilized Off Route,6.0,19.0,E,1775.0
2017-01-12,780,14:17:00,Thursday,Eglinton yard,Utilized Off Route,1.0,1.0,n,7606.0
2017-01-12,87,14:17:00,Thursday,Pape stn,Utilized Off Route,10.0,20.0,N/B,7803.0
2017-01-12,100,14:18:00,Thursday,Broadview station,Utilized Off Route,6.0,13.0,e,7514.0
2017-01-12,54,14:18:00,Thursday,Eglinton station,Utilized Off Route,11.0,22.0,e,7458.0
2017-01-12,129,14:20:00,Thursday,STC SRT (remove from Malvern Yard @220pm).,Utilized Off Route,8.0,12.0,nb,1283.0
2017-01-12,52,14:20:00,Thursday,Lawrence stn,Utilized Off Route,13.0,26.0,w/b,1361.0
2017-01-12,6,14:20:00,Thursday,Queens Quay and Docksides,Utilized Off Route,10.0,20.0,N,1249.0
2017-01-12,771,14:20:00,Thursday,Wilson Station,Utilized Off Route,1.0,1.0,n,8379.0
2017-01-12,102,14:20:00,Thursday,warden stn,Utilized Off Route,20.0,40.0,nb,8131.0
2017-01-12,24,14:20:00,Thursday,Victoria Park Station,Utilized Off Route,10.0,20.0,BW,7771.0
2017-01-12,780,14:20:00,Thursday,Eglinton yard,Utilized Off Route,1.0,1.0,e,7593.0
2017-01-12,33,14:20:00,Thursday,St Clair West,Utilized Off Route,20.0,40.0,NB,8393.0
2017-01-12,185,14:22:00,Thursday,Pape station,Utilized Off Route,8.0,19.0,n,7572.0
2017-01-12,191,14:23:00,Thursday,Kipling Station,Utilized Off Route,6.0,12.0,N/B,7940.0
2017-01-12,102,14:23:00,Thursday,warden stn,Utilized Off Route,12.0,24.0,nb,8119.0
2017-01-12,121,14:24:00,Thursday,mill street,Utilized Off Route,15.0,30.0,N/B,7867.0
2017-01-12,199,14:24:00,Thursday,Finch Station,Utilized Off Route,4.0,8.0,E,1104.0
2017-01-12,60,14:24:00,Thursday,Finch Station,Utilized Off Route,7.0,14.0,W,8547.0
2017-01-12,25,14:24:00,Thursday,Pape station,Utilized Off Route,8.0,16.0,n,7642.0
2017-01-12,81,14:25:00,Thursday,Pape Stationm,Utilized Off Route,10.0,20.0,NB,7775.0
2017-01-12,111,14:25:00,Thursday,Kipling Stn,Utilized Off Route,10.0,20.0,e/b,7902.0
2017-01-12,96,14:25:00,Thursday,Wilson Stn.,Utilized Off Route,20.0,40.0,E,8544.0
2017-01-12,86,14:26:00,Thursday,CDHS,Mechanical,9.0,9.0,NB,7636.0
2017-01-12,188,14:27:00,Thursday,Kipling Stn,Utilized Off Route,7.0,14.0,s/b,7966.0
2017-01-12,760,14:28:00,Thursday,Eglinton yard,Utilized Off Route,1.0,1.0,e,7411.0
2017-01-12,72,14:28:00,Thursday,Pape Station,Utilized Off Route,14.0,28.0,SB,7740.0
2017-01-12,34,14:29:00,Thursday,Eglinton station,Utilized Off Route,7.0,14.0,e,7655.0
2017-01-12,196,14:30:00,Thursday,Downsview stn,Utilized Off Route,2.0,4.0,n,8181.0
2017-01-12,29,14:30:00,Thursday,Dufferin and Bloor,Utilized Off Route,5.0,10.0,n,8210.0
2017-01-12,124,14:30:00,Thursday,Lawrence Station,Utilized Off Route,7.0,14.0,Wb,8327.0
2017-01-12,34,14:30:00,Thursday,Eglinton stn,Utilized Off Route,10.0,20.0,n,7639.0
2017-01-12,35,14:30:00,Thursday,JNST,Utilized Off Route,7.0,14.0,N,1302.0
2017-01-12,191,14:30:00,Thursday,Kipling Station,Late Leaving Garage,15.0,30.0,W/B,8525.0
2017-01-12,40,14:30:00,Thursday,Dundas West Station,Utilized Off Route,101.0,20.0,W,7955.0
2017-01-12,45,14:30:00,Thursday,Kipling Stn,Utilized Off Route,9.0,18.0,n/b,8085.0
2017-01-12,29,14:30:00,Thursday,Springhurst,Utilized Off Route,5.0,10.0,n,9002.0
2017-01-12,32,14:30:00,Thursday,Eglinton Stn.,Utilized Off Route,10.0,20.0,EB,1659.0
2017-01-12,196,14:30:00,Thursday,Downsview stn,Utilized Off Route,2.0,4.0,n,8198.0
2017-01-12,186,14:30:00,Thursday,Wilson Stn.,Utilized Off Route,11.0,22.0,E,8581.0
2017-01-12,190,14:31:00,Thursday,STC,Late Leaving Garage,9.0,13.0,W,7705.0
2017-01-12,85,14:31:00,Thursday,Don Mills Stn,Utilized Off Route,23.0,56.0,E,9082.0
2017-01-12,168,14:32:00,Thursday,Dundas West Station,Utilized Off Route,10.0,20.0,W,8064.0
2017-01-12,71,14:32:00,Thursday,Runnymede Stn.,Mechanical,23.0,46.0,nb,1359.0
2017-01-12,60,14:33:00,Thursday,Finch Station,Utilized Off Route,8.0,16.0,W,8503.0
2017-01-12,7,14:33:00,Thursday,Bathurst Stn,Utilized Off Route,10.0,20.0,NB,9029.0
2017-01-12,35,14:35:00,Thursday,JNST,Utilized Off Route,7.0,14.0,N,8553.0
2017-01-12,17,14:35:00,Thursday,kennedy loop,Late Leaving Garage,7.0,14.0,sb,7731.0
2017-01-12,65,14:36:00,Thursday,espanade,Late Leaving Garage,9.0,18.0,n/b,7824.0
2017-01-12,95,14:37:00,Thursday,York Mill station,Utilized Off Route,15.0,30.0,68262,1709.0
2017-01-12,95,14:39:00,Thursday,York Mills station,Late Leaving Garage,8.0,16.0,E,1369.0
2017-01-12,89,14:39:00,Thursday,Keele Stn,Utilized Off Route,7.0,14.0,sb,1612.0
2017-01-12,110,14:39:00,Thursday,Islington stn,Utilized Off Route,12.0,24.0,n/b,8036.0
2017-01-12,53,14:39:00,Thursday,Pharmacy and Finch,Mechanical,15.0,30.0,nb,9058.0
2017-01-12,121,14:42:00,Thursday,Broadview stn,Late Leaving Garage,10.0,20.0,n/b,7783.0
2017-01-12,61,14:43:00,Thursday,Otter Loop,Mechanical,4.0,8.0,NB,1664.0
2017-01-12,12,14:43:00,Thursday,Victoria Park Station,Late Leaving Garage,14.0,28.0,EB,7738.0
2017-01-12,12,14:43:00,Thursday,Victoria Park Station,Late Leaving Garage,14.0,28.0,EB,7741.0
2017-01-12,81,14:43:00,Thursday,Pape Station,Late Leaving Garage,8.0,16.0,NB,7834.0
2017-01-12,36,14:44:00,Thursday,Finch Station,Utilized Off Route,5.0,10.0,W/B,9109.0
2017-01-12,84,14:46:00,Thursday,Sheppard,Utilized Off Route,9.0,18.0,W,8557.0
2017-01-12,11,14:49:00,Thursday,Bayview and Steeles,Utilized Off Route,2.0,12.0,n,8329.0
2017-01-12,756,14:50:00,Thursday,Victoria Park Station,Utilized Off Route,1.0,1.0,BW,7854.0
2017-01-12,87,14:52:00,Thursday,Broadview stn,Late Leaving Garage,6.0,12.0,n/b,7880.0
2017-01-12,32,14:55:00,Thursday,Emmitt Ave and jane,Mechanical,12.0,20.0,eb,1611.0
2017-01-12,35,14:57:00,Thursday,JSTE,Late Leaving Garage,20.0,40.0,S,1614.0
2017-01-12,20,15:00:00,Thursday,Main Station,Late Leaving Garage,14.0,28.0,BW,
2017-01-12,121,15:00:00,Thursday,cherry to strachan,General Delay,1.0,1.0,b/w,
2017-01-12,41,15:00:00,Thursday,Entire route,General Delay,15.0,30.0,B/W,
2017-01-12,102,15:00:00,Thursday,on route,General Delay,10.0,1.0,bw,
2017-01-12,11,15:05:00,Thursday,Davisville Station,Investigation,18.0,36.0,NB,8328.0
2017-01-12,11,15:05:00,Thursday,Davisville Station,Investigation,18.0,36.0,NB,8357.0
2017-01-12,133,15:07:00,Thursday,STC SRT,Late Leaving Garage,7.0,14.0,nb,1750.0
2017-01-12,16,15:09:00,Thursday,STC,Late Leaving Garage,9.0,18.0,SB,
2017-01-12,40,15:10:00,Thursday,Dundas West Station,Utilized Off Route,10.0,20.0,W,7938.0
2017-01-12,72,15:15:00,Thursday,Front and Bay,Late Leaving Garage,12.0,24.0,WB,7816.0
2017-01-12,79,15:18:00,Thursday,Runnymede stn,Utilized Off Route,14.0,28.0,n/b,1633.0
2017-01-12,199,15:22:00,Thursday,Bloor and Castle Frank,Mechanical,4.0,8.0,E,1267.0
2017-01-12,102,15:27:00,Thursday,warden stn,Late Leaving Garage,10.0,20.0,nb,
2017-01-12,133,15:28:00,Thursday,STC SRT,Late Leaving Garage,7.0,14.0,EB,1761.0
2017-01-12,53,15:28:00,Thursday,Malvern Yard,Utilized Off Route,15.0,30.0,wb,1321.0
2017-01-12,65,15:30:00,Thursday,Parliament,General Delay,1.0,1.0,b/w,
2017-01-12,196,15:30:00,Thursday,Downsview stn,Mechanical,3.0,6.0,n,1534.0
2017-01-12,771,15:32:00,Thursday,Wilson Station,Utilized Off Route,1.0,1.0,n,8191.0
2017-01-12,21,15:33:00,Thursday,St. Clair and Birchmount,Mechanical,12.0,26.0,NB,7810.0
2017-01-12,89,15:33:00,Thursday,Weston and Albion,Mechanical,7.0,14.0,sb,1607.0
2017-01-12,39,15:34:00,Thursday,McNicol and Victoria Park,Utilized Off Route,12.0,24.0,W,1111.0
2017-01-12,87,15:34:00,Thursday,main stn,Utilized Off Route,15.0,30.0,n/b,8124.0
2017-01-12,24,15:34:00,Thursday,Victoria Park Station,Late Leaving Garage,9.0,17.0,BW,
2017-01-12,54,15:35:00,Thursday,Eglinton stn,Utilized Off Route,11.0,22.0,,7664.0
2017-01-12,199,15:36:00,Thursday,Finch Station,Late Leaving Garage,12.0,24.0,E,1748.0
2017-01-12,6,15:37:00,Thursday,Davenport and Yonge,Utilized Off Route,11.0,22.0,S,1032.0
2017-01-12,771,15:38:00,Thursday,Downsview Station,Utilized Off Route,1.0,1.0,n,8304.0
2017-01-12,751,15:38:00,Thursday,Downsview stn,Utilized Off Route,0.0,0.0,n,8304.0
2017-01-12,38,15:38:00,Thursday,STC,Utilized Off Route,6.0,12.0,E,1704.0
2017-01-12,185,15:38:00,Thursday,Freshmeadow and Donmills,Mechanical,8.0,16.0,WB,7569.0
2017-01-12,52,15:39:00,Thursday,Lawrence stn,Utilized Off Route,11.0,22.0,w/b,1353.0
2017-01-12,131,15:40:00,Thursday,Kennedy,Utilized Off Route,8.0,17.0,65598,1772.0
2017-01-12,751,15:40:00,Thursday,Downsview stn,Utilized Off Route,0.0,0.0,n,1550.0
2017-01-12,771,15:40:00,Thursday,Downsview Station,Utilized Off Route,1.0,1.0,n,1550.0
2017-01-12,32,15:41:00,Thursday,Emmitt ave. and Hospital  road,Utilized Off Route,8.0,16.0,EB,1505.0
2017-01-12,100,15:41:00,Thursday,broadview stn,Utilized Off Route,6.0,11.0,E,7661.0
2017-01-12,29,15:42:00,Thursday,Springhurst,Utilized Off Route,5.0,10.0,n,9048.0
2017-01-12,44,15:42:00,Thursday,Kipling Station,Utilized Off Route,4.0,9.0,S,7914.0
2017-01-12,54,15:42:00,Thursday,Eglinton yard,Utilized Off Route,10.0,20.0,,7624.0
2017-01-12,186,15:43:00,Thursday,York Mills Stn.,Utilized Off Route,11.0,22.0,w,8477.0
2017-01-12,85,15:44:00,Thursday,Don Mills Stn,Utilized Off Route,6.0,12.0,E,9090.0
2017-01-12,116,15:44:00,Thursday,Kennedy stn,Utilized Off Route,12.0,24.0,E,7679.0
2017-01-12,63,15:45:00,Thursday,Ossington station,Utilized Off Route,5.0,10.0,N,1548.0
2017-01-12,25,15:46:00,Thursday,pape stn,Utilized Off Route,8.0,16.0,E,7489.0
2017-01-12,48,15:46:00,Thursday,Royal York Station,Utilized Off Route,8.0,20.0,W,8048.0
2017-01-12,41,15:46:00,Thursday,Keele and Rogers,Utilized Off Route,9.0,18.0,nb,9138.0
2017-01-12,195,15:46:00,Thursday,JNST,Utilized Off Route,10.0,20.0,N,8467.0
2017-01-12,196,15:49:00,Thursday,Sheppard Stn,Utilized Off Route,7.0,14.0,WB,1805.0
2017-01-12,41,15:49:00,Thursday,Keele and Keele Gate,Investigation,9.0,18.0,nb,9152.0
2017-01-12,196,15:49:00,Thursday,Downsview stn,Mechanical,2.0,4.0,n,1362.0
2017-01-12,106,15:51:00,Thursday,Downsview station,Utilized Off Route,10.0,20.0,e/b,8452.0
2017-01-12,60,15:53:00,Thursday,Finch Station,Utilized Off Route,7.0,14.0,W,7976.0
2017-01-12,186,15:54:00,Thursday,York Mills Stn.,Utilized Off Route,11.0,22.0,w,8606.0
2017-01-12,43,15:56:00,Thursday,Scarborough Town Centre,Mechanical,10.0,20.0,SB,7522.0
2017-01-12,133,15:56:00,Thursday,Morningside and Staines,Utilized Off Route,7.0,14.0,sb,1290.0
2017-01-12,116,15:56:00,Thursday,Kennedy stn,Utilized Off Route,12.0,24.0,E,7426.0
2017-01-12,41,15:57:00,Thursday,Keele Stn,Utilized Off Route,1.0,1.0,sb,1581.0
2017-01-12,57,15:58:00,Thursday,Lawrence and Midland,Mechanical,8.0,16.0,NB,7738.0
2017-01-12,24,15:59:00,Thursday,Victoria Park Station,Utilized Off Route,1.0,1.0,BW,7772.0
2017-01-12,67,16:00:00,Thursday,Pharmacy and Comstock,Mechanical,10.0,20.0,N,7580.0
2017-01-12,112,16:00:00,Thursday,Kipling Station,General Delay,20.0,37.0,B/W,
2017-01-12,87,16:00:00,Thursday,Main to Broadview,General Delay,1.0,1.0,B/W,
2017-01-12,133,16:00:00,Thursday,Sewells Rd-Neilson Rd,Mechanical,7.0,14.0,nb,1761.0
2017-01-12,12,16:05:00,Thursday,Victoria Park Station,Utilized Off Route,14.0,28.0,EB,8109.0
2017-01-12,196,16:07:00,Thursday,Downsview stn,Mechanical,3.0,6.0,n,1677.0
2017-01-12,60,16:10:00,Thursday,York University Commons,Mechanical,7.0,14.0,E,7952.0
2017-01-12,80,16:12:00,Thursday,Keele stn,Utilized Off Route,30.0,60.0,n/b,8421.0
2017-01-12,41,16:44:00,Thursday,St Clair Old Weston rd,Diversion,63.0,70.0,nb,1589.0
2017-01-12,161,16:45:00,Thursday,Cliff and Alliance,Diversion,627.0,647.0,B/W,
2017-01-12,67,16:50:00,Thursday,Victoria Park STN,Mechanical,10.0,20.0,N,7500.0
2017-01-12,52,16:52:00,Thursday,Lawrence West stn,Utilized Off Route,11.0,22.0,w/b,1361.0
2017-01-12,53,17:00:00,Thursday,St George Station,Utilized Off Route,15.0,30.0,wb,1321.0
2017-01-12,52,17:00:00,Thursday,Broadview & Danforth,Utilized Off Route,11.0,22.0,w/b,1406.0
2017-01-12,129,17:00:00,Thursday,Broadview and O'Connor,Utilized Off Route,8.0,12.0,wb,1283.0
2017-01-12,94,17:00:00,Thursday,Wellesley Stn  to Ossington Stn,General Delay,15.0,30.0,BW,
2017-01-12,199,17:01:00,Thursday,Bathurst and Eglinton,Utilized Off Route,4.0,8.0,N,1104.0
2017-01-12,6,17:03:00,Thursday,St. George Station,Utilized Off Route,11.0,22.0,N,1249.0
2017-01-12,709,17:05:00,Thursday,Bay /Bloor,Utilized Off Route,1.0,1.0,wb,1625.0
2017-01-12,60,17:05:00,Thursday,Bloor & Ossington,Utilized Off Route,7.0,14.0,W,8547.0
2017-01-12,168,17:09:00,Thursday,Old Weston Rd and St Clair Ave W,Diversion,24.0,31.0,N,7906.0
2017-01-12,168,17:10:00,Thursday,Dundas West Station to Avon Loop,General Delay,15.0,22.0,BW,
2017-01-12,29,17:12:00,Thursday,Dufferin and Bloor,Utilized Off Route,5.0,10.0,n,9002.0
2017-01-12,709,17:15:00,Thursday,Mt. Dennis Garage,Utilized Off Route,1.0,1.0,wb,1618.0
2017-01-12,102,17:15:00,Thursday,Warden Station,Utilized Off Route,10.0,20.0,,7734.0
2017-01-12,7,17:19:00,Thursday,Bathurst Stn,Utilized Off Route,9.0,18.0,NB,1805.0
2017-01-12,771,17:20:00,Thursday,Wilson Station,Utilized Off Route,1.0,1.0,n,8379.0
2017-01-12,771,17:20:00,Thursday,Wilson Station,Utilized Off Route,1.0,1.0,n,8191.0
2017-01-12,771,17:20:00,Thursday,Downsview stn,Utilized Off Route,1.0,1.0,n,8304.0
2017-01-12,771,17:20:00,Thursday,Downsview stn,Utilized Off Route,1.0,1.0,n,1550.0
2017-01-12,54,17:20:00,Thursday,Eglinton Station,Utilized Off Route,11.0,22.0,EB,7458.0
2017-01-12,35,17:20:00,Thursday,Bloor and Ossington,Utilized Off Route,7.0,14.0,W,1302.0
2017-01-12,94,17:21:00,Thursday,Ossington Station,Utilized Off Route,15.0,30.0,BW,7825.0
2017-01-12,188,17:22:00,Thursday,Kipling Station,Utilized Off Route,8.0,15.0,S,7966.0
2017-01-12,87,17:22:00,Thursday,MAIN STN,Utilized Off Route,5.0,10.0,n/b,7795.0
2017-01-12,85,17:24:00,Thursday,Yonge Stn,Utilized Off Route,16.0,32.0,E,1217.0
2017-01-12,121,17:24:00,Thursday,fort york,Utilized Off Route,10.0,20.0,n/b,7867.0
2017-01-12,199,17:25:00,Thursday,Finch Station,Utilized Off Route,4.0,12.0,E,1137.0
2017-01-12,780,17:25:00,Thursday,Lawrance RT station,Utilized Off Route,1.0,1.0,EB,7606.0
2017-01-12,32,17:25:00,Thursday,Eglinton stn.,Utilized Off Route,8.0,17.0,wb,1659.0
2017-01-12,25,17:25:00,Thursday,Pape stn,Utilized Off Route,5.0,12.0,n,7518.0
2017-01-12,12,17:25:00,Thursday,Kennedy Station,Utilized Off Route,14.0,28.0,WB,7833.0
2017-01-12,127,17:25:00,Thursday,St Clair and Old Weston Rd,Diversion,20.0,40.0,nb,1587.0
2017-01-12,68,17:27:00,Thursday,Warden stn,Utilized Off Route,6.0,12.0,up,7591.0
2017-01-12,95,17:28:00,Thursday,York Mills station,Utilized Off Route,8.0,17.0,E,1760.0
2017-01-12,709,17:28:00,Thursday,Eglinton West Stn.,Utilized Off Route,1.0,1.0,wb,1557.0
2017-01-12,780,17:29:00,Thursday,Kennedy Station,Utilized Off Route,1.0,1.0,EB,7593.0
2017-01-12,35,17:30:00,Thursday,Bloor to Ossington,Utilized Off Route,7.0,14.0,W,8553.0
2017-01-12,44,17:30:00,Thursday,Kipling Station,Utilized Off Route,5.0,10.0,S,8052.0
2017-01-12,54,17:30:00,Thursday,Eglinton Station,Utilized Off Route,11.0,22.0,EB,7494.0
2017-01-12,75,17:30:00,Thursday,Bloor Sherbourne,Utilized Off Route,6.0,12.0,SB,8364.0
2017-01-12,34,17:30:00,Thursday,Eglinton Station,Utilized Off Route,10.0,20.0,EB,7711.0
2017-01-12,165,17:35:00,Thursday,Wilson and Jane,Utilized Off Route,8.0,24.0,E,8436.0
2017-01-12,38,17:38:00,Thursday,STC,Utilized Off Route,6.0,12.0,E,1091.0
2017-01-12,90,17:39:00,Thursday,Oakwood and Vaughn,Utilized Off Route,5.0,10.0,SB,8209.0
2017-01-12,196,17:39:00,Thursday,Downsview stn,Utilized Off Route,3.0,6.0,n,8301.0
2017-01-12,95,17:39:00,Thursday,York Mills,Utilized Off Route,9.0,18.0,E,1723.0
2017-01-12,80,17:40:00,Thursday,Keele stn,Utilized Off Route,30.0,60.0,n/b,8421.0
2017-01-12,36,17:40:00,Thursday,Finch Station,Utilized Off Route,7.0,14.0,W/B,9128.0
2017-01-12,25,17:40:00,Thursday,pape stn,Utilized Off Route,5.0,7.0,n,7443.0
2017-01-12,124,17:40:00,Thursday,lawrence Station,Utilized Off Route,7.0,14.0,WB,8327.0
2017-01-12,199,17:41:00,Thursday,York University Commons,Utilized Off Route,12.0,24.0,E,1403.0
2017-01-12,100,17:42:00,Thursday,Broadview Station,Utilized Off Route,6.0,11.0,NB,7434.0
2017-01-12,94,17:43:00,Thursday,Castle Frank Station,Utilized Off Route,15.0,30.0,BW,7708.0
2017-01-12,79,17:44:00,Thursday,Runnymede Station,Utilized Off Route,14.0,28.0,N,1044.0
2017-01-12,28,17:45:00,Thursday,Brickworks,Utilized Off Route,20.0,40.0,n,1370.0
2017-01-12,74,17:45:00,Thursday,Doncliffe Loop,Utilized Off Route,20.0,40.0,SB,8180.0
2017-01-12,63,17:45:00,Thursday,Ossington station,Utilized Off Route,5.0,10.0,S,1024.0
2017-01-12,29,17:45:00,Thursday,Springhurst Loop,Utilized Off Route,5.0,10.0,n,9053.0
2017-01-12,83,17:45:00,Thursday,Lakeshore GARAGE,Investigation,12.0,24.0,n/b,7776.0
2017-01-12,68,17:46:00,Thursday,Steeles loop,Mechanical,7.0,14.0,down,7622.0
2017-01-12,34,17:46:00,Thursday,Eglinton Station,Utilized Off Route,4.0,8.0,EB,7582.0
2017-01-12,62,17:49:00,Thursday,main stn,Utilized Off Route,15.0,30.0,n/b,8125.0
2017-01-12,188,17:50:00,Thursday,Kipling Station,Utilized Off Route,8.0,15.0,S,8035.0
2017-01-12,89,17:50:00,Thursday,Keele stn,Utilized Off Route,7.0,14.0,sb,1612.0
2017-01-12,52,17:50:00,Thursday,Lawrence & Weston,Utilized Off Route,11.0,22.0,w/b,1553.0
2017-01-12,32,17:50:00,Thursday,Eg. West Stn.,Utilized Off Route,8.0,16.0,eb,1611.0
2017-01-12,24,17:50:00,Thursday,Victoria Park Station,Utilized Off Route,9.0,17.0,BW,7714.0
2017-01-12,35,17:50:00,Thursday,JNST,Utilized Off Route,7.0,14.0,N,1274.0
2017-01-12,52,17:50:00,Thursday,Jane & Lawrence,Utilized Off Route,11.0,22.0,w/b,1030.0
2017-01-12,6,17:50:00,Thursday,Bay and Queen,Utilized Off Route,6.0,11.0,S,1408.0
2017-01-12,16,17:51:00,Thursday,Warden Station,Utilized Off Route,8.0,16.0,,8140.0
2017-01-12,96,17:54:00,Thursday,Wilson and Jane,Utilized Off Route,22.0,44.0,E,8484.0
2017-01-12,95,17:54:00,Thursday,York Mills station,Utilized Off Route,8.0,17.0,23844,1112.0
2017-01-12,72,17:54:00,Thursday,Pape Station,Utilized Off Route,14.0,28.0,WB,7740.0
2017-01-12,110,17:55:00,Thursday,Islington stn,Utilized Off Route,12.0,24.0,n/b,8024.0
2017-01-12,102,17:55:00,Thursday,Warden Station,Utilized Off Route,10.0,20.0,,7744.0
2017-01-12,54,17:55:00,Thursday,Eglinton Station,Utilized Off Route,11.0,22.0,EB,7691.0
2017-01-12,111,17:55:00,Thursday,Kipling stn,Utilized Off Route,10.0,20.0,e/b,8002.0
2017-01-12,195,17:56:00,Thursday,JNST,Utilized Off Route,10.0,20.0,N,8533.0
2017-01-12,76,17:56:00,Thursday,Royal York Station,Utilized Off Route,5.0,10.0,S,8400.0
2017-01-12,32,17:58:00,Thursday,Eglinton West Stn.,Utilized Off Route,8.0,16.0,wb,1066.0
2017-01-12,25,17:58:00,Thursday,pape station,Utilized Off Route,5.0,12.0,n,7401.0
2017-01-12,34,17:58:00,Thursday,Eglinton Station,Utilized Off Route,4.0,8.0,EB,7689.0
2017-01-12,39,17:58:00,Thursday,Finch Station,Utilized Off Route,12.0,18.0,E,1119.0
2017-01-12,191,17:59:00,Thursday,Kipling station,Utilized Off Route,6.0,12.0,s/b,7973.0
2017-01-12,36,18:00:00,Thursday,Finch Station,Utilized Off Route,8.0,15.0,W/B,9130.0
2017-01-12,33,18:00:00,Thursday,St Clair West,Utilized Off Route,20.0,40.0,NB,8385.0
2017-01-12,96,18:01:00,Thursday,York Mills Stn.,Utilized Off Route,22.0,44.0,W,8439.0
2017-01-12,119,18:02:00,Thursday,Arrow and Bartor,Utilized Off Route,25.0,50.0,E,1292.0
2017-01-12,68,18:04:00,Thursday,Warden stn,Utilized Off Route,7.0,14.0,up,7521.0
2017-01-12,22,18:04:00,Thursday,Coxwell stn,Utilized Off Route,10.0,20.0,down,7619.0
2017-01-12,81,18:12:00,Thursday,Pape Station,Utilized Off Route,7.0,14.0,NB,7775.0
2017-01-12,86,18:18:00,Thursday,Kennedys stn,Utilized Off Route,10.0,20.0,Down,7553.0
2017-01-12,118,18:20:00,Thursday,Wilson Stn.,Mechanical,25.0,50.0,W,7937.0
2017-01-12,199,18:21:00,Thursday,Leslie and Finch,Mechanical,12.0,24.0,W,1352.0
2017-01-12,190,18:34:00,Thursday,DonMills stn,Mechanical,5.0,10.0,w,7696.0
2017-01-12,42,18:45:00,Thursday,Finch Station,Emergency Services,20.0,40.0,EB,8380.0
2017-01-12,34,18:52:00,Thursday,Eglinton STN,Mechanical,12.0,28.0,E,7711.0
2017-01-12,22,19:24:00,Thursday,Scarborough/Kingston Rd,Investigation,10.0,20.0,up,7648.0
2017-01-12,199,19:37:00,Thursday,STC,Utilized Off Route,7.0,13.0,W,1081.0
2017-01-12,129,19:58:00,Thursday,STC SRT,Mechanical,6.0,12.0,nb,1132.0
2017-01-12,759,20:20:00,Thursday,Mount Dennis Garage,Utilized Off Route,1.0,1.0,,1010.0
2017-01-12,106,20:28:00,Thursday,Commons,Mechanical,18.0,36.0,e/b,8452.0
2017-01-12,14,21:00:00,Thursday,Chaplin and Davisville,Diversion,240.0,280.0,E/B,1043.0
2017-01-12,39,21:02:00,Thursday,Baldoon and Finch,Late Leaving Garage,10.0,16.0,W,1277.0
2017-01-12,62,21:54:00,Thursday,main stn,Mechanical,20.0,40.0,n/b,8125.0
2017-01-12,41,21:54:00,Thursday,Keele and Sheppard,Diversion,46.0,82.0,S/B,1589.0
2017-01-12,130,21:59:00,Thursday,STC,Mechanical,22.0,44.0,E,1774.0
2017-01-12,199,22:02:00,Thursday,STC,Utilized Off Route,15.0,28.0,W,1288.0
2017-01-12,87,22:05:00,Thursday,main stn,Utilized Off Route,10.0,20.0,n/b,7701.0
2017-01-12,165,23:00:00,Thursday,Weston and Bradstock,Diversion,9.0,231.0,B/W,1240.0
2017-01-12,84,23:00:00,Thursday,Weston and Bradstock,Diversion,10.0,210.0,B/W,8578.0
2017-01-12,72,23:02:00,Thursday,Bay and Wellington,Mechanical,18.0,36.0,sb,7742.0
2017-01-12,86,23:16:00,Thursday,Morningside/Kingston rd,Mechanical,10.0,20.0,down,7553.0
2017-01-13,102,00:20:00,Friday,Warden Station,Utilized Off Route,10.0,20.0,BW,8165.0
2017-01-13,87,00:35:00,Friday,Main Station,Mechanical,10.0,20.0,BW,8117.0
2017-01-13,53,01:41:00,Friday,FSTN,Emergency Services,19.0,38.0,E,1147.0
2017-01-13,384,02:15:00,Friday,Weston Rd and Bradstock,Diversion,1.0,1.0,B/W,8578.0
2017-01-13,84,04:39:00,Friday,Bradstock and Weston Rd.,Diversion,595.0,605.0,W,8606.0
2017-01-13,133,05:04:00,Friday,Mornigside Ave and Finch Ave,Late Leaving Garage,5.0,10.0,s,1110.0
2017-01-13,25,05:05:00,Friday,Pape Station,Mechanical,7.0,14.0,NB,7400.0
2017-01-13,113,05:14:00,Friday,MAIN STATION,Late Leaving Garage,5.0,0.0,E,7741.0
2017-01-13,165,05:23:00,Friday,Bradstock and Weston,Diversion,605.0,615.0,S,1344.0
2017-01-13,102,05:28:00,Friday,MARKHAM AND EGLINTON,Mechanical,30.0,50.0,NB,8127.0
2017-01-13,29,05:33:00,Friday,Wilson Station,Mechanical,9.0,18.0,S,9004.0
2017-01-13,117,05:37:00,Friday,Steeles and Alness,Mechanical,18.0,0.0,S/B,1370.0
2017-01-13,85,05:45:00,Friday,Meadowvale Loop,Late Leaving Garage,13.0,26.0,w,9075.0
2017-01-13,97,05:54:00,Friday,Lawrence Station,Late Leaving Garage,35.0,70.0,NB,1684.0
2017-01-13,24,05:58:00,Friday,DANFORTH/VP,Late Leaving Garage,10.0,16.0,N,7795.0
2017-01-13,29,06:00:00,Friday,Wilson station,Late Leaving Garage,9.0,18.0,S,9033.0
2017-01-13,95,06:02:00,Friday,Wilson Garage,Late Leaving Garage,7.0,14.0,EB,8355.0
2017-01-13,84,06:03:00,Friday,Sheppard / Arrow,Late Leaving Garage,15.0,20.0,EB,1339.0
2017-01-13,36,06:06:00,Friday,Finch Station,Late Leaving Garage,22.0,44.0,,9113.0
2017-01-13,86,06:08:00,Friday,Kennedy Stn,Late Leaving Garage,10.0,20.0,E,7435.0
2017-01-13,116,06:09:00,Friday,Kennedy Stn,Late Leaving Garage,10.0,20.0,N,7487.0
2017-01-13,43,06:10:00,Friday,Kennedy STN,Mechanical,10.0,20.0,N/B,7564.0
2017-01-13,85,06:14:00,Friday,Rouge Hill Go Station,Late Leaving Garage,13.0,26.0,w,9073.0
2017-01-13,54,06:14:00,Friday,Eglinton STN,Late Leaving Garage,9.0,18.0,E/B,7546.0
2017-01-13,45,06:18:00,Friday,Kipling Steeles,Late Leaving Garage,6.0,11.0,S/B,7955.0
2017-01-13,85,06:23:00,Friday,Meadowvale Loop,Late Leaving Garage,13.0,26.0,w,9069.0
2017-01-13,56,06:23:00,Friday,Eglinton station,Late Leaving Garage,20.0,52.0,S,1681.0
2017-01-13,190,06:25:00,Friday,STC,Mechanical,6.0,12.0,WB,7497.0
2017-01-13,122,06:26:00,Friday,Roywood underpass Gate,Late Leaving Garage,12.0,24.0,E,1680.0
2017-01-13,60,06:26:00,Friday,Signal Hill and Steeles,Mechanical,10.0,20.0,e,8580.0
2017-01-13,36,06:27:00,Friday,Humberwood Loop,Late Leaving Garage,5.0,11.0,,9117.0
2017-01-13,88,06:30:00,Friday,St Clair Station,Late Leaving Garage,12.0,24.0,SB,1511.0
2017-01-13,132,06:32:00,Friday,Sewells and Brenyon Way,Late Leaving Garage,13.0,25.0,n,1212.0
2017-01-13,196,06:33:00,Friday,Commons,Mechanical,5.0,10.0,W/B,8365.0
2017-01-13,29,06:36:00,Friday,Dufferin Mall,Late Leaving Garage,15.0,22.0,N,9019.0
2017-01-13,34,06:39:00,Friday,Kennedy Station,Mechanical,4.0,8.0,WB,7658.0
2017-01-13,29,06:42:00,Friday,Princess gate,Late Leaving Garage,5.0,9.0,N,9047.0
2017-01-13,84,06:42:00,Friday,Sheppard and Bathurst,Investigation,7.0,14.0,w/b,8603.0
2017-01-13,41,06:46:00,Friday,Keele stn,Mechanical,11.0,22.0,n/b,9141.0
2017-01-13,7,06:47:00,Friday,Bathurst and Joicey,Investigation,12.0,24.0,n/b,9003.0
2017-01-13,24,06:50:00,Friday,VICTORIA PARK STEELES,Mechanical,8.0,17.0,S,7849.0
2017-01-13,102,06:56:00,Friday,warden stn,Late Leaving Garage,10.0,20.0,nb,7834.0
2017-01-13,196,06:58:00,Friday,Shepard Stn,Mechanical,8.0,0.0,W/B,1802.0
2017-01-13,143,07:00:00,Friday,Neville Loop,Late Leaving Garage,15.0,19.0,W,8135.0
2017-01-13,199,07:02:00,Friday,Scarborough Town Centre,Utilized Off Route,7.0,11.0,w,1099.0
2017-01-13,20,07:07:00,Friday,MAIN STATION,Late Leaving Garage,11.0,22.0,E,
2017-01-13,52,07:12:00,Friday,Lawrence and Corona,Investigation,3.0,6.0,e,1503.0
2017-01-13,57,07:12:00,Friday,Kennedy Stn,Mechanical,8.0,16.0,N,7738.0
2017-01-13,68,07:13:00,Friday,Warden at Steeles Loop,Mechanical,5.0,10.0,S/B,7410.0
2017-01-13,102,07:15:00,Friday,WARDEN STN,Mechanical,10.0,20.0,NB,8140.0
2017-01-13,59,07:21:00,Friday,Lawrence Ave West and Corona St,Diversion,13.0,25.0,W,8531.0
2017-01-13,29,07:21:00,Friday,Wilson Station,Late Leaving Garage,9.0,18.0,S,9040.0
2017-01-13,44,07:23:00,Friday,Kipling Station,Mechanical,5.0,9.0,S/B,8049.0
2017-01-13,23,07:30:00,Friday,Main Station,Mechanical,5.0,10.0,SB,7741.0
2017-01-13,102,07:45:00,Friday,WARDEN STN,Utilized Off Route,10.0,20.0,NB,8132.0
2017-01-13,43,07:45:00,Friday,Kennedy STN,Mechanical,10.0,20.0,N/B,7700.0
2017-01-13,6,08:00:00,Friday,Entire route,General Delay,8.0,8.0,BW,
2017-01-13,52,08:06:00,Friday,Elm and Lawrence,Mechanical,3.0,6.0,w,1586.0
2017-01-13,59,08:11:00,Friday,Lawrence Ave West and Corona St,Investigation,13.0,26.0,E,8566.0
2017-01-13,102,08:15:00,Friday,on route,General Delay,11.0,1.0,bw,
2017-01-13,53,08:20:00,Friday,Markham and Passmore,Mechanical,9.0,14.0,W,1080.0
2017-01-13,21,08:45:00,Friday,Kennedy Stn.,Mechanical,10.0,20.0,N,7881.0
2017-01-13,52,08:50:00,Friday,Lawrence and Corona,Investigation,3.0,6.0,e,1649.0
2017-01-13,11,08:59:00,Friday,Davisville station,Mechanical,16.0,32.0,N,8209.0
2017-01-13,81,09:00:00,Friday,Pape Stn,Mechanical,10.0,20.0,N,8131.0
2017-01-13,124,09:10:00,Friday,Entire Route,General Delay,1.0,1.0,WB,8305.0
2017-01-13,100,09:26:00,Friday,Don Mills and Wynford,Mechanical,6.0,13.0,SB,7711.0
2017-01-13,100,09:33:00,Friday,Don Mills and Wynford,Mechanical,7.0,13.0,SB,7596.0
2017-01-13,63,09:50:00,Friday,Osington and Dundas,Investigation,10.0,20.0,SB,1646.0
2017-01-13,199,09:56:00,Friday,Wilfred and Finch Ave,Mechanical,4.0,8.0,EB,1094.0
2017-01-13,191,10:00:00,Friday,Kipling Stn,Mechanical,5.0,10.0,Nb,7931.0
2017-01-13,96,10:21:00,Friday,Wilson Station,Mechanical,21.0,42.0,E,8537.0
2017-01-13,129,10:58:00,Friday,McCowan and 16th Ave,Mechanical,28.0,56.0,s,1097.0
2017-01-13,12,11:22:00,Friday,Kennedy Stn,Mechanical,20.0,40.0,W,7752.0
2017-01-13,1,12:00:00,Friday,Test,Late Leaving Garage,1.0,0.0,,1.0
2017-01-13,90,12:24:00,Friday,St.clair west stn,Utilized Off Route,8.0,16.0,n/b,8207.0
2017-01-13,29,12:35:00,Friday,Bloor,Utilized Off Route,5.0,10.0,S,9056.0
2017-01-13,43,12:47:00,Friday,Kennedy STN,Mechanical,10.0,20.0,N/B,7564.0
2017-01-13,11,12:47:00,Friday,Davisville Stn,Utilized Off Route,12.0,24.0,n,1810.0
2017-01-13,11,12:47:00,Friday,Davisville Stn,Utilized Off Route,12.0,24.0,n,1810.0
2017-01-13,28,12:58:00,Friday,Brickworks,Mechanical,20.0,40.0,n,1807.0
2017-01-13,199,13:00:00,Friday,Finch Station,Mechanical,4.0,12.0,EB,1736.0
2017-01-13,7,13:10:00,Friday,Bathurst and Steeles,Mechanical,10.0,19.0,s/b,9046.0
2017-01-13,111,13:25:00,Friday,Kipling Station,Utilized Off Route,12.0,24.0,N,7913.0
2017-01-13,47,13:25:00,Friday,Lansdowne & Davenport,Investigation,15.0,30.0,s/b,1619.0
2017-01-13,100,13:33:00,Friday,Concord Place,Mechanical,6.0,13.0,S,7478.0
2017-01-13,44,13:36:00,Friday,Kipling Station,Utilized Off Route,6.0,13.0,S/B,8062.0
2017-01-13,7,13:40:00,Friday,Bathurst Stn,Mechanical,9.0,19.0,n/b,9021.0
2017-01-13,97,13:55:00,Friday,Yorkmills stn,Mechanical,30.0,60.0,s/b,9335.0
2017-01-13,195,14:00:00,Friday,FJAN - Jane / Finch West,Mechanical,10.0,20.0,S,8466.0
2017-01-13,116,14:02:00,Friday,Kennedy station,Mechanical,10.0,20.0,dn,7580.0
2017-01-13,32,14:10:00,Friday,Skymark Ave,Utilized Off Route,10.0,20.0,E,1572.0
2017-01-13,111,14:11:00,Friday,Eastmall at Dundas,Utilized Off Route,12.0,21.0,S,7913.0
2017-01-13,39,14:13:00,Friday,Leslie and Finch,Mechanical,20.0,39.0,E,1079.0
2017-01-13,107,14:15:00,Friday,Keele and Finch,Investigation,32.0,57.0,,8386.0
2017-01-13,115,14:18:00,Friday,Leslie and Farmstead,Investigation,20.0,40.0,n,1672.0
2017-01-13,85,14:33:00,Friday,Malvern Gates,Mechanical,13.0,25.0,W,9091.0
2017-01-13,16,14:33:00,Friday,STC,Mechanical,10.0,20.0,sb,7858.0
2017-01-13,79,14:38:00,Friday,Pine and Lawrence,Late Leaving Garage,8.0,29.0,S,1595.0
2017-01-13,41,14:40:00,Friday,Keele and Finch,Diversion,35.0,44.0,nb,1384.0
2017-01-13,7,14:40:00,Friday,Bathurst and Wilson,Mechanical,8.0,16.0,n/b,9030.0
2017-01-13,81,14:43:00,Friday,Pape Station,Late Leaving Garage,8.0,16.0,NB,7797.0
2017-01-13,24,14:46:00,Friday,Don Mills Stn,Late Leaving Garage,16.0,32.0,sb,7751.0
2017-01-13,17,14:47:00,Friday,WARDEN STN,Late Leaving Garage,8.0,16.0,NB,7781.0
2017-01-13,20,14:48:00,Friday,Main Stn,Late Leaving Garage,14.0,28.0,SB,7834.0
2017-01-13,31,14:49:00,Friday,Greenwood,Late Leaving Garage,10.0,20.0,SB,7783.0
2017-01-13,32,14:50:00,Friday,Elinton Ave,Late Leaving Garage,8.0,16.0,W,1654.0
2017-01-13,102,14:50:00,Friday,ST. CLAIR AND MIDLAND,Mechanical,5.0,10.0,NB,8156.0
2017-01-13,131,14:52:00,Friday,STC,Mechanical,13.0,22.0,N,1146.0
2017-01-13,24,14:53:00,Friday,Victoria Park,Late Leaving Garage,12.0,24.0,NB,7784.0
2017-01-13,52,14:53:00,Friday,Jane and Church,Late Leaving Garage,8.0,12.0,E,1416.0
2017-01-13,35,14:54:00,Friday,jste - Jane / Steeles,Late Leaving Garage,5.0,10.0,S,1381.0
2017-01-13,196,15:00:00,Friday,Sheppard stn,Mechanical,8.0,15.0,WB`,1374.0
2017-01-13,56,15:00:00,Friday,Eglinton Station,Mechanical,14.0,23.0,n,1385.0
2017-01-13,709,15:01:00,Friday,Eglinton Ave W,Late Leaving Garage,1.0,1.0,B/W,1007.0
2017-01-13,17,15:01:00,Friday,WARDEN STN,Mechanical,25.0,50.0,NB,8136.0
2017-01-13,16,15:04:00,Friday,STC,Late Leaving Garage,9.0,18.0,sb,7876.0
2017-01-13,65,15:07:00,Friday,castle frank stn,Late Leaving Garage,5.0,10.0,N.B,8127.0
2017-01-13,57,15:08:00,Friday,Midland and Steeles,Late Leaving Garage,12.0,24.0,SB,7820.0
2017-01-13,39,15:10:00,Friday,McNicoll and Victoria Park,Late Leaving Garage,12.0,24.0,W,1145.0
2017-01-13,709,15:10:00,Friday,Emmett Ave,Utilized Off Route,1.0,1.0,E,1399.0
2017-01-13,113,15:14:00,Friday,Kennedy Stn,Mechanical,13.0,26.0,SB,8117.0
2017-01-13,72,15:15:00,Friday,Front and Bay,Late Leaving Garage,14.0,28.0,EB,8164.0
2017-01-13,199,15:16:00,Friday,Morningside and Nighstar,Late Leaving Garage,10.0,22.0,W,1754.0
2017-01-13,106,15:16:00,Friday,Sentinal,Late Leaving Garage,8.0,16.0,Eb,1.0
2017-01-13,45,15:21:00,Friday,Belfield at Hwy 27,Diversion,18.0,42.0,S,8081.0
2017-01-13,21,15:22:00,Friday,Scarborough Town Centre,Late Leaving Garage,9.0,18.0,NB,7864.0
2017-01-13,106,15:23:00,Friday,Sentinal,Late Leaving Garage,8.0,16.0,Eb,1.0
2017-01-13,54,15:28:00,Friday,Lawrance and Scarborough Golf club rd,Late Leaving Garage,11.0,22.0,WB,7647.0
2017-01-13,87,15:29:00,Friday,Main stn,Late Leaving Garage,5.0,10.0,N.B,7707.0
2017-01-13,105,15:31:00,Friday,Dufferin and steele,Mechanical,32.0,32.0,,8304.0
2017-01-13,16,15:34:00,Friday,WARDEN STN,Mechanical,10.0,20.0,NB,8184.0
2017-01-13,52,15:34:00,Friday,Terminal 1,Mechanical,11.0,16.0,E,1015.0
2017-01-13,6,15:37:00,Friday,Daveport & Yonge,Late Leaving Garage,11.0,22.0,s/b,1539.0
2017-01-13,11,15:40:00,Friday,Sheppard and Bayview,Mechanical,17.0,34.0,s,8209.0
2017-01-13,11,15:42:00,Friday,Sunnybrook.,Utilized Off Route,8.0,17.0,s,1689.0
2017-01-13,54,15:45:00,Friday,Lawrance and Warden,Mechanical,11.0,22.0,WB,7691.0
2017-01-13,60,15:48:00,Friday,York University Commons,Utilized Off Route,7.0,14.0,E,8540.0
2017-01-13,11,15:59:00,Friday,Davisville Stn,Utilized Off Route,7.0,15.0,n,8346.0
2017-01-13,34,16:00:00,Friday,Eglinton STN,Investigation,4.0,8.0,E,7524.0
2017-01-13,56,16:00:00,Friday,Eglinton Stn,Investigation,5.0,24.0,e,1680.0
2017-01-13,36,16:00:00,Friday,Finch Station to Humberwood Loop,General Delay,20.0,25.0,B/W,
2017-01-13,121,16:00:00,Friday,Strachan,General Delay,1.0,1.0,b/w,
2017-01-13,144,16:01:00,Friday,Jarvis and Richmond,Late Leaving Garage,20.0,40.0,W,7425.0
2017-01-13,85,16:02:00,Friday,Maqlvern Gates,Mechanical,6.0,13.0,W,9087.0
2017-01-13,87,16:05:00,Friday,Main Stn,Utilized Off Route,5.0,10.0,WB,7770.0
2017-01-13,34,16:10:00,Friday,Eglinton and Labovic,Mechanical,4.0,8.0,E,7605.0
2017-01-13,143,16:11:00,Friday,Sherbourne and Richmound,Late Leaving Garage,25.0,50.0,EB,8110.0
2017-01-13,78,16:15:00,Friday,Yorkmills Station,Mechanical,15.0,30.0,e,1824.0
2017-01-13,32,16:22:00,Friday,Eglinton Station,Mechanical,9.0,18.0,W,1281.0
2017-01-13,63,16:25:00,Friday,Ossington Station,Mechanical,5.0,10.0,S,1395.0
2017-01-13,52,16:27:00,Friday,Lawrence Station,Mechanical,6.0,17.0,W,1044.0
2017-01-13,75,16:28:00,Friday,Bloor and Sherbourne,Mechanical,6.0,12.0,n/b,1347.0
2017-01-13,41,16:30:00,Friday,The Commons,Mechanical,15.0,29.0,sb,1645.0
2017-01-13,72,16:30:00,Friday,Pape Station,Utilized Off Route,14.0,28.0,WB,7769.0
2017-01-13,95,16:31:00,Friday,York Mills Route,General Delay,15.0,30.0,B/W,1720.0
2017-01-13,102,16:35:00,Friday,Warden Station,Utilized Off Route,10.0,20.0,BW,8140.0
2017-01-13,129,16:36:00,Friday,Milner,Investigation,5.0,13.0,NB,1740.0
2017-01-13,54,16:37:00,Friday,Lawrance and McCowan,Investigation,11.0,22.0,EB,7510.0
2017-01-13,10,16:40:00,Friday,Donmills Stn,Mechanical,10.0,20.0,,1367.0
2017-01-13,54,16:50:00,Friday,Eglinton Station,Mechanical,11.0,22.0,EB,7647.0
2017-01-13,39,17:00:00,Friday,Finch Stn to Old Finch,General Delay,16.0,34.0,BW,
2017-01-13,199,17:00:00,Friday,York U _ Morningside and Nighstar,General Delay,18.0,30.0,BW,
2017-01-13,13,17:00:00,Friday,Steeles & Wintermute,Mechanical,8.0,16.0,SB,7836.0
2017-01-13,52,17:04:00,Friday,Lawrence Station,Utilized Off Route,11.0,22.0,W,1543.0
2017-01-13,95,17:10:00,Friday,Kingston Rd,Mechanical,9.0,18.0,W,1741.0
2017-01-13,111,17:25:00,Friday,WILLOWRIDGE AND RICHGROVE,Mechanical,10.0,20.0,w/b,8037.0
2017-01-13,35,17:37:00,Friday,Jane / Troutbrooke,Emergency Services,5.0,10.0,S,1048.0
2017-01-13,93,17:40:00,Friday,Sandra / Oconnor,Investigation,30.0,60.0,n/b,8115.0
2017-01-13,129,17:44:00,Friday,Hwy 401 and McCowan,Mechanical,8.0,12.0,SB,9081.0
2017-01-13,25,17:45:00,Friday,pape station,Mechanical,8.0,17.0,s,7536.0
2017-01-13,196,17:49:00,Friday,York University,Utilized Off Route,7.0,15.0,n/b,8376.0
2017-01-13,91,17:58:00,Friday,Woodbine stn,Utilized Off Route,10.0,20.0,n/b,8163.0
2017-01-13,96,18:04:00,Friday,wilson at Jane,Mechanical,22.0,44.0,W,8500.0
2017-01-13,196,18:10:00,Friday,Downsview Stn,Mechanical,3.0,6.0,NB,8210.0
2017-01-13,199,18:15:00,Friday,York U Commons,Mechanical,12.0,24.0,E,1125.0
2017-01-13,102,18:40:00,Friday,407 & Markham,Investigation,20.0,40.0,NB,7804.0
2017-01-13,199,18:46:00,Friday,Leslie and Finch,Mechanical,4.0,12.0,E,1781.0
2017-01-13,102,18:49:00,Friday,Steeles & Markham,Utilized Off Route,8.0,10.0,SB,7853.0
2017-01-13,31,18:50:00,Friday,SB Linsmore Crs,Diversion,10.0,20.0,NB,7764.0
2017-01-13,108,19:14:00,Friday,Driftwood and Jane,Mechanical,13.0,26.0,s/b,8480.0
2017-01-13,21,19:39:00,Friday,Kennedy Station,Mechanical,11.0,22.0,NB,7864.0
2017-01-13,42,19:55:00,Friday,Finch stn,Mechanical,10.0,20.0,e/b,8308.0
2017-01-13,95,20:08:00,Friday,Mornelle Court\,Investigation,6.0,13.0,WB,1216.0
2017-01-13,185,20:38:00,Friday,Pape station,Mechanical,10.0,20.0,s,7508.0
2017-01-13,14,21:03:00,Friday,Davisville Station,Diversion,240.0,280.0,E/B,1658.0
2017-01-13,29,21:09:00,Friday,Dufferin & Eversfield,Mechanical,6.0,12.0,N,8359.0
2017-01-13,39,21:10:00,Friday,Leslie,Mechanical,16.0,32.0,EB,1100.0
2017-01-13,165,21:45:00,Friday,Weston and Gary Ray Dr.,Mechanical,9.0,19.0,w,1237.0
2017-01-13,47,21:54:00,Friday,Lansdowne and College,Diversion,92.0,132.0,S/B,1610.0
2017-01-13,6,21:59:00,Friday,Bay and Front,Diversion,15.0,45.0,S/B,1353.0
2017-01-13,165,23:00:00,Friday,Weston and Bradstock,Diversion,1.0,1.0,s,1240.0
2017-01-13,84,23:00:00,Friday,Weston and Bradstock,Diversion,1.0,1.0,B/W,8578.0
2017-01-13,36,23:07:00,Friday,Driftwood and Finch,Diversion,49.0,49.0,E/B,9111.0
2017-01-13,36,23:46:00,Friday,Tobermory and Finch,Diversion,1.0,1.0,W/b,8514.0
2017-01-13,17,23:49:00,Friday,Warden & Steeles Loop,Mechanical,22.0,46.0,BW,7721.0
2017-01-14,192,00:00:00,Saturday,Kipling Station,Emergency Services,10.0,20.0,N,8003.0
2017-01-14,131,00:38:00,Saturday,MVOF,Mechanical,15.0,30.0,WB,1750.0
2017-01-14,32,00:58:00,Saturday,Eglinton West Station,Mechanical,10.0,20.0,W/B,1057.0
2017-01-14,199,01:08:00,Saturday,STC,Utilized Off Route,9.0,18.0,WB,1116.0
2017-01-14,84,01:53:00,Saturday,Senlac and Sheppard,Diversion,1.0,1.0,e,8569.0
2017-01-14,54,01:57:00,Saturday,Eglinton Stn,Mechanical,20.0,40.0,WB,7458.0
2017-01-14,320,02:16:00,Saturday,Carlton and Yonge,Investigation,3.0,6.0,N/B,8191.0
2017-01-14,300,02:24:00,Saturday,Islington,Mechanical,10.0,30.0,EB,8074.0
2017-01-14,354,03:09:00,Saturday,Starspray on Lawrence,Mechanical,30.0,60.0,BW,7458.0
2017-01-14,307,03:10:00,Saturday,Nassau St and Bathurst,Investigation,20.0,40.0,N/b,9049.0
2017-01-14,300,03:24:00,Saturday,Bloor - Danforth,General Delay,20.0,40.0,BW,
2017-01-14,320,03:32:00,Saturday,Hollywood and Yonge,Utilized Off Route,3.0,6.0,S/b,8324.0
2017-01-14,395,04:37:00,Saturday,Markham,Mechanical,30.0,60.0,WB,1132.0
2017-01-14,300,04:44:00,Saturday,Kennedy Stn,Mechanical,30.0,55.0,WB,8130.0
2017-01-14,96,05:04:00,Saturday,Wilson Station,Late Leaving Garage,12.0,24.0,W,8500.0
2017-01-14,84,05:15:00,Saturday,Senlac and Sheppard Ave West,Diversion,125.0,135.0,B/W,8522.0
2017-01-14,300,05:38:00,Saturday,Danforth/Danforth,Mechanical,30.0,60.0,W/B,7417.0
2017-01-14,39,05:42:00,Saturday,Finch Station,Late Leaving Garage,14.0,28.0,EB,1081.0
2017-01-14,39,05:56:00,Saturday,Baldoon/Finch,Late Leaving Garage,14.0,28.0,EB,1110.0
2017-01-14,84,06:03:00,Saturday,Rivalda and Sheppard,Mechanical,11.0,22.0,W,8552.0
2017-01-14,45,06:13:00,Saturday,Kipling stn,Mechanical,10.0,20.0,n/b,8070.0
2017-01-14,25,06:20:00,Saturday,Pape STN,Mechanical,10.0,20.0,N/B,7647.0
2017-01-14,90,06:46:00,Saturday,St clair W station,Mechanical,12.0,24.0,W,1579.0
2017-01-14,94,07:00:00,Saturday,Wellesley route,Diversion,865.0,885.0,BW,7802.0
2017-01-14,33,07:10:00,Saturday,Spadina anf Eglinton,Mechanical,20.0,40.0,s/b,8308.0
2017-01-14,195,07:29:00,Saturday,Jane and Steeles,Late Leaving Garage,10.0,20.0,S,1285.0
2017-01-14,107,07:30:00,Saturday,Drummond/Teston,Mechanical,30.0,60.0,S,8338.0
2017-01-14,102,07:35:00,Saturday,SB Markham and Ellesmere,Utilized Off Route,10.0,20.0,SB,8140.0
2017-01-14,68,08:09:00,Saturday,Warden STN,Mechanical,9.0,42.0,N/B,7568.0
2017-01-14,20,08:15:00,Saturday,Warden and Danforth,Mechanical,20.0,40.0,EB,7796.0
2017-01-14,116,08:31:00,Saturday,Kennedy STN,Investigation,10.0,20.0,E/B,7481.0
2017-01-14,87,08:55:00,Saturday,Main Station,Mechanical,10.0,20.0,WB,7736.0
2017-01-14,125,09:15:00,Saturday,Finch Station,Mechanical,15.0,30.0,W,8376.0
2017-01-14,24,09:15:00,Saturday,Steeles,Mechanical,10.0,20.0,SB,8156.0
2017-01-14,52,09:50:00,Saturday,Pine and Lawrence,Mechanical,12.0,27.0,w/b,1329.0
2017-01-14,34,10:02:00,Saturday,Eglinton Ave E and Pharmacy Ave,Mechanical,7.0,15.0,WB,7580.0
2017-01-14,85,10:50:00,Saturday,Malvern Gate,Mechanical,8.0,15.0,E/B,1328.0
2017-01-14,132,11:00:00,Saturday,Scarborough Town Center,Investigation,30.0,60.0,EB,1128.0
2017-01-14,95,11:00:00,Saturday,Parkington Cr. On Ellesmere,Investigation,9.0,17.0,E,1100.0
2017-01-14,199,11:10:00,Saturday,Scarborough Town Center,Utilized Off Route,9.0,18.0,EB,1124.0
2017-01-14,41,11:15:00,Saturday,Keele and Sheppard,Mechanical,9.0,19.0,n/b,1016.0
2017-01-14,196,11:15:00,Saturday,Downsview STN,Utilized Off Route,8.0,15.0,NB,8209.0
2017-01-14,16,11:40:00,Saturday,Warden STn,Mechanical,10.0,20.0,N,7801.0
2017-01-14,39,11:46:00,Saturday,FSTN,Investigation,6.0,12.0,E,1086.0
2017-01-14,53,11:47:00,Saturday,Steeles/ Henderson,Mechanical,17.0,34.0,WB,1082.0
2017-01-14,37,12:01:00,Saturday,Islington Stn,Late Leaving Garage,9.0,22.0,N/B,8075.0
2017-01-14,29,12:05:00,Saturday,Queen Street,Diversion,19.0,25.0,N,1675.0
2017-01-14,85,13:01:00,Saturday,don Mills Stn,Mechanical,5.0,11.0,E,1096.0
2017-01-14,53,13:16:00,Saturday,Markham and Passmore,Late Leaving Garage,10.0,16.0,w,1258.0
2017-01-14,87,13:30:00,Saturday,Broadview Station,Utilized Off Route,10.0,20.0,E,7730.0
2017-01-14,89,13:35:00,Saturday,Weston and Dennis,Investigation,10.0,20.0,N,1379.0
2017-01-14,35,13:44:00,Saturday,Jane station,Mechanical,24.0,48.0,n/b,8503.0
2017-01-14,32,13:56:00,Saturday,Ennerdale & Eglinton,Mechanical,9.0,18.0,w/b,1578.0
2017-01-14,85,14:28:00,Saturday,Sheppard and Brimley,Mechanical,5.0,11.0,E,1282.0
2017-01-14,36,14:32:00,Saturday,Finch and Tobemory,Diversion,19.0,25.0,W/B,8448.0
2017-01-14,85,14:34:00,Saturday,Sheppard @ Pharmacy,Mechanical,6.0,11.0,E,1704.0
2017-01-14,191,14:37:00,Saturday,Steeles Loop,Mechanical,10.0,20.0,S/B,7940.0
2017-01-14,12,14:40:00,Saturday,Bingham loop,Mechanical,17.0,34.0,SB,7744.0
2017-01-14,196,15:30:00,Saturday,Downsview Stn,Mechanical,8.0,16.0,n/b,8379.0
2017-01-14,123,15:30:00,Saturday,Kipling Station,Mechanical,20.0,40.0,S/B,8023.0
2017-01-14,29,15:35:00,Saturday,Wilson STN,Utilized Off Route,3.0,6.0,SB,1815.0
2017-01-14,87,15:35:00,Saturday,Main Stn,Utilized Off Route,10.0,20.0,wb,7730.0
2017-01-14,40,16:00:00,Saturday,Dundas West Station to Runnymede Loop,General Delay,10.0,20.0,,
2017-01-14,52,16:00:00,Saturday,Lawrence Ave W at Blackcreek,Mechanical,7.0,14.0,W,1024.0
2017-01-14,97,16:30:00,Saturday,Yonge & Finch,Investigation,30.0,60.0,NB,1814.0
2017-01-14,132,16:33:00,Saturday,Forgate and Breyonway,Investigation,30.0,60.0,E,1401.0
2017-01-14,34,16:34:00,Saturday,Kennedy STN,Mechanical,15.0,34.0,WB,7564.0
2017-01-14,7,16:37:00,Saturday,Village Gate,Mechanical,8.0,15.0,s/b,9030.0
2017-01-14,29,16:40:00,Saturday,Dufferin and Bloor,Investigation,3.0,6.0,s,9001.0
2017-01-14,29,16:44:00,Saturday,Wilson STN,Utilized Off Route,3.0,6.0,SB,1673.0
2017-01-14,199,16:50:00,Saturday,Scarborough Town center,Utilized Off Route,6.0,12.0,N,1124.0
2017-01-14,53,17:00:00,Saturday,Passmore and Markham,Investigation,10.0,16.0,N,1280.0
2017-01-14,7,17:00:00,Saturday,Bathurst Stn,Mechanical,7.0,15.0,n/b,8389.0
2017-01-14,52,17:05:00,Saturday,Lawrence Ave W at Shermount Ave,Mechanical,17.0,34.0,E,1502.0
2017-01-14,41,17:13:00,Saturday,Commons,Mechanical,8.0,15.0,S,1071.0
2017-01-14,35,17:21:00,Saturday,Jane and Sheppard,Mechanical,8.0,16.0,s/b,8610.0
2017-01-14,196,17:26:00,Saturday,Sheppard and Yonge,Utilized Off Route,15.0,30.0,n/b,8301.0
2017-01-14,29,17:30:00,Saturday,Dufferin and Davenport,Diversion,15.0,18.0,n,9045.0
2017-01-14,56,17:45:00,Saturday,Laird Dr/Vanderhoof Ave,Mechanical,24.0,48.0,S/B,1677.0
2017-01-14,65,17:46:00,Saturday,Esplanade,Mechanical,16.0,32.0,N,7828.0
2017-01-14,94,17:54:00,Saturday,Catlefrank Station,Utilized Off Route,13.0,26.0,W,7755.0
2017-01-14,36,18:04:00,Saturday,Finch Station,Mechanical,5.0,9.0,E/B,8606.0
2017-01-14,190,18:50:00,Saturday,Sheppard & Midland,Mechanical,1.0,1.0,dn,7604.0
2017-01-14,21,19:09:00,Saturday,Brimley Road and Haileybury Drive,Diversion,64.0,77.0,SB,7719.0
2017-01-14,39,19:11:00,Saturday,neilson Rd and Crow Trail,Utilized Off Route,12.0,24.0,WB,1222.0
2017-01-14,133,19:13:00,Saturday,Neilson @Crow Trail,Diversion,447.0,10.0,S,1721.0
2017-01-14,133,19:25:00,Saturday,Neilson @ Crow Trail,Emergency Services,10.0,20.0,S,1785.0
2017-01-14,39,19:32:00,Saturday,Neilson Rd and Crow Trail,Diversion,425.0,453.0,EB,1402.0
2017-01-14,89,20:00:00,Saturday,West Toronto Street and Keele,Diversion,10.0,30.0,S,
2017-01-14,41,20:00:00,Saturday,West Toronto Street and Keele,Diversion,20.0,36.0,S,
2017-01-14,21,20:38:00,Saturday,Kennedy stn,Mechanical,20.0,40.0,s.b,7723.0
2017-01-14,60,21:14:00,Saturday,Route 60,General Delay,11.0,18.0,BW,
2017-01-14,26,21:14:00,Saturday,Dupont and Manning,Investigation,24.0,48.0,E,1325.0
2017-01-14,161,21:21:00,Saturday,Rogers Rd at Dufferin St,Investigation,15.0,30.0,E,1348.0
2017-01-14,133,21:30:00,Saturday,Neilson and Finch,Diversion,10.0,310.0,NB,1283.0
2017-01-14,36,21:35:00,Saturday,Finch w & Rumike,Diversion,114.0,124.0,BW,
2017-01-14,89,22:00:00,Saturday,Keele Station,Utilized Off Route,10.0,20.0,N,1007.0
2017-01-14,47,22:06:00,Saturday,Earls Court Loop,Mechanical,20.0,40.0,S,1564.0
2017-01-14,121,22:08:00,Saturday,Front St and York St,Diversion,27.0,42.0,EB,7769.0
2017-01-14,89,23:12:00,Saturday,Weston and Jane,Emergency Services,10.0,20.0,S,1395.0
2017-01-14,36,23:56:00,Saturday,Driftwood and Finch,Diversion,1.0,1.0,E/b,9132.0
2017-01-15,39,00:15:00,Sunday,Warden and Finch Ave,Mechanical,8.0,16.0,WB,1293.0
2017-01-15,68,00:50:00,Sunday,Warden and Ellesmere,Diversion,1.0,1.0,S,
2017-01-15,68,00:50:00,Sunday,Warden and Ellesmere,Emergency Services,17.0,33.0,S,7409.0
2017-01-15,95,01:15:00,Sunday,Warden On Ellesmere,Diversion,10.0,62.0,WB,1100.0
2017-01-15,334,02:15:00,Sunday,Neilson and Finch,Diversion,30.0,97.0,BW,7553.0
2017-01-15,339,02:30:00,Sunday,Neilson Rd and Crow Trail,Diversion,52.0,82.0,WB,1222.0
2017-01-15,300,02:58:00,Sunday,T3,Mechanical,30.0,60.0,EB,7844.0
2017-01-15,116,03:10:00,Sunday,Ellesmere On Morningside,Emergency Services,20.0,40.0,EB,7655.0
2017-01-15,332,03:50:00,Sunday,Renforth & Silverdart,Mechanical,30.0,60.0,W,1659.0
2017-01-15,41,04:13:00,Sunday,Keele & Yore,Diversion,61.0,91.0,S,1005.0
2017-01-15,300,04:42:00,Sunday,Danforth and Bloor,General Delay,17.0,47.0,EB,7838.0
2017-01-15,320,05:40:00,Sunday,Wilson Garage,Mechanical,4.0,8.0,S,1665.0
2017-01-15,300,06:20:00,Sunday,East Mall,Mechanical,5.0,20.0,E,1538.0
2017-01-15,89,06:46:00,Sunday,Keele stn,Late Leaving Garage,10.0,20.0,n,1050.0
2017-01-15,102,06:52:00,Sunday,Steeles and Markham,Late Leaving Garage,10.0,20.0,SB,7851.0
2017-01-15,199,07:15:00,Sunday,Scar Town Centre Station,Late Leaving Garage,12.0,24.0,W,1784.0
2017-01-15,35,07:22:00,Sunday,JNST,Late Leaving Garage,12.0,24.0,N,8530.0
2017-01-15,109,07:33:00,Sunday,Neptune,Mechanical,15.0,30.0,S,8368.0
2017-01-15,109,07:47:00,Sunday,Lawrence west station,Late Leaving Garage,15.0,30.0,N,8381.0
2017-01-15,196,08:00:00,Sunday,Downsview Station,Late Leaving Garage,8.0,16.0,N,1701.0
2017-01-15,32,08:15:00,Sunday,Eglinton west stn,Mechanical,10.0,20.0,w,1048.0
2017-01-15,51,08:15:00,Sunday,Eglinton station,Late Leaving Garage,30.0,60.0,E,8389.0
2017-01-15,102,08:18:00,Sunday,shepperd,Mechanical,10.0,20.0,N/B,7834.0
2017-01-15,32,08:45:00,Sunday,Weston / Eglinton,Utilized Off Route,10.0,20.0,w,1048.0
2017-01-15,89,08:45:00,Sunday,Weston / Ray,Mechanical,10.0,20.0,s,1052.0
2017-01-15,165,09:21:00,Sunday,York Mills Station,Investigation,36.0,72.0,W,8516.0
2017-01-15,86,09:23:00,Sunday,Kennedy STN,Late Leaving Garage,8.0,15.0,E,7513.0
2017-01-15,100,10:20:00,Sunday,Broadview STN,Mechanical,10.0,20.0,N,7538.0
2017-01-15,36,10:22:00,Sunday,Arrow Garage,Mechanical,5.0,10.0,E,8465.0
2017-01-15,36,10:41:00,Sunday,Arrow Road Division,Mechanical,5.0,10.0,E,1332.0
2017-01-15,16,10:44:00,Sunday,stc,Late Leaving Garage,12.0,24.0,S/B,8127.0
2017-01-15,81,10:55:00,Sunday,65 Thorncliffe Drive,Mechanical,10.0,20.0,S,7708.0
2017-01-15,39,10:56:00,Sunday,McCowan and Finch,Mechanical,17.0,34.0,W/B,1098.0
2017-01-15,132,11:30:00,Sunday,Scar Town Centre Station,Mechanical,30.0,60.0,E,1089.0
2017-01-15,95,11:34:00,Sunday,Kennedy and Ellesmere,Mechanical,20.0,40.0,E/B,1204.0
2017-01-15,25,11:56:00,Sunday,FMDM,Mechanical,8.0,16.0,SB,7522.0
2017-01-15,26,11:58:00,Sunday,Dupont / Kendal,Investigation,24.0,48.0,e,1406.0
2017-01-15,90,12:02:00,Sunday,St. Clair West Station,Late Leaving Garage,8.0,16.0,nb,8333.0
2017-01-15,29,12:02:00,Sunday,Wilson Station,Mechanical,4.0,8.0,s,9004.0
2017-01-15,199,12:05:00,Sunday,Birchmount and Finch,Mechanical,8.0,16.0,E/B,1082.0
2017-01-15,29,12:13:00,Sunday,Wilson Station,Mechanical,4.0,8.0,s,9052.0
2017-01-15,84,12:14:00,Sunday,Sheppard Stn.,Late Leaving Garage,7.0,14.0,w,1237.0
2017-01-15,32,12:18:00,Sunday,Eglinton / Keele,Investigation,10.0,20.0,w,1057.0
2017-01-15,95,12:25:00,Sunday,Warden and Ellesmere,Mechanical,18.0,35.0,W/B,1132.0
2017-01-15,7,12:31:00,Sunday,Bathurst Station,Late Leaving Garage,7.0,15.0,N,9044.0
2017-01-15,39,12:38:00,Sunday,Finch Station,Late Leaving Garage,16.0,32.0,E/B,1720.0
2017-01-15,51,12:51:00,Sunday,Eglinton stn,Mechanical,20.0,40.0,n,1681.0
2017-01-15,16,13:05:00,Sunday,Mccowan on Mccowan,Mechanical,12.0,24.0,e/b,8123.0
2017-01-15,70,13:13:00,Sunday,Woodbine and O'Connor,Investigation,10.0,40.0,N/B,7565.0
2017-01-15,102,13:22:00,Sunday,st clair,Late Leaving Garage,10.0,20.0,n/b,7845.0
2017-01-15,36,14:12:00,Sunday,Finch W / Arrow Rd.,Mechanical,5.0,10.0,E,8450.0
2017-01-15,102,14:19:00,Sunday,Steeles and Markham rd,Mechanical,19.0,38.0,n/b,7788.0
2017-01-15,94,14:20:00,Sunday,Wellesley Stn,Mechanical,13.0,26.0,wb,8108.0
2017-01-15,7,14:54:00,Sunday,Wilson Ave,Mechanical,7.0,14.0,S,9034.0
2017-01-15,16,15:18:00,Sunday,Warden Station,Mechanical,12.0,24.0,EB,8146.0
2017-01-15,7,15:37:00,Sunday,Steeles,Mechanical,7.0,15.0,S,9016.0
2017-01-15,5,15:40:00,Sunday,Dupont,Investigation,15.0,30.0,n,1702.0
2017-01-15,68,16:07:00,Sunday,Hunting Wood Dr and Warden Ave,Investigation,30.0,60.0,NB,7457.0
2017-01-15,29,16:45:00,Sunday,Dufferin/Bloor,Mechanical,4.0,8.0,Nb,8359.0
2017-01-15,89,17:03:00,Sunday,Keele Stn,Mechanical,10.0,20.0,n,1512.0
2017-01-15,760,17:22:00,Sunday,Hunting Wood Dr and Warden Ave,Mechanical,1.0,1.0,SB,7678.0
2017-01-15,35,18:08:00,Sunday,Jane and Queen,Investigation,20.0,40.0,,7942.0
2017-01-15,25,18:09:00,Sunday,Don Mills/Gateway Blvd.,Mechanical,8.0,16.0,SB,7663.0
2017-01-15,52,18:14:00,Sunday,Celestine and Dixon,Investigation,19.0,36.0,w,1023.0
2017-01-15,7,18:27:00,Sunday,Steeles,Mechanical,7.0,15.0,S,9003.0
2017-01-15,32,19:33:00,Sunday,Eglinton stn,Emergency Services,10.0,20.0,w/b,1570.0
2017-01-15,25,19:41:00,Sunday,Overlea/Thorncliffe Park,Investigation,8.0,16.0,SB,7508.0
2017-01-15,45,20:30:00,Sunday,"On Kipling, at Esther Lorrie",Diversion,334.0,344.0,B/W,
2017-01-15,97,21:00:00,Sunday,Yonge/Sherwood,Diversion,1.0,1.0,N/B,
2017-01-15,102,21:04:00,Sunday,BIRCHMOUNT GARAGE,Late Leaving Garage,10.0,20.0,N/B,8126.0
2017-01-15,39,21:10:00,Sunday,Finch Station,Mechanical,20.0,40.0,EB,1084.0
2017-01-15,87,21:15:00,Sunday,Main Station,Mechanical,10.0,20.0,NB,7825.0
2017-01-15,39,21:20:00,Sunday,Finch Station,Mechanical,20.0,40.0,EB,1084.0
2017-01-15,24,21:46:00,Sunday,Steeles Loop at Victoria Park Ave,Mechanical,10.0,20.0,SB,7732.0
2017-01-15,87,22:45:00,Sunday,Main Station,Utilized Off Route,10.0,20.0,NB,8119.0
2017-01-15,165,23:20:00,Sunday,Steeles & Barmac,Utilized Off Route,10.0,20.0,N,8447.0
2017-01-15,52,23:38:00,Sunday,Lawrence station,Emergency Services,20.0,40.0,e,1503.0
2017-01-16,64,00:03:00,Monday,Main Station,Mechanical,20.0,40.0,SB,7778.0
2017-01-16,87,00:05:00,Monday,Main Station,Utilized Off Route,10.0,20.0,NB,8171.0
2017-01-16,87,00:25:00,Monday,Main Station,Utilized Off Route,10.0,20.0,NB,7850.0
2017-01-16,85,00:31:00,Monday,DONS,Mechanical,20.0,40.0,E,9088.0
2017-01-16,45,00:43:00,Monday,Kipling stn,Investigation,10.0,20.0,s/b,8400.0
2017-01-16,7,01:24:00,Monday,Bathurst stn,Mechanical,10.0,20.0,s/b,9030.0
2017-01-16,34,01:28:00,Monday,Kennedy Stn,Mechanical,10.0,20.0,WB,7575.0
2017-01-16,302,02:03:00,Monday,BRIMLEY AND DANFORTH,Investigation,30.0,60.0,N,8146.0
2017-01-16,320,02:35:00,Monday,Yonge & Belsize,Investigation,7.0,14.0,S,1664.0
2017-01-16,300,03:29:00,Monday,BLOOR AND DUNDAS,Emergency Services,30.0,60.0,W,8077.0
2017-01-16,60,04:52:00,Monday,Steeles Loop.,Late Leaving Garage,20.0,40.0,E/b,1327.0
2017-01-16,87,05:17:00,Monday,MAIN STATION,Late Leaving Garage,5.0,10.0,W,7824.0
2017-01-16,53,05:18:00,Monday,Morningside and Finch Ave,Mechanical,5.0,10.0,w,9064.0
2017-01-16,85,05:25:00,Monday,Meadowvale Loop,Late Leaving Garage,5.0,17.0,w,9059.0
2017-01-16,95,05:27:00,Monday,Markham rd and Ellesmere,Mechanical,7.0,14.0,W,1786.0
2017-01-16,39,05:37:00,Monday,Baldoon - Finch,Late Leaving Garage,5.0,7.0,E,1216.0
2017-01-16,36,05:44:00,Monday,Arrow Garage,Late Leaving Garage,5.0,10.0,w,9113.0
2017-01-16,69,05:52:00,Monday,Danforth and Birchmount,Late Leaving Garage,18.0,36.0,NB,8165.0
2017-01-16,52,05:53:00,Monday,Lawrence stn,Late Leaving Garage,6.0,18.0,w,1655.0
2017-01-16,75,05:55:00,Monday,Sherbourne and King,Diversion,15.0,46.0,s,8215.0
2017-01-16,97,05:55:00,Monday,Hilda and Steeles,Late Leaving Garage,30.0,60.0,S,1820.0
2017-01-16,107,05:55:00,Monday,Downsview Stn.,Mechanical,12.0,0.0,N/B,8352.0
2017-01-16,36,06:00:00,Monday,Humberwood loop,Late Leaving Garage,5.0,10.0,E,9119.0
2017-01-16,88,06:00:00,Monday,St Clair Station,Late Leaving Garage,12.0,24.0,S,1714.0
2017-01-16,32,06:01:00,Monday,Keele and Eglinton,Late Leaving Garage,6.0,12.0,E/B,1551.0
2017-01-16,102,06:02:00,Monday,Warden Stn,Late Leaving Garage,10.0,20.0,NB,8140.0
2017-01-16,34,06:09:00,Monday,Kennedy STN,Late Leaving Garage,4.0,8.0,WB,7405.0
2017-01-16,86,06:09:00,Monday,Meadowvale Loop,Mechanical,8.0,15.0,sb,7564.0
2017-01-16,199,06:12:00,Monday,Malvern Garage,Late Leaving Garage,10.0,14.0,E,1736.0
2017-01-16,6,06:15:00,Monday,Bedford and Dupont,Late Leaving Garage,8.0,16.0,SB,1586.0
2017-01-16,73,06:15:00,Monday,ROYAL YORK STN,Mechanical,15.0,30.0,n/b,8024.0
2017-01-16,12,06:15:00,Monday,Victoria Park Stn,Late Leaving Garage,11.0,23.0,E,8168.0
2017-01-16,41,06:17:00,Monday,Keele stn,Late Leaving Garage,15.0,30.0,n,9150.0
2017-01-16,190,06:17:00,Monday,STC,Late Leaving Garage,6.0,12.0,w,7616.0
2017-01-16,199,06:20:00,Monday,Scar Town Centre Station,Late Leaving Garage,11.0,23.0,W,1773.0
2017-01-16,32,06:23:00,Monday,Keele and Eglinton,Late Leaving Garage,6.0,12.0,E/B,1409.0
2017-01-16,54,06:23:00,Monday,Eglinton ave Laird ave,Mechanical,6.0,12.0,eb,7453.0
2017-01-16,122,06:26:00,Monday,Roywood and Underpass,Mechanical,12.0,24.0,W,8360.0
2017-01-16,29,06:27:00,Monday,Wilson Station,Mechanical,9.0,18.0,s,9030.0
2017-01-16,195,06:27:00,Monday,Jane and Steeles,Late Leaving Garage,9.0,18.0,S/b,1236.0
2017-01-16,29,06:28:00,Monday,Dufferin and Bloor,Mechanical,10.0,20.0,n,9042.0
2017-01-16,84,06:30:00,Monday,Jane / Steeles,Late Leaving Garage,17.0,34.0,SB,8544.0
2017-01-16,78,06:35:00,Monday,Carluke anf Fifeshire,Mechanical,10.0,18.0,W,8351.0
2017-01-16,195,06:36:00,Monday,Jane and Steeles,Late Leaving Garage,8.0,16.0,S/b,8608.0
2017-01-16,23,06:37:00,Monday,rexleigh,Late Leaving Garage,5.0,10.0,n/b,7828.0
2017-01-16,7,06:38:00,Monday,Bathurst and Village Gate,Late Leaving Garage,7.0,15.0,,9001.0
2017-01-16,54,06:40:00,Monday,Lawrence Greencrest circt,Diversion,18.0,24.0,eb,7489.0
2017-01-16,41,06:44:00,Monday,Keele stn,Late Leaving Garage,15.0,30.0,n,1594.0
2017-01-16,96,06:45:00,Monday,humberline,Investigation,18.0,36.0,e,8585.0
2017-01-16,89,06:45:00,Monday,Weston / Albion,Late Leaving Garage,5.0,10.0,s,1641.0
2017-01-16,53,06:49:00,Monday,Passmore and Markham Rd,Late Leaving Garage,5.0,10.0,w,9085.0
2017-01-16,84,06:50:00,Monday,Shepp Stn,Late Leaving Garage,17.0,34.0,Nb,7931.0
2017-01-16,190,06:54:00,Monday,Don Mills Stn.,Mechanical,6.0,10.0,w,7438.0
2017-01-16,39,06:55:00,Monday,Finch Station,Mechanical,4.0,9.0,E,1231.0
2017-01-16,102,06:57:00,Monday,Warden Stn,Late Leaving Garage,10.0,20.0,NB,
2017-01-16,131,07:00:00,Monday,Scarborough Town Center,Late Leaving Garage,8.0,16.0,B/W,1755.0
2017-01-16,20,07:07:00,Monday,MAIN STATION,Late Leaving Garage,11.0,22.0,E,
2017-01-16,59,07:07:00,Monday,Lawrence West Station,Mechanical,24.0,48.0,W,1338.0
2017-01-16,102,07:07:00,Monday,Warden Stn,Late Leaving Garage,10.0,20.0,NB,8171.0
2017-01-16,52,07:10:00,Monday,Law w stn,Mechanical,12.0,24.0,e,1620.0
2017-01-16,36,07:15:00,Monday,Finch station,Late Leaving Garage,5.0,10.0,E,9130.0
2017-01-16,29,07:15:00,Monday,Dufferin and Springhurst,Investigation,4.0,8.0,s,9048.0
2017-01-16,70,07:24:00,Monday,Danforth and Coxwell,Mechanical,9.0,18.0,sb,7486.0
2017-01-16,24,07:37:00,Monday,VP STATION,Mechanical,9.0,17.0,N,7805.0
2017-01-16,190,07:50:00,Monday,Warden Ave and Sheppard Ave E,Utilized Off Route,6.0,12.0,,7484.0
2017-01-16,39,08:07:00,Monday,Neilson - Crow trail,Mechanical,5.0,14.0,W,1122.0
2017-01-16,36,08:18:00,Monday,Humberwood loop,Mechanical,5.0,10.0,E,9130.0
2017-01-16,53,08:34:00,Monday,Steeles Ave and Ferrier,Mechanical,5.0,10.0,w,1096.0
2017-01-16,61,08:43:00,Monday,Avenue rd and Wilson,Mechanical,10.0,20.0,N,1344.0
2017-01-16,68,09:19:00,Monday,Angus Glen CommunityCenter,Mechanical,25.0,50.0,sb,7614.0
2017-01-16,89,09:25:00,Monday,Weston / Rogers,Mechanical,9.0,18.0,n,1007.0
2017-01-16,36,09:25:00,Monday,Rumike,Diversion,116.0,126.0,E,9116.0
2017-01-16,86,09:48:00,Monday,Metro Toronto Zoo,Mechanical,10.0,20.0,S/B,7443.0
2017-01-16,130,10:02:00,Monday,Middlefield and Compass Court,Investigation,21.0,42.0,n,1767.0
2017-01-16,64,10:12:00,Monday,Main stn,Mechanical,10.0,20.0,N/B,7843.0
2017-01-16,34,10:25:00,Monday,Eglinton Ave E and O'Connor Dr,Mechanical,7.0,14.0,WB,7631.0
2017-01-16,134,10:27:00,Monday,Scarborough Town Centre,Utilized Off Route,6.0,13.0,e,1716.0
2017-01-16,23,10:31:00,Monday,St Clair,Mechanical,10.0,20.0,N/B,8143.0
2017-01-16,47,10:35:00,Monday,Caledonia / Eglinton,Mechanical,15.0,30.0,s,1510.0
2017-01-16,54,10:46:00,Monday,Eglinton stn,Mechanical,6.0,12.0,wb,7638.0
2017-01-16,54,10:49:00,Monday,Lawrence Donway East,Investigation,6.0,12.0,wb,7482.0
2017-01-16,116,11:20:00,Monday,2466 Eglinton Ave. E.,Mechanical,10.0,20.0,SB,7466.0
2017-01-16,52,11:55:00,Monday,Lawrence and Welland st,Mechanical,13.0,26.0,w/b,1592.0
2017-01-16,129,12:03:00,Monday,Huntingwood Dr and McCowan Rd,Mechanical,7.0,14.0,B/W,1135.0
2017-01-16,57,12:14:00,Monday,Artillery and Midland,Diversion,28.0,40.0,b/w,
2017-01-16,29,12:23:00,Monday,Wilson stn,Mechanical,5.0,10.0,s,9045.0
2017-01-16,129,12:30:00,Monday,STC,Investigation,28.0,58.0,B/W,1317.0
2017-01-16,24,12:37:00,Monday,Victoria Park & Steeles,Mechanical,10.0,20.0,sb,7746.0
2017-01-16,52,12:55:00,Monday,Lawrence and Caledonia,Mechanical,8.0,18.0,w/b,1281.0
2017-01-16,188,13:37:00,Monday,Kipling Stn,Mechanical,7.0,15.0,s,7945.0
2017-01-16,63,13:50:00,Monday,Queen and Shaw,Diversion,35.0,40.0,S,
2017-01-16,35,13:55:00,Monday,JNST,Late Leaving Garage,14.0,28.0,N,8593.0
2017-01-16,91,14:01:00,Monday,Canforth and Lawrence,Mechanical,25.0,50.0,N,7842.0
2017-01-16,22,14:10:00,Monday,Gerrard St E to Eastwood Rd On Coxwell Ave,Diversion,10.0,20.0,BW,7608.0
2017-01-16,199,14:10:00,Monday,York U commons,Mechanical,12.0,24.0,E,1097.0
2017-01-16,87,14:10:00,Monday,Broadview Station,Utilized Off Route,1.0,1.0,E,7867.0
2017-01-16,30,14:11:00,Monday,Dundas/High Park,Mechanical,20.0,50.0,s,8418.0
2017-01-16,100,14:19:00,Monday,Concorde Place,Mechanical,7.0,13.0,N,7450.0
2017-01-16,24,14:20:00,Monday,Victoria Park Station,Utilized Off Route,1.0,1.0,NB,7799.0
2017-01-16,168,14:22:00,Monday,Dundas West Stn,Utilized Off Route,10.0,20.0,n,7906.0
2017-01-16,199,14:24:00,Monday,STC,Mechanical,4.0,8.0,N,1213.0
2017-01-16,86,14:26:00,Monday,CDHS,Mechanical,8.0,1.0,NB,7451.0
2017-01-16,109,14:30:00,Monday,Eglinton West station,Mechanical,15.0,35.0,N,8190.0
2017-01-16,760,14:30:00,Monday,Eglinton Yard,Late Leaving Garage,1.0,1.0,W,7426.0
2017-01-16,65,14:36:00,Monday,Castlefrank Station,Mechanical,9.0,18.0,S,7727.0
2017-01-16,185,14:37:00,Monday,Eglinton Garage,Late Leaving Garage,1.0,1.0,NB,7668.0
2017-01-16,7,14:40:00,Monday,Wilson,Mechanical,8.0,16.0,N,9037.0
2017-01-16,81,14:43:00,Monday,Pape Station,Late Leaving Garage,8.0,16.0,NB,7782.0
2017-01-16,12,14:43:00,Monday,Steeles and Mount Castle Gate,Late Leaving Garage,8.0,16.0,SB,8158.0
2017-01-16,17,14:45:00,Monday,Kennedy Loop,Late Leaving Garage,8.0,16.0,NB,7873.0
2017-01-16,20,14:46:00,Monday,Main Station,Mechanical,1.0,1.0,s,7846.0
2017-01-16,87,14:47:00,Monday,Main Station,Utilized Off Route,10.0,20.0,BW,7867.0
2017-01-16,87,14:53:00,Monday,Broadview Station,Mechanical,5.0,10.0,E,7847.0
2017-01-16,6,14:53:00,Monday,Davenport and Yonge,Late Leaving Garage,11.0,16.0,S,1573.0
2017-01-16,129,14:57:00,Monday,Scarborough Town Center,Late Leaving Garage,4.0,8.0,B/W,1100.0
2017-01-16,168,14:58:00,Monday,DUNDAS WEST STN,Late Leaving Garage,6.0,12.0,E/B,7910.0
2017-01-16,20,15:00:00,Monday,Main Station,Late Leaving Garage,14.0,28.0,BW,
2017-01-16,16,15:04:00,Monday,STC,Late Leaving Garage,8.0,16.0,NB,7721.0
2017-01-16,199,15:06:00,Monday,Morningside/ Nightstar,Late Leaving Garage,10.0,1.0,wb,1221.0
2017-01-16,63,15:07:00,Monday,Eglinton West Stn,Mechanical,9.0,18.0,sb,1018.0
2017-01-16,192,15:10:00,Monday,Terminal 3,Investigation,8.0,15.0,n/b,8005.0
2017-01-16,24,15:13:00,Monday,Steeles & Victoria Park,Late Leaving Garage,13.0,13.0,SB,8158.0
2017-01-16,72,15:15:00,Monday,Front and Bay,Late Leaving Garage,14.0,28.0,EB,7784.0
2017-01-16,21,15:22:00,Monday,Scarborough Town Centre,Late Leaving Garage,9.0,18.0,NB,8112.0
2017-01-16,35,15:25:00,Monday,JNST,Late Leaving Garage,15.0,30.0,N,1569.0
2017-01-16,24,15:25:00,Monday,Victoria Park Station,Utilized Off Route,9.0,17.0,bw,7780.0
2017-01-16,43,15:25:00,Monday,KENN,Investigation,9.0,19.0,N,7617.0
2017-01-16,24,15:25:00,Monday,Victoria Park Station,Late Leaving Garage,,17.0,BW,7780.0
2017-01-16,24,15:26:00,Monday,Victoria Park Station,Late Leaving Garage,1.0,1.0,nb,
2017-01-16,102,15:27:00,Monday,Warden Stn,Late Leaving Garage,10.0,20.0,NB,7844.0
2017-01-16,109,15:27:00,Monday,Lawrence West station,Investigation,14.0,28.0,n,1343.0
2017-01-16,52,15:28:00,Monday,Lawrence west stn,Investigation,13.0,26.0,e/b,1071.0
2017-01-16,95,15:30:00,Monday,Victoria Park and Ellesmere Ave,General Delay,10.0,22.0,WB,
2017-01-16,91,15:30:00,Monday,Woodbine North route,General Delay,15.0,1.0,BW,
2017-01-16,102,15:32:00,Monday,Warden Stn,Late Leaving Garage,20.0,40.0,NB,7835.0
2017-01-16,24,15:34:00,Monday,Victoria Park Station,Late Leaving Garage,9.0,17.0,BW,8168.0
2017-01-16,68,15:35:00,Monday,Steeles/warden,Mechanical,6.0,12.0,down,7538.0
2017-01-16,45,15:36:00,Monday,Bloor/Islington - In front of Islington stn,Mechanical,6.0,10.0,w/b,8029.0
2017-01-16,43,15:36:00,Monday,Progress and Kennedy,Diversion,204.0,219.0,B/W's,
2017-01-16,84,15:36:00,Monday,Steeles and Norfinch,Mechanical,22.0,44.0,W/B,8482.0
2017-01-16,29,15:38:00,Monday,Princess Gates,Mechanical,10.0,19.0,N/B,9017.0
2017-01-16,24,15:43:00,Monday,Victoria Park & Steeles,Late Leaving Garage,9.0,17.0,SB,7853.0
2017-01-16,24,15:43:00,Monday,Victoria Park Staiton,Late Leaving Garage,17.0,34.0,NB,8115.0
2017-01-16,38,15:45:00,Monday,Scarborough Town Center RT Station,Mechanical,13.0,24.0,EB,1084.0
2017-01-16,24,15:48:00,Monday,Victoria Park Station,Late Leaving Garage,8.0,16.0,NB,7824.0
2017-01-16,75,15:49:00,Monday,Sherbourne and Bloor,Mechanical,6.0,12.0,S,8215.0
2017-01-16,161,15:52:00,Monday,Rogers / Blackthorn,Diversion,90.0,101.0,B/W,
2017-01-16,87,15:59:00,Monday,Main Station,Utilized Off Route,10.0,20.0,bw,7870.0
2017-01-16,11,15:59:00,Monday,Davisville Stn,Utilized Off Route,7.0,15.0,n,1678.0
2017-01-16,121,16:00:00,Monday,Fortyork route,General Delay,15.0,1.0,BW,
2017-01-16,41,16:00:00,Monday,Entire route,General Delay,15.0,30.0,B/W,
2017-01-16,52,16:01:00,Monday,Lawrence stn,Utilized Off Route,11.0,22.0,w/b,1589.0
2017-01-16,41,16:04:00,Monday,York U Commons,Late Leaving Garage,14.0,1.0,S,9140.0
2017-01-16,127,16:09:00,Monday,Spadina Station,Mechanical,20.0,40.0,W,1604.0
2017-01-16,24,16:13:00,Monday,Sloane / Victoria Park,Mechanical,17.0,34.0,NB,7843.0
2017-01-16,116,16:17:00,Monday,Kennedy station,Mechanical,6.0,12.0,NB,7490.0
2017-01-16,5,16:24:00,Monday,Eglinton Stn,Mechanical,16.0,32.0,s,1828.0
2017-01-16,39,16:24:00,Monday,Leslie/Finch,Mechanical,6.0,18.0,E,1717.0
2017-01-16,102,16:37:00,Monday,Warden Station,Mechanical,10.0,20.0,,7779.0
2017-01-16,41,16:46:00,Monday,Keele and Rustic,Investigation,10.0,21.0,S,9143.0
2017-01-16,52,16:50:00,Monday,Keele and Lawrence,Mechanical,16.0,33.0,w/b,1048.0
2017-01-16,116,16:54:00,Monday,Morningside/sewells,Mechanical,6.0,12.0,NB,7580.0
2017-01-16,57,16:55:00,Monday,Kennedy Station,Mechanical,8.0,16.0,NB,7877.0
2017-01-16,95,16:56:00,Monday,Parkington Cr and Ellesmere Rd,Mechanical,8.0,17.0,EB,1769.0
2017-01-16,52,17:04:00,Monday,Royal York and Dixon,Utilized Off Route,11.0,22.0,e/b,1653.0
2017-01-16,66,17:12:00,Monday,Parklawn Loop,Mechanical,12.0,24.0,s/b,8058.0
2017-01-16,77,17:17:00,Monday,Beresford Ave. on Morningside,Mechanical,9.0,19.0,sb,1553.0
2017-01-16,32,17:26:00,Monday,Pine and Lawrence,Utilized Off Route,8.0,17.0,eb,1526.0
2017-01-16,84,17:29:00,Monday,Brentwood and Shepperd,Investigation,11.0,22.0,E/B,8436.0
2017-01-16,63,17:30:00,Monday,Duro St and Strachan ave,Mechanical,9.0,18.0,sb,1611.0
2017-01-16,16,17:56:00,Monday,16 McCowan Route,Diversion,114.0,122.0,BW,7750.0
2017-01-16,40,17:58:00,Monday,Runnymede Loop,Mechanical,8.0,15.0,e/b,8094.0
2017-01-16,92,18:15:00,Monday,Woodbine Station,Mechanical,9.0,18.0,S,7825.0
2017-01-16,24,18:15:00,Monday,Victoria Park & Gordon Baker,Mechanical,8.0,17.0,SB,7879.0
2017-01-16,89,18:23:00,Monday,Albion and weston,Mechanical,8.0,17.0,S,1024.0
2017-01-16,16,18:26:00,Monday,16 McCowan Route,General Delay,1.0,1.0,,
2017-01-16,168,18:27:00,Monday,Symington and Dupont,Mechanical,7.0,14.0,n/b,8056.0
2017-01-16,60,18:30:00,Monday,York University Commons,Mechanical,7.0,14.0,E,8607.0
2017-01-16,29,18:45:00,Monday,Wilson/Dufferin,Mechanical,7.0,22.0,s,1822.0
2017-01-16,12,19:11:00,Monday,Midland and Kingston,Investigation,20.0,40.0,EB,7764.0
2017-01-16,95,19:13:00,Monday,McCowan and Ellesmere Rd,Mechanical,14.0,28.0,EB,1108.0
2017-01-16,95,19:14:00,Monday,Don Valley Parkway and Ellesmere,Mechanical,1.0,1.0,EB,1101.0
2017-01-16,25,19:20:00,Monday,Eglinton and DonMills Rd,Mechanical,8.0,16.0,NB,7533.0
2017-01-16,38,19:26:00,Monday,Scarborough Town Centre,Mechanical,9.0,18.0,NB,1798.0
2017-01-16,87,19:30:00,Monday,Main Station,Utilized Off Route,6.0,12.0,W,7847.0
2017-01-16,53,20:00:00,Monday,Woodbine and Steeles,Investigation,5.0,9.0,EB,1756.0
2017-01-16,109,20:11:00,Monday,Varna and rainee,Diversion,240.0,270.0,N,1343.0
2017-01-16,24,20:23:00,Monday,Victoria Park & Steeles,Mechanical,1.0,1.0,nb,7832.0
2017-01-16,160,20:25:00,Monday,Sheppard,Mechanical,21.0,40.0,S,8181.0
2017-01-16,96,20:32:00,Monday,Henley and Kipling,Diversion,1.0,1.0,E/B,8459.0
2017-01-16,7,20:39:00,Monday,Bathurst station,Mechanical,5.0,10.0,N,9007.0
2017-01-16,73,20:56:00,Monday,Islington/Albion,Mechanical,15.0,30.0,w/b,7905.0
2017-01-16,196,21:06:00,Monday,Downsview station,Mechanical,4.0,8.0,N,1679.0
2017-01-16,95,21:51:00,Monday,YORKMILLS AND LESLIE,Mechanical,14.0,28.0,E,1251.0
2017-01-16,100,21:52:00,Monday,Broadview STN,Utilized Off Route,8.0,16.0,N,7512.0
2017-01-16,54,22:30:00,Monday,Laird/Eglinton,Diversion,10.0,15.0,up,
2017-01-16,34,22:30:00,Monday,Eglinton.Laird,Diversion,7.0,17.0,up,
2017-01-16,29,22:37:00,Monday,Wilson Station,Mechanical,8.0,17.0,S,8337.0
2017-01-16,53,22:39:00,Monday,Passmore and Markham,Mechanical,19.0,38.0,WB,1227.0
2017-01-16,51,22:42:00,Monday,Eglinton and Laird,Diversion,44.0,74.0,W,1376.0
2017-01-16,63,23:08:00,Monday,Eglinton west Station,Mechanical,10.0,20.0,S/B,1032.0
2017-01-16,95,23:35:00,Monday,SCLP,Mechanical,10.0,20.0,E,1132.0
2017-01-16,165,23:57:00,Monday,York Mills Station,Emergency Services,10.0,20.0,w,8560.0
2017-01-17,34,05:06:00,Tuesday,ESTN,Late Leaving Garage,2.0,10.0,EB,7622.0
2017-01-17,16,05:27:00,Tuesday,St clair,Late Leaving Garage,18.0,36.0,n/b,7780.0
2017-01-17,67,05:30:00,Tuesday,PHRA,Late Leaving Garage,7.0,7.0,EB,7635.0
2017-01-17,64,05:36:00,Tuesday,Main stn,Late Leaving Garage,11.0,22.0,N/B,7710.0
2017-01-17,52,05:37:00,Tuesday,Ter 3,Late Leaving Garage,12.0,24.0,e,1542.0
2017-01-17,34,05:47:00,Tuesday,ESTN,Late Leaving Garage,2.0,12.0,EB,7417.0
2017-01-17,191,05:47:00,Tuesday,Royal crest,Late Leaving Garage,10.0,20.0,SB,7936.0
2017-01-17,195,05:49:00,Tuesday,Jane and Steeles,Late Leaving Garage,13.0,26.0,S/b,7935.0
2017-01-17,116,05:50:00,Tuesday,Eglinton Yard,Late Leaving Garage,1.0,1.0,OB,7430.0
2017-01-17,36,05:55:00,Tuesday,Finch weston,Late Leaving Garage,19.0,38.0,w,9126.0
2017-01-17,95,05:55:00,Tuesday,Progress Ave,Mechanical,20.0,30.0,EB,1703.0
2017-01-17,52,05:55:00,Tuesday,Lawrence and Little,Mechanical,29.0,36.0,w,1058.0
2017-01-17,54,05:55:00,Tuesday,Scarbough Golf Club rd Brimorton dr,Diversion,195.0,204.0,eb,7472.0
2017-01-17,6,06:05:00,Tuesday,Bedford and Davenport,Mechanical,8.0,16.0,SB,1527.0
2017-01-17,63,06:10:00,Tuesday,Eglinton west station,Late Leaving Garage,4.0,12.0,SB,1407.0
2017-01-17,106,06:10:00,Tuesday,Commons,Late Leaving Garage,10.0,20.0,SB,8544.0
2017-01-17,78,06:15:00,Tuesday,78 route,General Delay,1.0,1.0,b/w,
2017-01-17,131,06:15:00,Tuesday,Malvern Garage,Mechanical,7.0,15.0,EB,1103.0
2017-01-17,191,06:18:00,Tuesday,Royal crest,Late Leaving Garage,6.0,12.0,SB,8496.0
2017-01-17,32,06:22:00,Tuesday,Eglinton and Kipling,Mechanical,6.0,12.0,W/B,1063.0
2017-01-17,53,06:23:00,Tuesday,Passmore and Markham Rd,Late Leaving Garage,5.0,10.0,w,9061.0
2017-01-17,185,06:27:00,Tuesday,Pape Station,Mechanical,8.0,16.0,NB,7656.0
2017-01-17,199,06:28:00,Tuesday,Finch Station,Late Leaving Garage,10.0,20.0,E,1214.0
2017-01-17,53,06:28:00,Tuesday,Passmore and Markham Rd,Late Leaving Garage,5.0,10.0,w,1091.0
2017-01-17,185,06:28:00,Tuesday,Freshmeadow and Don Mills,Mechanical,7.0,14.0,SB,7581.0
2017-01-17,113,06:29:00,Tuesday,KENNEDY / MERRIAN,Emergency Services,13.0,26.0,N,7829.0
2017-01-17,191,06:35:00,Tuesday,Royalcrest,Late Leaving Garage,6.0,12.0,SB,8519.0
2017-01-17,185,06:35:00,Tuesday,Pape Station,Mechanical,6.0,12.0,NB,7662.0
2017-01-17,24,06:39:00,Tuesday,YORKLANDS,Investigation,17.0,34.0,N,7844.0
2017-01-17,29,06:42:00,Tuesday,Princes gates,Mechanical,9.0,18.0,n,9002.0
2017-01-17,41,06:44:00,Tuesday,Keele  stn,Late Leaving Garage,15.0,30.0,n,9149.0
2017-01-17,25,06:52:00,Tuesday,Mallard and Don Mills,Investigation,7.0,14.0,SB,7447.0
2017-01-17,199,06:54:00,Tuesday,Scar Town Centre Station,Late Leaving Garage,11.0,22.0,W,1788.0
2017-01-17,41,06:57:00,Tuesday,Keele stn,Late Leaving Garage,15.0,30.0,n,9152.0
2017-01-17,134,06:57:00,Tuesday,STC,Late Leaving Garage,6.0,12.0,w,1738.0
2017-01-17,54,07:00:00,Tuesday,Eglinton stn to the Star spray Loop,General Delay,20.0,35.0,bw,
2017-01-17,95,07:30:00,Tuesday,Scarborough College Loop,Late Leaving Garage,9.0,18.0,WB,1770.0
2017-01-17,102,07:47:00,Tuesday,centennial cillege bus loop,Investigation,10.0,20.0,sb,8103.0
2017-01-17,66,07:47:00,Tuesday,HUMBERWOOD LOOP,Late Leaving Garage,1.0,2.0,n/b,8003.0
2017-01-17,24,08:00:00,Tuesday,VP ROUTE,General Delay,10.0,0.0,BW,
2017-01-17,102,08:00:00,Tuesday,on route,General Delay,15.0,1.0,bw,
2017-01-17,95,08:00:00,Tuesday,York Mills Station to Kingston Loop B/W's,General Delay,125.0,32.0,B/W's,
2017-01-17,76,08:04:00,Tuesday,ROYAL YORK AND EVANS,Mechanical,4.0,8.0,n/b,8092.0
2017-01-17,32,08:08:00,Tuesday,Eglinton and Scott,Mechanical,6.0,12.0,E/B,1055.0
2017-01-17,36,08:10:00,Tuesday,Humberline/Humberwood Blvd,Investigation,5.0,10.0,w,9122.0
2017-01-17,39,08:13:00,Tuesday,Finch - Wilfred,Emergency Services,4.0,9.0,E,1119.0
2017-01-17,54,08:13:00,Tuesday,Brimorton Mid Pines rd,Investigation,9.0,18.0,eb,7705.0
2017-01-17,47,08:13:00,Tuesday,Lansdown At Dupont,Mechanical,9.0,18.0,S,1073.0
2017-01-17,41,08:19:00,Tuesday,York University / Commons,Mechanical,15.0,30.0,s,9143.0
2017-01-17,6,08:30:00,Tuesday,Entire route,General Delay,7.0,7.0,BW,
2017-01-17,54,08:39:00,Tuesday,Lawrence rt,Mechanical,6.0,12.0,eb,7475.0
2017-01-17,134,08:43:00,Tuesday,Markham and McNicoll,Mechanical,24.0,48.0,w,1737.0
2017-01-17,53,08:52:00,Tuesday,Markham Rd and Passmore,Utilized Off Route,5.0,10.0,w,7096.0
2017-01-17,29,08:55:00,Tuesday,dufferin and rogers,Mechanical,4.0,8.0,n,9001.0
2017-01-17,63,08:56:00,Tuesday,Ossington and Bloor,Mechanical,8.0,12.0,SB,1657.0
2017-01-17,116,08:57:00,Tuesday,Morningside and Sheppard,Mechanical,6.0,12.0,NB,7403.0
2017-01-17,106,08:59:00,Tuesday,Lamberton / Sentinel,Investigation,6.0,12.0,SB,8484.0
2017-01-17,29,09:18:00,Tuesday,wilson station,Mechanical,5.0,10.0,s,8360.0
2017-01-17,102,09:20:00,Tuesday,LAWRANCE and markham rd,Mechanical,10.0,20.0,SB,7759.0
2017-01-17,95,09:25:00,Tuesday,UFT Scarborough College Loop,Utilized Off Route,1.0,1.0,WB,1770.0
2017-01-17,84,09:30:00,Tuesday,Chesswood,Mechanical,6.0,12.0,EB,8572.0
2017-01-17,199,09:40:00,Tuesday,Finch - Midland,Mechanical,4.0,12.0,W,1788.0
2017-01-17,87,09:47:00,Tuesday,Main Station,Utilized Off Route,10.0,20.0,WB,8114.0
2017-01-17,199,10:16:00,Tuesday,Finch - Birchmount,Mechanical,4.0,12.0,W,1252.0
2017-01-17,12,10:33:00,Tuesday,VP STN,Mechanical,20.0,40.0,N/B,7805.0
2017-01-17,12,10:34:00,Tuesday,vic park stn,Mechanical,20.0,40.0,,7797.0
2017-01-17,68,11:08:00,Tuesday,Warden STN,Mechanical,10.0,20.0,NB,7607.0
2017-01-17,63,11:10:00,Tuesday,Ossington Stn,Utilized Off Route,4.0,10.0,Placed,1413.0
2017-01-17,111,11:20:00,Tuesday,MARTINGROVE RD @ EGLINTON AVE,Mechanical,12.0,24.0,S,7955.0
2017-01-17,72,11:21:00,Tuesday,Pape stn,Mechanical,8.0,16.0,n/b,7755.0
2017-01-17,85,11:32:00,Tuesday,Don Mills Station,Mechanical,8.0,34.0,e,9084.0
2017-01-17,47,11:40:00,Tuesday,Caledonia Rd at Bowie Ave,Mechanical,15.0,30.0,S,1048.0
2017-01-17,85,11:40:00,Tuesday,Don Mills Station,Utilized Off Route,9.0,18.0,e,9072.0
2017-01-17,47,12:00:00,Tuesday,Schell Ave,Investigation,15.0,30.0,S,1035.0
2017-01-17,69,12:05:00,Tuesday,birchmount and danforth,Mechanical,11.0,22.0,sb,8128.0
2017-01-17,96,12:15:00,Tuesday,wilson and Bathurst,Mechanical,20.0,40.0,E,8458.0
2017-01-17,53,12:17:00,Tuesday,Steeles Ave and Leslie,Mechanical,5.0,10.0,e,1293.0
2017-01-17,196,12:21:00,Tuesday,Downsview stn,Utilized Off Route,2.0,4.0,n,8309.0
2017-01-17,54,12:23:00,Tuesday,Eglinton stn,Mechanical,6.0,6.0,eb,7420.0
2017-01-17,95,12:46:00,Tuesday,Scarborough College- Military Trail,Mechanical,15.0,30.0,WB,1703.0
2017-01-17,186,12:52:00,Tuesday,Humber College Loop,Mechanical,11.0,22.0,E,8482.0
2017-01-17,192,13:24:00,Tuesday,Kipling Stn,Mechanical,10.0,20.0,n,8000.0
2017-01-17,186,13:25:00,Tuesday,Humber College Loop,Mechanical,11.0,22.0,E,8568.0
2017-01-17,52,13:30:00,Tuesday,Bresler & Airport rd,Mechanical,13.0,26.0,w/b,1076.0
2017-01-17,51,13:30:00,Tuesday,Townsend and Freshmeadow,Mechanical,25.0,50.0,s,1681.0
2017-01-17,57,13:39:00,Tuesday,Lawrence and Midland,Mechanical,8.0,16.0,NB,8129.0
2017-01-17,88,13:55:00,Tuesday,St.Clair Station,Mechanical,30.0,60.0,Wb,1374.0
2017-01-17,102,14:08:00,Tuesday,warden stn,Mechanical,15.0,30.0,NB,8135.0
2017-01-17,85,14:34:00,Tuesday,Rouge Hill Go,Late Leaving Garage,13.0,26.0,W,9086.0
2017-01-17,84,14:47:00,Tuesday,Sheppard Station,Late Leaving Garage,23.0,46.0,W,1292.0
2017-01-17,43,14:47:00,Tuesday,Kennedy and Sheppard,Mechanical,20.0,40.0,S,7477.0
2017-01-17,75,14:47:00,Tuesday,Jarvis and Queens Quay,Mechanical,6.0,13.0,N,8200.0
2017-01-17,41,14:48:00,Tuesday,Keele Station,Mechanical,9.0,18.0,N,1652.0
2017-01-17,95,14:53:00,Tuesday,Warden and Ellesmere Ave,Mechanical,8.0,17.0,WB,1229.0
2017-01-17,35,14:57:00,Tuesday,JSTE,Late Leaving Garage,7.0,14.0,S,1577.0
2017-01-17,109,14:59:00,Tuesday,Eglinton West station,Mechanical,14.0,28.0,N,8304.0
2017-01-17,52,15:00:00,Tuesday,Kipling & Dixon,Mechanical,11.0,17.0,e/b,1246.0
2017-01-17,45,15:01:00,Tuesday,Kipling/Rathburn,Mechanical,6.0,15.0,n/b,8425.0
2017-01-17,16,15:04:00,Tuesday,STC,Late Leaving Garage,9.0,18.0,sb,7818.0
2017-01-17,89,15:07:00,Tuesday,Keele station,Late Leaving Garage,7.0,14.0,N,1597.0
2017-01-17,68,15:10:00,Tuesday,Garage,Late Leaving Garage,6.0,14.0,S,7554.0
2017-01-17,95,15:14:00,Tuesday,Markham and Ellesmere Rd,Diversion,15.0,27.0,EB,1248.0
2017-01-17,133,15:20:00,Tuesday,Markham and Ellesmere,Diversion,17.0,14.0,EB,
2017-01-17,38,15:20:00,Tuesday,Markham and Ellesmere,Diversion,22.0,24.0,EB,
2017-01-17,190,15:23:00,Tuesday,STC,Mechanical,4.0,8.0,e,7673.0
2017-01-17,42,15:35:00,Tuesday,Allen/Sheppard,Mechanical,13.0,26.0,NB,8177.0
2017-01-17,56,15:35:00,Tuesday,Eglinton and Laird,Mechanical,12.0,24.0,s,8320.0
2017-01-17,54,15:36:00,Tuesday,Garage,Late Leaving Garage,11.0,21.0,E,7672.0
2017-01-17,39,15:39:00,Tuesday,Pharmacy/Finch,Mechanical,13.0,19.0,eb,1118.0
2017-01-17,11,15:40:00,Tuesday,Bayview and Eglinton,Utilized Off Route,7.0,15.0,s,8324.0
2017-01-17,117,15:41:00,Tuesday,Downsview stn,Mechanical,12.0,24.0,n,8355.0
2017-01-17,52,15:43:00,Tuesday,Weston & Lawrernce,Late Leaving Garage,11.0,22.0,e/b,1007.0
2017-01-17,46,15:43:00,Tuesday,Martin Grove and Steeles,Mechanical,10.0,20.0,S/B,1238.0
2017-01-17,43,15:46:00,Tuesday,KENN,Mechanical,20.0,40.0,N,7508.0
2017-01-17,7,15:59:00,Tuesday,Steeles,Mechanical,9.0,18.0,S,9028.0
2017-01-17,191,16:00:00,Tuesday,MartinGrove and Steeles,Mechanical,3.0,6.0,s/b,7937.0
2017-01-17,89,16:00:00,Tuesday,Northland and Weston,Emergency Services,7.0,14.0,N,1058.0
2017-01-17,133,16:03:00,Tuesday,MOFI,Mechanical,7.0,14.0,Nb,1401.0
2017-01-17,11,16:03:00,Tuesday,Sunnybrook,Investigation,15.0,30.0,n,8306.0
2017-01-17,44,16:09:00,Tuesday,kip stn,Mechanical,5.0,10.0,s/b,8078.0
2017-01-17,61,16:16:00,Tuesday,Bombay Loop,Mechanical,12.0,24.0,s,1385.0
2017-01-17,56,16:16:00,Tuesday,Eglinton Stn,Mechanical,12.0,24.0,s,1815.0
2017-01-17,32,16:27:00,Tuesday,Pine St. & Lawrence Ave. West,Mechanical,9.0,17.0,eb,1546.0
2017-01-17,53,16:35:00,Tuesday,Finch Station,Mechanical,15.0,30.0,eb,9066.0
2017-01-17,52,16:40:00,Tuesday,Demarco & Lawrence,Mechanical,11.0,22.0,w/b,1073.0
2017-01-17,87,16:50:00,Tuesday,Coxwell and Cosburn,Mechanical,6.0,12.0,E,8175.0
2017-01-17,47,16:58:00,Tuesday,Caledonia and Keith,Investigation,26.0,52.0,N,1035.0
2017-01-17,191,16:59:00,Tuesday,Kipling station,Mechanical,6.0,12.0,n/b,7979.0
2017-01-17,121,17:00:00,Tuesday,Fortyork route,General Delay,20.0,0.0,BW,
2017-01-17,32,17:03:00,Tuesday,Skymark Ave. & Explorer dr.,Mechanical,9.0,17.0,eb,1407.0
2017-01-17,7,17:05:00,Tuesday,Lawrence,Investigation,9.0,18.0,S,9046.0
2017-01-17,73,17:07:00,Tuesday,Royal York Station,Utilized Off Route,20.0,40.0,N,8044.0
2017-01-17,56,17:09:00,Tuesday,Eglinton and laird,Mechanical,12.0,24.0,s,1815.0
2017-01-17,191,17:34:00,Tuesday,Kipling station,Late Leaving Garage,6.0,12.0,n/b,8500.0
2017-01-17,5,17:42:00,Tuesday,Avenue Rd and St Clair,Mechanical,16.0,32.0,n,8320.0
2017-01-17,199,17:42:00,Tuesday,Seneca Hill,Mechanical,12.0,24.0,w,1705.0
2017-01-17,41,17:56:00,Tuesday,Keele and Lawrence,Emergency Services,10.0,21.0,N,9147.0
2017-01-17,41,17:56:00,Tuesday,Keele and Lawrence,Diversion,19.0,30.0,N,
2017-01-17,41,17:56:00,Tuesday,Keele and Lawrence,Emergency Services,10.0,21.0,N,9144.0
2017-01-17,28,18:00:00,Tuesday,Bayview n of Potterry Rd,Diversion,420.0,450.0,n,8394.0
2017-01-17,73,18:05:00,Tuesday,Royal York at Eden Bridge,Mechanical,20.0,40.0,N,8046.0
2017-01-17,53,18:14:00,Tuesday,Moor Park and Yonge St,Mechanical,5.0,10.0,sb,1743.0
2017-01-17,66,18:17:00,Tuesday,Bloor at Kingsway,Investigation,12.0,24.0,S,7902.0
2017-01-17,28,18:25:00,Tuesday,Yonge and Davisville,Investigation,20.0,40.0,n,8327.0
2017-01-17,66,18:26:00,Tuesday,Prince Edward at Bloor st.,Investigation,12.0,24.0,S,7926.0
2017-01-17,17,18:30:00,Tuesday,17 Birchmount Route,Diversion,40.0,80.0,nb,7798.0
2017-01-17,85,18:40:00,Tuesday,Sheppard And Progress,Mechanical,13.0,26.0,E,9059.0
2017-01-17,47,18:44:00,Tuesday,Lansdowne and Bloor,Investigation,10.0,20.0,S,1033.0
2017-01-17,135,18:49:00,Tuesday,Warden Station,Mechanical,20.0,40.0,,7799.0
2017-01-17,165,18:58:00,Tuesday,York Mills Stn.,Mechanical,10.0,24.0,w,8531.0
2017-01-17,24,19:24:00,Tuesday,Victoria Park & Sheppard,Diversion,18.0,28.0,SB,7723.0
2017-01-17,167,19:25:00,Tuesday,Sheppard & Victoria Park,Diversion,30.0,18.0,WB,8102.0
2017-01-17,75,19:29:00,Tuesday,Jarvis and Queens Quay,Mechanical,6.0,12.0,N,1362.0
2017-01-17,34,19:50:00,Tuesday,Eglinton and Ionview,Mechanical,6.0,12.0,WB,7590.0
2017-01-17,105,19:59:00,Tuesday,Dufferin at Steeles,Utilized Off Route,15.0,30.0,NB,8309.0
2017-01-17,105,19:59:00,Tuesday,Dufferin at Steeles,Mechanical,30.0,60.0,NB,8377.0
2017-01-17,24,20:03:00,Tuesday,Victoria Park & Steeles Loop,Mechanical,10.0,19.0,SB,7842.0
2017-01-17,199,20:05:00,Tuesday,STC,Mechanical,6.0,13.0,w,1131.0
2017-01-17,29,20:09:00,Tuesday,Springhurst Loop,Emergency Services,6.0,12.0,n,9002.0
2017-01-17,190,20:24:00,Tuesday,STC,Mechanical,8.0,15.0,w,7578.0
2017-01-17,86,20:25:00,Tuesday,Kennedy station,Mechanical,10.0,20.0,eb,7586.0
2017-01-17,29,20:27:00,Tuesday,Dufferin and Eglinton,Investigation,6.0,12.0,a,8201.0
2017-01-17,32,20:40:00,Tuesday,Eglinton and Black creek,Mechanical,30.0,60.0,W/B,1544.0
2017-01-17,116,21:15:00,Tuesday,Cedar/Eglinton,Utilized Off Route,10.0,20.0,down,7514.0
2017-01-17,89,21:20:00,Tuesday,Keele Station,Mechanical,10.0,20.0,N,1582.0
2017-01-17,36,21:31:00,Tuesday,Yonge & Finch w,Mechanical,7.0,15.0,W,8445.0
2017-01-17,36,21:47:00,Tuesday,Finch w & east of Sentinel,Investigation,8.0,16.0,E,9105.0
2017-01-17,36,21:47:00,Tuesday,Finch & Sentinel,Diversion,62.0,72.0,BW,
2017-01-17,32,22:10:00,Tuesday,Pine and Lawrence,Mechanical,10.0,20.0,E/B,1636.0
2017-01-17,165,22:45:00,Tuesday,Yonge & Wilson,Mechanical,10.0,20.0,W,8500.0
2017-01-17,165,22:53:00,Tuesday,York Mills Stn,Mechanical,10.0,20.0,w,8500.0
2017-01-17,127,23:20:00,Tuesday,Davenport and Ossington,Mechanical,20.0,40.0,E/B,1601.0
2017-01-17,106,23:26:00,Tuesday,Downsview stn,Mechanical,18.0,36.0,S,8527.0
2017-01-17,63,23:29:00,Tuesday,Ossington Station,Utilized Off Route,10.0,20.0,N/B,1643.0
2017-01-17,122,23:35:00,Tuesday,York Mills Yonge,Mechanical,30.0,60.0,EB,1364.0
2017-01-18,76,01:15:00,Wednesday,Judson to Cavell,Diversion,86.0,96.0,b/w,
2017-01-18,89,01:24:00,Wednesday,Weston and Lawrence,Emergency Services,10.0,20.0,N/B,1644.0
2017-01-18,34,02:05:00,Wednesday,Eglinton stn,Utilized Off Route,10.0,20.0,E/B,7474.0
2017-01-18,54,04:49:00,Wednesday,Eglinton yard,Mechanical,1.0,1.0,ob,7673.0
2017-01-18,34,05:03:00,Wednesday,Eglinton Yard,Mechanical,1.0,1.0,OB,7451.0
2017-01-18,76,05:04:00,Wednesday,JUDSON AND ROYAL YORK,Diversion,223.0,203.0,b/w,
2017-01-18,24,05:15:00,Wednesday,BINGHAM LOOP,Late Leaving Garage,10.0,0.0,N,7879.0
2017-01-18,79,05:20:00,Wednesday,Pine,Late Leaving Garage,15.0,25.0,s,1602.0
2017-01-18,86,05:26:00,Wednesday,Lawrence and Morningside,Mechanical,24.0,48.0,W,7554.0
2017-01-18,91,05:36:00,Wednesday,Woodbine Stn,Late Leaving Garage,30.0,54.0,N,7881.0
2017-01-18,24,05:39:00,Wednesday,BINGHAM LOOP,Late Leaving Garage,2.0,7.0,N,7727.0
2017-01-18,47,05:44:00,Wednesday,Lansdown and Queen,Late Leaving Garage,5.0,9.0,N/B,1623.0
2017-01-18,39,05:46:00,Wednesday,Finch - Baldoon,Late Leaving Garage,7.0,15.0,E,1125.0
2017-01-18,185,05:47:00,Wednesday,Freshmeadow and Don Mills,Mechanical,7.0,14.0,SB,7513.0
2017-01-18,104,05:48:00,Wednesday,Wilson and Transit Rd.,Late Leaving Garage,0.0,0.0,N/B,8356.0
2017-01-18,60,05:50:00,Wednesday,Jane Stn,Late Leaving Garage,10.0,20.0,W/b,8480.0
2017-01-18,116,05:55:00,Wednesday,Kennedy Stn,Utilized Off Route,10.0,20.0,E,7636.0
2017-01-18,86,06:00:00,Wednesday,Kingston and Celeste,Mechanical,10.0,20.0,E,7529.0
2017-01-18,129,06:01:00,Wednesday,Malvern Garage,Late Leaving Garage,5.0,10.0,WB,9063.0
2017-01-18,90,06:03:00,Wednesday,St.Clair west stn,Late Leaving Garage,7.0,14.0,n/b,8214.0
2017-01-18,116,06:03:00,Wednesday,Eglinton Yard,Late Leaving Garage,1.0,1.0,OB,7522.0
2017-01-18,90,06:03:00,Wednesday,St.Clair W Station,Mechanical,7.0,14.0,n,8214.0
2017-01-18,25,06:04:00,Wednesday,Freshmeadow and Don Mills Road,Mechanical,7.0,14.0,SB,7493.0
2017-01-18,34,06:05:00,Wednesday,Kennedy Stn,Late Leaving Garage,4.0,8.0,W,7663.0
2017-01-18,12,06:15:00,Wednesday,Victoria Park Stn,Late Leaving Garage,11.0,23.0,E,8123.0
2017-01-18,23,06:17:00,Wednesday,Main Station,Mechanical,12.0,24.0,NB,8155.0
2017-01-18,84,06:23:00,Wednesday,Bradstock,Mechanical,10.0,20.0,EB,1224.0
2017-01-18,24,06:24:00,Wednesday,STEELES,Late Leaving Garage,7.0,11.0,N,7865.0
2017-01-18,16,06:30:00,Wednesday,warden stn,Late Leaving Garage,9.0,18.0,nb,8115.0
2017-01-18,6,06:34:00,Wednesday,Queens quay and dockside,Mechanical,8.0,16.0,NB,1638.0
2017-01-18,97,06:35:00,Wednesday,Yonge and York Mills,Mechanical,30.0,60.0,N,8377.0
2017-01-18,52,06:35:00,Wednesday,Terminal # 1,Mechanical,13.0,25.0,e/b,1515.0
2017-01-18,131,06:45:00,Wednesday,Malvern Garage,Late Leaving Garage,7.0,13.0,EB,1099.0
2017-01-18,117,06:50:00,Wednesday,Rimrock,Mechanical,10.0,20.0,N/B,1534.0
2017-01-18,52,06:53:00,Wednesday,Lawremce stn,Late Leaving Garage,18.0,36.0,w,1502.0
2017-01-18,124,06:53:00,Wednesday,Lawrence Station,Utilized Off Route,6.0,12.0,E,1689.0
2017-01-18,142,07:00:00,Wednesday,Bombay Loop,Late Leaving Garage,30.0,60.0,S,1826.0
2017-01-18,106,07:00:00,Wednesday,Keele,Mechanical,10.0,20.0,NB,8548.0
2017-01-18,75,07:21:00,Wednesday,Sherbourne and Bloor,Late Leaving Garage,5.0,9.0,n/b,8203.0
2017-01-18,131,07:23:00,Wednesday,McCowan/Nugget,Mechanical,7.0,14.0,EB,1275.0
2017-01-18,85,07:30:00,Wednesday,Don Mills Station to Rouge Hill Go Station,General Delay,22.0,13.0,b/w,
2017-01-18,41,07:32:00,Wednesday,Keele / Glenlake,Investigation,11.0,22.0,s,9138.0
2017-01-18,122,07:33:00,Wednesday,Wilson Station,Mechanical,10.0,20.0,E,8304.0
2017-01-18,46,07:33:00,Wednesday,Kipling stn,Late Leaving Garage,5.0,10.0,e,8454.0
2017-01-18,167,07:40:00,Wednesday,PHARMACY ROUTE,General Delay,10.0,1.0,BW,8148.0
2017-01-18,41,07:45:00,Wednesday,Keele stn,Utilized Off Route,15.0,30.0,n,9142.0
2017-01-18,95,07:45:00,Wednesday,Kingston Loop,Mechanical,7.0,14.0,WB,1723.0
2017-01-18,24,08:00:00,Wednesday,VP ROUTE,General Delay,15.0,0.0,BW,
2017-01-18,127,08:00:00,Wednesday,Entire Route,General Delay,6.0,12.0,B/W,
2017-01-18,105,08:00:00,Wednesday,Steeles to Downsview,General Delay,10.0,23.0,W/B,
2017-01-18,190,08:00:00,Wednesday,Consumers Road and Sheppard,General Delay,10.0,15.0,WB,
2017-01-18,52,08:00:00,Wednesday,Culford and Lawrence,Investigation,3.0,6.0,e,1043.0
2017-01-18,95,08:00:00,Wednesday,York Mills Station to Kingston Loop B/W's,General Delay,15.0,22.0,B/W's,
2017-01-18,32,08:00:00,Wednesday,Eglinton and Locksley,Investigation,11.0,22.0,W/B,1389.0
2017-01-18,63,08:15:00,Wednesday,Ossingotn and Dundas,Mechanical,12.0,24.0,SB,1604.0
2017-01-18,196,08:22:00,Wednesday,Downsview Stn,Utilized Off Route,3.0,5.0,W/B,8313.0
2017-01-18,39,08:23:00,Wednesday,Old Finch - Morningview Trail,Investigation,18.0,36.0,W,1750.0
2017-01-18,44,08:41:00,Wednesday,Col Sam Loop,Mechanical,4.0,9.0,n,8096.0
2017-01-18,196,08:42:00,Wednesday,Downsview Stn.,Utilized Off Route,3.0,5.0,W/B,8376.0
2017-01-18,6,08:51:00,Wednesday,Dockside and Queensquay,Utilized Off Route,4.0,8.0,N/B,1516.0
2017-01-18,72,08:52:00,Wednesday,Carlaw and Eastern,Utilized Off Route,14.0,28.0,N,7771.0
2017-01-18,100,08:59:00,Wednesday,Wynford/Gervais,Mechanical,4.0,8.0,SB,7623.0
2017-01-18,12,09:00:00,Wednesday,Kingston Road Route,General Delay,13.0,1.0,E,
2017-01-18,36,09:00:00,Wednesday,Finch station,Mechanical,19.0,38.0,e,9103.0
2017-01-18,94,09:00:00,Wednesday,Wellesley Station,Utilized Off Route,13.0,26.0,WB,7715.0
2017-01-18,141,09:02:00,Wednesday,Adelaide and Simco,Utilized Off Route,1.0,1.0,E/B,1551.0
2017-01-18,42,09:08:00,Wednesday,Birchmount and McNicoll,Investigation,25.0,50.0,E,8193.0
2017-01-18,12,09:24:00,Wednesday,Victoria Park Stn,Mechanical,20.0,40.0,E,7853.0
2017-01-18,65,09:29:00,Wednesday,Castle Frank Station,Mechanical,12.0,24.0,SB,7747.0
2017-01-18,23,09:30:00,Wednesday,Main Station,Mechanical,10.0,20.0,SB,8106.0
2017-01-18,72,09:33:00,Wednesday,Front and Bay,Utilized Off Route,16.0,32.0,NB,7788.0
2017-01-18,95,09:42:00,Wednesday,York Mills Station,Utilized Off Route,1.0,1.0,EB,1705.0
2017-01-18,22,09:58:00,Wednesday,Coxwell Station,Mechanical,5.0,10.0,SB,7540.0
2017-01-18,25,10:29:00,Wednesday,Don Mills Station,Mechanical,7.0,14.0,NB,7506.0
2017-01-18,115,10:40:00,Wednesday,York mills Station,Mechanical,20.0,40.0,E,1368.0
2017-01-18,161,10:54:00,Wednesday,Rogers and Dufferin,Investigation,17.0,35.0,E,1587.0
2017-01-18,75,11:00:00,Wednesday,South dr at Glen rd,Mechanical,7.0,14.0,s/b,8342.0
2017-01-18,188,11:00:00,Wednesday,KIPLING STN,Mechanical,7.0,14.0,s/b,8033.0
2017-01-18,196,11:20:00,Wednesday,Downsview stn,Utilized Off Route,2.0,4.0,n,8303.0
2017-01-18,199,11:52:00,Wednesday,York Univ Loop,Mechanical,12.0,24.0,E,1402.0
2017-01-18,86,11:58:00,Wednesday,Lawrence/Morningside,Mechanical,30.0,60.0,WB,7498.0
2017-01-18,102,12:20:00,Wednesday,warden stn,Mechanical,10.0,20.0,nb,8162.0
2017-01-18,39,12:27:00,Wednesday,Harvestmoon - Old Finch,Mechanical,19.0,39.0,W,1137.0
2017-01-18,65,12:29:00,Wednesday,Castle Frank Station,Mechanical,12.0,24.0,SB,8105.0
2017-01-18,102,12:36:00,Wednesday,warden stn,Mechanical,10.0,20.0,nb,8140.0
2017-01-18,69,12:41:00,Wednesday,WARDEN STN,Mechanical,11.0,22.0,SB,7766.0
2017-01-18,94,12:42:00,Wednesday,Castle Frank Station,Mechanical,13.0,26.0,WB,7851.0
2017-01-18,8,12:45:00,Wednesday,COXWELL / PLAINS,Diversion,30.0,90.0,S,8131.0
2017-01-18,129,13:01:00,Wednesday,Sheppard and Mccowan,Mechanical,7.0,19.0,NB,1212.0
2017-01-18,43,13:07:00,Wednesday,Kennedy stn,Mechanical,10.0,20.0,nb,7603.0
2017-01-18,86,13:10:00,Wednesday,Kennedy Stn,Mechanical,10.0,20.0,EB,7482.0
2017-01-18,196,13:21:00,Wednesday,York U,Mechanical,2.0,4.0,s,8217.0
2017-01-18,9,14:01:00,Wednesday,STC,Late Leaving Garage,18.0,36.0,sb,7865.0
2017-01-18,96,14:03:00,Wednesday,Wilson and Bathurst,Investigation,19.0,39.0,E,8472.0
2017-01-18,102,14:08:00,Wednesday,warden stn,Utilized Off Route,15.0,30.0,nb,7785.0
2017-01-18,198,14:10:00,Wednesday,Kennedy station,Mechanical,10.0,20.0,eb,7424.0
2017-01-18,185,14:10:00,Wednesday,Don mIlls and Duncan Mills,Mechanical,10.0,20.0,s,7425.0
2017-01-18,6,14:22:00,Wednesday,Davenport and Yonge,Late Leaving Garage,11.0,22.0,s,1551.0
2017-01-18,199,14:24:00,Wednesday,STC,Utilized Off Route,4.0,8.0,W,1282.0
2017-01-18,123,14:24:00,Wednesday,Shorncliffe and Lockport,Investigation,20.0,40.0,s,8041.0
2017-01-18,130,14:26:00,Wednesday,STC,Mechanical,21.0,42.0,N,1754.0
2017-01-18,32,14:45:00,Wednesday,Eglinton Ave W,General Delay,15.0,30.0,B/W,
2017-01-18,59,14:48:00,Wednesday,Lawrence West Station,Late Leaving Garage,14.0,28.0,W,7931.0
2017-01-18,105,14:50:00,Wednesday,Dufferin / Steeles,Mechanical,12.0,24.0,n,8377.0
2017-01-18,52,14:53:00,Wednesday,Jane & Church,Late Leaving Garage,5.0,16.0,e/b,1016.0
2017-01-18,122,14:55:00,Wednesday,roywood and underpass,Mechanical,16.0,36.0,E,1784.0
2017-01-18,97,14:55:00,Wednesday,Yorkmills Station,Mechanical,30.0,60.0,Sb,1688.0
2017-01-18,35,14:57:00,Wednesday,JSTE,Late Leaving Garage,7.0,14.0,S,1577.0
2017-01-18,192,14:59:00,Wednesday,Kipling Stn,Mechanical,7.0,17.0,n/b,8003.0
2017-01-18,109,14:59:00,Wednesday,Eglinton West station,Mechanical,14.0,28.0,N,1376.0
2017-01-18,116,15:00:00,Wednesday,Morningside & Ellesmere,Mechanical,12.0,24.0,sb,7641.0
2017-01-18,63,15:00:00,Wednesday,Eglinton and Oakwood,General Delay,35.0,45.0,B/W,
2017-01-18,709,15:01:00,Wednesday,Eglinton Ave W,Late Leaving Garage,1.0,1.0,B/W,1075.0
2017-01-18,196,15:02:00,Wednesday,Downsview stn,Mechanical,6.0,12.0,n,8377.0
2017-01-18,16,15:04:00,Wednesday,Birchmount Garage,Late Leaving Garage,8.0,16.0,,7871.0
2017-01-18,195,15:06:00,Wednesday,JNST,Late Leaving Garage,10.0,20.0,N,8562.0
2017-01-18,24,15:08:00,Wednesday,Victoria Park Station,Late Leaving Garage,8.0,16.0,BW,7856.0
2017-01-18,57,15:08:00,Wednesday,Midland and Steeles,Late Leaving Garage,8.0,16.0,SB,7731.0
2017-01-18,24,15:08:00,Wednesday,Victoria Park Station,Late Leaving Garage,8.0,16.0,BW,7856.0
2017-01-18,167,15:10:00,Wednesday,Pharmacy & Corinthian,Late Leaving Garage,18.0,24.0,SB,7679.0
2017-01-18,105,15:15:00,Wednesday,Steeles,Mechanical,12.0,24.0,s,1802.0
2017-01-18,72,15:15:00,Wednesday,Front and Bay,Mechanical,14.0,28.0,EB,8129.0
2017-01-18,112,15:20:00,Wednesday,Kipling Stn,Mechanical,27.0,45.0,n/b,8029.0
2017-01-18,185,15:20:00,Wednesday,Don Mills  and Sheppard,Mechanical,8.0,16.0,n,7641.0
2017-01-18,102,15:27:00,Wednesday,Birchmount Garage,Late Leaving Garage,10.0,20.0,,8136.0
2017-01-18,97,15:30:00,Wednesday,Yonge Blvd/Wilson Av,Diversion,30.0,60.0,SB,8355.0
2017-01-18,102,15:32:00,Wednesday,Birchmount Garage,Late Leaving Garage,20.0,40.0,,8167.0
2017-01-18,88,15:32:00,Wednesday,St.Clair Station,Mechanical,15.0,30.0,WB,8339.0
2017-01-18,36,15:32:00,Wednesday,Finch Station,Late Leaving Garage,24.0,48.0,W/B,9103.0
2017-01-18,24,15:34:00,Wednesday,Victoria Park Station,Late Leaving Garage,9.0,17.0,BW,7790.0
2017-01-18,24,15:34:00,Wednesday,Victoria Park & Steeles,Late Leaving Garage,8.0,17.0,SB,7755.0
2017-01-18,39,15:38:00,Wednesday,Victoria park and gordon baker,Diversion,82.0,94.0,NB,1217.0
2017-01-18,57,15:40:00,Wednesday,Kennedy Station,Mechanical,7.0,14.0,NB,7797.0
2017-01-18,54,15:45:00,Wednesday,Lawrence and Brockley,Emergency Services,10.0,21.0,W,7607.0
2017-01-18,196,15:46:00,Wednesday,Downsview stn,Utilized Off Route,2.0,4.0,n,8311.0
2017-01-18,52,15:48:00,Wednesday,Lawrence & Keele,Mechanical,11.0,22.0,e/b,1416.0
2017-01-18,42,15:55:00,Wednesday,Victoria Park/Gordon Baker Av,Diversion,100.0,113.0,NB,1511.0
2017-01-18,85,15:57:00,Wednesday,Don Mills Stn,Mechanical,7.0,13.0,E,9068.0
2017-01-18,11,15:59:00,Wednesday,Davisville Stn,Utilized Off Route,7.0,15.0,n,8194.0
2017-01-18,23,16:00:00,Wednesday,Dawes route,General Delay,12.0,1.0,BW,
2017-01-18,121,16:00:00,Wednesday,Fortyork route,General Delay,20.0,1.0,BW,
2017-01-18,52,16:00:00,Wednesday,52-Lawrence West route,General Delay,10.0,15.0,b/w,
2017-01-18,23,16:06:00,Wednesday,St. Clair and Plaxton,Mechanical,8.0,16.0,E,8168.0
2017-01-18,52,16:08:00,Wednesday,Duval & Lawrence,Investigation,11.0,22.0,e/b,1553.0
2017-01-18,185,16:09:00,Wednesday,pape station,Mechanical,8.0,16.0,n,7507.0
2017-01-18,16,16:12:00,Wednesday,Scarborough Centre Station,Mechanical,8.0,16.0,,8153.0
2017-01-18,53,16:13:00,Wednesday,Finch Station (due out at 333pm),Late Leaving Garage,15.0,30.0,wb,1268.0
2017-01-18,10,16:15:00,Wednesday,Donmills / Goodwill rd,Mechanical,15.0,30.0,s,1823.0
2017-01-18,87,16:15:00,Wednesday,Main Station,Utilized Off Route,6.0,12.0,W,7841.0
2017-01-18,116,16:19:00,Wednesday,Mason & Eglinton,Mechanical,22.0,45.0,eb,7689.0
2017-01-18,52,16:30:00,Wednesday,Marlee & Lawrence,Mechanical,11.0,22.0,w/b,1073.0
2017-01-18,63,16:54:00,Wednesday,Ossington Stn,Mechanical,10.0,20.0,N,1625.0
2017-01-18,35,16:55:00,Wednesday,JNST,Utilized Off Route,20.0,40.0,N,1285.0
2017-01-18,102,16:55:00,Wednesday,Warden Station,Mechanical,10.0,20.0,,8153.0
2017-01-18,36,16:58:00,Wednesday,Finch and Sentinel,Investigation,24.0,48.0,E/B,9103.0
2017-01-18,54,17:13:00,Wednesday,Lawrence and Pharmacy,Mechanical,10.0,21.0,W,7495.0
2017-01-18,124,17:30:00,Wednesday,Lawrence Station,Utilized Off Route,8.0,16.0,Wb,8394.0
2017-01-18,75,17:38:00,Wednesday,Queen,Investigation,6.0,12.0,S,1685.0
2017-01-18,35,17:40:00,Wednesday,Falstaff,Investigation,20.0,40.0,N,1076.0
2017-01-18,65,17:50:00,Wednesday,Winchester and Parliament,Investigation,10.0,20.0,S,8155.0
2017-01-18,24,17:52:00,Wednesday,Victoria Park & Sunrise,Investigation,9.0,17.0,NB,7849.0
2017-01-18,7,17:57:00,Wednesday,Steeles,Mechanical,9.0,18.0,S,9045.0
2017-01-18,185,18:00:00,Wednesday,Pape stn,Mechanical,8.0,16.0,n,7507.0
2017-01-18,85,18:15:00,Wednesday,Sheppard @ Brimley,Diversion,78.0,86.0,W,9079.0
2017-01-18,35,18:15:00,Wednesday,JNST to JSTE,General Delay,7.0,14.0,B/W,
2017-01-18,195,18:15:00,Wednesday,JNST to COMMONS,General Delay,10.0,20.0,B/W,
2017-01-18,57,18:22:00,Wednesday,Steeles and Midland,Mechanical,8.0,16.0,NB,7731.0
2017-01-18,21,18:28:00,Wednesday,Brimley and Sheppard,Diversion,11.0,95.0,SB,7769.0
2017-01-18,94,19:06:00,Wednesday,Castlefrank Station,Utilized Off Route,18.0,36.0,W,8154.0
2017-01-18,53,19:26:00,Wednesday,Don Mills and Steeles,Mechanical,18.0,36.0,WB,1084.0
2017-01-18,86,20:23:00,Wednesday,Kennedy station,Mechanical,10.0,20.0,n,7458.0
2017-01-18,196,20:34:00,Wednesday,Downsview Stn,Mechanical,8.0,16.0,NB,8343.0
2017-01-18,52,21:12:00,Wednesday,Victory and Airport,Investigation,12.0,24.0,E/B,1024.0
2017-01-18,165,21:40:00,Wednesday,Wilson stn,Utilized Off Route,10.0,20.0,E,7952.0
2017-01-18,196,23:12:00,Wednesday,Downsview Stn,Mechanical,10.0,20.0,NB,8385.0
2017-01-18,54,23:28:00,Wednesday,Kennedy/Lawerence,Investigation,9.0,18.0,E/B,7677.0
2017-01-18,29,23:58:00,Wednesday,@ St Clair,Mechanical,9.0,18.0,SB,9030.0
2017-01-19,47,00:15:00,Thursday,Lansdowne and Seaforth,Mechanical,20.0,40.0,S/B,1578.0
2017-01-19,199,00:19:00,Thursday,FSTN,Mechanical,9.0,18.0,EB,1119.0
2017-01-19,32,00:20:00,Thursday,Pine and Lawrence,Emergency Services,10.0,20.0,W/B,1532.0
2017-01-19,80,00:29:00,Thursday,Keele Stn,Investigation,30.0,60.0,s/b,7927.0
2017-01-19,52,03:23:00,Thursday,Terminal # 1,Late Leaving Garage,6.0,10.0,e/b,1573.0
2017-01-19,44,05:05:00,Thursday,Col Sam Smith Loop,Mechanical,5.0,10.0,N/B,8405.0
2017-01-19,79,05:30:00,Thursday,Pine and Lawrence,Late Leaving Garage,20.0,45.0,S/B,1406.0
2017-01-19,29,05:33:00,Thursday,Dufferin and Bloor,Mechanical,13.0,26.0,n,9015.0
2017-01-19,17,05:36:00,Thursday,steeles ave ( mountcastle gate ),Late Leaving Garage,11.0,22.0,sb,7868.0
2017-01-19,97,05:36:00,Thursday,Davisville Station,Late Leaving Garage,30.0,60.0,N,8316.0
2017-01-19,102,05:39:00,Thursday,SHEPPARD,Mechanical,20.0,40.0,NB,7736.0
2017-01-19,94,05:46:00,Thursday,WELLESLEY STATION,Mechanical,5.0,5.0,W,8114.0
2017-01-19,41,05:47:00,Thursday,Keele stn,Late Leaving Garage,11.0,22.0,n,9149.0
2017-01-19,35,05:57:00,Thursday,Jane and Steeles,Late Leaving Garage,5.0,10.0,S/b,1337.0
2017-01-19,165,05:59:00,Thursday,yorkmills stn,Mechanical,6.0,12.0,w,1299.0
2017-01-19,85,06:06:00,Thursday,Don Mills Station,Late Leaving Garage,13.0,28.0,e,9086.0
2017-01-19,116,06:09:00,Thursday,Kennedy Stn,Late Leaving Garage,6.0,12.0,N,7705.0
2017-01-19,34,06:12:00,Thursday,Eglinton Garage,Late Leaving Garage,1.0,1.0,EB,7565.0
2017-01-19,32,06:14:00,Thursday,Emmett Avenue,Mechanical,11.0,23.0,E/B,1618.0
2017-01-19,12,06:21:00,Thursday,Victoria Park Station,Late Leaving Garage,11.0,23.0,SB,8120.0
2017-01-19,23,06:22:00,Thursday,Main Station,Mechanical,5.0,10.0,BW,8138.0
2017-01-19,36,06:25:00,Thursday,Finch route,Late Leaving Garage,5.0,10.0,w,9115.0
2017-01-19,54,06:28:00,Thursday,Lawrence Kingston rd,Mechanical,5.0,9.0,eb,7594.0
2017-01-19,60,06:31:00,Thursday,Dufferin Street,Mechanical,10.0,20.0,W,1414.0
2017-01-19,190,06:31:00,Thursday,STC,Mechanical,5.0,10.0,WB,7602.0
2017-01-19,79,06:35:00,Thursday,Runnymede stn,Late Leaving Garage,10.0,20.0,n,1627.0
2017-01-19,131,06:36:00,Thursday,STC,Late Leaving Garage,9.0,18.0,e,1092.0
2017-01-19,95,06:37:00,Thursday,Wilson,Late Leaving Garage,7.0,14.0,EB,1789.0
2017-01-19,100,06:44:00,Thursday,Broadview Station,Utilized Off Route,4.0,8.0,NB,7422.0
2017-01-19,87,06:47:00,Thursday,Main Station,Utilized Off Route,5.0,10.0,WB,7757.0
2017-01-19,60,06:54:00,Thursday,FSTN,Late Leaving Garage,7.0,14.0,W,8443.0
2017-01-19,11,06:55:00,Thursday,Yonge and Lawrence,Mechanical,7.0,17.0,s,8335.0
2017-01-19,6,06:57:00,Thursday,Bedford,Mechanical,4.0,8.0,S,1612.0
2017-01-19,95,07:00:00,Thursday,York Mills Station To Ellesmere Cul-de-sac,General Delay,10.0,30.0,B/W,
2017-01-19,36,07:15:00,Thursday,Finch station,Late Leaving Garage,5.0,10.0,w,9132.0
2017-01-19,37,07:19:00,Thursday,Islington Ave and Westhampton,Investigation,7.0,14.0,s/b,8061.0
2017-01-19,49,07:27:00,Thursday,Bloor/West Mall,General Delay,15.0,30.0,B/W,8069.0
2017-01-19,110,07:44:00,Thursday,10 Garnett Janes Road,Diversion,126.0,138.0,n/b,7949.0
2017-01-19,24,07:46:00,Thursday,VP STATION,Mechanical,8.0,17.0,N,8143.0
2017-01-19,30,07:49:00,Thursday,Kipling Station,Mechanical,20.0,40.0,E/B,8044.0
2017-01-19,102,07:50:00,Thursday,warden stn,Mechanical,20.0,40.0,nb,8106.0
2017-01-19,41,08:00:00,Thursday,Entire Route,General Delay,8.0,16.0,B/W,
2017-01-19,32,08:33:00,Thursday,Eglinton and Forest Hill,Investigation,5.0,11.0,E/B,1509.0
2017-01-19,32,08:33:00,Thursday,Eglinton and Forest Hill,Investigation,6.0,12.0,E/B,1390.0
2017-01-19,196,08:59:00,Thursday,Downsview Stn,Utilized Off Route,2.0,5.0,W/B,8383.0
2017-01-19,110,09:14:00,Thursday,Islington Station,Mechanical,12.0,24.0,s/b,8020.0
2017-01-19,29,09:18:00,Thursday,Wilson Station,Mechanical,4.0,8.0,s,1669.0
2017-01-19,7,09:19:00,Thursday,Village gate and Bathurst,Mechanical,9.0,18.0,s/b,9033.0
2017-01-19,25,09:29:00,Thursday,Thorncliffe and Overlea,Investigation,5.0,10.0,SB,7463.0
2017-01-19,196,09:29:00,Thursday,Downsview Stn,Mechanical,2.0,5.0,W/B,8364.0
2017-01-19,54,09:40:00,Thursday,Lawrence rt,Mechanical,6.0,12.0,eb,7702.0
2017-01-19,29,09:55:00,Thursday,Dufferin and Bloor,Mechanical,4.0,8.0,s,8368.0
2017-01-19,185,10:02:00,Thursday,Pape Stn.,Investigation,10.0,20.0,NB,7480.0
2017-01-19,196,10:31:00,Thursday,Downsview stn,Utilized Off Route,2.0,4.0,n,1714.0
2017-01-19,196,10:34:00,Thursday,York U,Mechanical,2.0,4.0,s,8377.0
2017-01-19,53,10:50:00,Thursday,Steeles Ave and MCCowan,Emergency Services,5.0,10.0,w,1099.0
2017-01-19,61,10:55:00,Thursday,Eglinton Stn,Mechanical,15.0,30.0,60075,1363.0
2017-01-19,89,11:20:00,Thursday,Keele / Dundas,Investigation,10.0,20.0,s,1524.0
2017-01-19,77,11:33:00,Thursday,Runnymede Station,Mechanical,13.0,26.0,S/B,1597.0
2017-01-19,72,12:06:00,Thursday,15 Wellington St. W ( and Yonge St.),Investigation,16.0,32.0,NB,7778.0
2017-01-19,100,12:08:00,Thursday,Broadview Stn,Utilized Off Route,7.0,13.0,NB,7649.0
2017-01-19,196,12:27:00,Thursday,Downsview Station,Mechanical,2.0,7.0,n,8354.0
2017-01-19,96,12:48:00,Thursday,Esther Lorrie on westhumber,Investigation,20.0,40.0,w,8574.0
2017-01-19,72,12:49:00,Thursday,Pape Station,Utilized Off Route,16.0,32.0,SB,7733.0
2017-01-19,54,13:05:00,Thursday,Lawrence Warden ave,Mechanical,6.0,12.0,wb,7665.0
2017-01-19,102,13:10:00,Thursday,warden stn,Mechanical,30.0,60.0,nb,8100.0
2017-01-19,95,13:16:00,Thursday,UFT Loop,Mechanical,15.0,30.0,W,1088.0
2017-01-19,102,13:20:00,Thursday,WARDEN STN,Utilized Off Route,10.0,20.0,nb,7727.0
2017-01-19,25,13:28:00,Thursday,Mogul and Don Mills Road,Mechanical,7.0,14.0,NB,7570.0
2017-01-19,99,13:30:00,Thursday,Finch and Arrow,Investigation,70.0,90.0,N/B,7973.0
2017-01-19,191,13:35:00,Thursday,Steeles Loop,Mechanical,6.0,12.0,S/B,7975.0
2017-01-19,130,13:44:00,Thursday,STC,Mechanical,11.0,22.0,N,1120.0
2017-01-19,199,13:48:00,Thursday,STC,Utilized Off Route,4.0,8.0,W,1734.0
2017-01-19,196,13:52:00,Thursday,Downsview stn,Mechanical,3.0,6.0,e,8339.0
2017-01-19,102,14:00:00,Thursday,ON ROUTE,General Delay,15.0,1.0,BW,
2017-01-19,196,14:00:00,Thursday,Downsview stn,Mechanical,6.0,12.0,e,8304.0
2017-01-19,110,14:04:00,Thursday,Islington Station,Late Leaving Garage,15.0,38.0,S,7955.0
2017-01-19,780,14:16:00,Thursday,Eglinton Garage,Utilized Off Route,1.0,1.0,,7503.0
2017-01-19,87,14:17:00,Thursday,Main Station,Utilized Off Route,10.0,20.0,BW,7766.0
2017-01-19,129,14:20:00,Thursday,STC,Late Leaving Garage,4.0,8.0,WB,1740.0
2017-01-19,102,14:20:00,Thursday,select and markham rd,Investigation,10.0,20.0,nb,7727.0
2017-01-19,41,14:20:00,Thursday,Keele and Steeles,Mechanical,9.0,18.0,s,9151.0
2017-01-19,43,14:30:00,Thursday,Kennedy and Lawrence,Mechanical,10.0,20.0,N,7478.0
2017-01-19,6,14:33:00,Thursday,Queens Quay and Dockside,Investigation,10.0,20.0,n,1026.0
2017-01-19,86,14:42:00,Thursday,Cardinal Newman School,Late Leaving Garage,8.0,16.0,E,7607.0
2017-01-19,61,14:43:00,Thursday,otter Loop,Mechanical,14.0,25.0,n,8346.0
2017-01-19,34,14:46:00,Thursday,Eglinton Garage,Late Leaving Garage,1.0,1.0,,7615.0
2017-01-19,195,14:46:00,Thursday,Church st,General Delay,10.0,20.0,B/W,8571.0
2017-01-19,35,14:46:00,Thursday,"Church St,",General Delay,7.0,14.0,B/W,8579.0
2017-01-19,66,14:51:00,Thursday,Lakeshore at Marine Parade,Late Leaving Garage,20.0,32.0,N,8077.0
2017-01-19,50,14:54:00,Thursday,Mill road loop,Late Leaving Garage,14.0,27.0,E,8097.0
2017-01-19,34,14:57:00,Thursday,Eglinton and Lebovic,Late Leaving Garage,4.0,8.0,WB,7562.0
2017-01-19,25,14:58:00,Thursday,Fenelon Loop,Late Leaving Garage,6.0,12.0,s,7590.0
2017-01-19,117,15:00:00,Thursday,Downsview stn/Steeles,General Delay,7.0,12.0,b/w,
2017-01-19,100,15:03:00,Thursday,Donmills and Eglinton,Late Leaving Garage,6.0,12.0,NB,7590.0
2017-01-19,24,15:03:00,Thursday,Victoria Park Station,Late Leaving Garage,14.0,14.0,NB,7865.0
2017-01-19,106,15:05:00,Thursday,Sentenial and Finch,Late Leaving Garage,7.0,14.0,,1364.0
2017-01-19,32,15:10:00,Thursday,Keele on Eglinton,Late Leaving Garage,9.0,18.0,eb,1616.0
2017-01-19,32,15:10:00,Thursday,Keele on Eglinton,Late Leaving Garage,8.0,17.0,wb,1049.0
2017-01-19,124,15:16:00,Thursday,Lawrence/bayview,Investigation,8.0,16.0,WB,8393.0
2017-01-19,124,15:20:00,Thursday,On Route,General Delay,25.0,33.0,B/W,
2017-01-19,144,15:21:00,Thursday,Eglinton Garage,Late Leaving Garage,1.0,1.0,,7640.0
2017-01-19,42,15:25:00,Thursday,Finch Station,Utilized Off Route,12.0,24.0,EB,8385.0
2017-01-19,124,15:25:00,Thursday,Lawrence/bayview,Investigation,8.0,16.0,WB,8311.0
2017-01-19,37,15:26:00,Thursday,Islington at Rowntree,Mechanical,9.0,19.0,S,8099.0
2017-01-19,52,15:26:00,Thursday,Martin Grove & The Westway,Late Leaving Garage,14.0,26.0,e/b,1540.0
2017-01-19,29,15:26:00,Thursday,Dufferin and Dundas,Utilized Off Route,4.0,8.0,n,9030.0
2017-01-19,6,15:28:00,Thursday,Davenport / Dufferin,Utilized Off Route,10.0,20.0,e,1040.0
2017-01-19,73,15:30:00,Thursday,Royal York Station to Albion and Claireport,General Delay,15.0,35.0,BW,
2017-01-19,31,15:30:00,Thursday,Greenwood & Queen,Investigation,11.0,21.0,SB,7827.0
2017-01-19,5,15:30:00,Thursday,St Clair to Eglinton Stn,General Delay,20.0,19.0,b,
2017-01-19,124,15:30:00,Thursday,Sunny Brook Hospitral,Investigation,8.0,16.0,WB,1820.0
2017-01-19,131,15:31:00,Thursday,Kennedy Station,Mechanical,9.0,17.0,N,1321.0
2017-01-19,29,15:35:00,Thursday,Springhurst,Utilized Off Route,5.0,10.0,n,9026.0
2017-01-19,116,15:39:00,Thursday,Morningside and Lawrence,Late Leaving Garage,6.0,12.0,N,7598.0
2017-01-19,109,15:41:00,Thursday,Eglinton West station,Mechanical,14.0,28.0,N,1826.0
2017-01-19,11,15:45:00,Thursday,Sunny Brook Hospital,Utilized Off Route,15.0,30.0,EB,1342.0
2017-01-19,11,15:59:00,Thursday,Davisville Stn,Utilized Off Route,7.0,15.0,n,1818.0
2017-01-19,41,16:00:00,Thursday,Entire Route,General Delay,20.0,30.0,B/W,
2017-01-19,102,16:00:00,Thursday,102 Markham Route,General Delay,15.0,0.0,bw,
2017-01-19,186,16:00:00,Thursday,wilson Stn.,Mechanical,11.0,22.0,W,8438.0
2017-01-19,41,16:04:00,Thursday,York U Commons,Late Leaving Garage,14.0,29.0,S,1012.0
2017-01-19,24,16:05:00,Thursday,Tempo & Victoria Park,Mechanical,9.0,17.0,BW,7821.0
2017-01-19,9,16:18:00,Thursday,Warden Station,Mechanical,16.0,32.0,,7788.0
2017-01-19,100,16:26:00,Thursday,Wynford and Wynford Heights,Mechanical,6.0,12.0,SB,7577.0
2017-01-19,199,16:36:00,Thursday,Willowdale and Finch,Mechanical,12.0,24.0,W,1132.0
2017-01-19,73,16:39:00,Thursday,Albion at Kipling,Investigation,20.0,40.0,E,7909.0
2017-01-19,199,16:40:00,Thursday,Finch Stn,Utilized Off Route,8.0,12.0,E,1771.0
2017-01-19,105,16:58:00,Thursday,Downsview stn / Major Mac,General Delay,10.0,25.0,b/w,
2017-01-19,24,16:59:00,Thursday,Victoria Park Station,Utilized Off Route,9.0,17.0,BW,7769.0
2017-01-19,60,17:00:00,Thursday,On Steeles from Keele to Dufferin,General Delay,15.0,23.0,E,
2017-01-19,121,17:00:00,Thursday,Strachan to Bay,General Delay,1.0,1.0,B/W,
2017-01-19,196,17:05:00,Thursday,Downsview stn,Mechanical,2.0,4.0,n,1683.0
2017-01-19,102,17:05:00,Thursday,Markham and Steeles,Mechanical,20.0,40.0,sb,8166.0
2017-01-19,17,17:07:00,Thursday,Wintermute,Mechanical,8.0,16.0,sb,7758.0
2017-01-19,74,17:10:00,Thursday,Mt.Pleasent/Eglinton av,Mechanical,20.0,40.0,NB,1347.0
2017-01-19,196,17:11:00,Thursday,Downsview stn,Utilized Off Route,2.0,4.0,n,1823.0
2017-01-19,51,17:13:00,Thursday,Eglinton Stn,Mechanical,18.0,35.0,b,1790.0
2017-01-19,134,17:14:00,Thursday,STC SRT,Mechanical,5.0,11.0,eb,1095.0
2017-01-19,84,17:15:00,Thursday,Bradstock and Weston,Investigation,12.0,24.0,e/b,
2017-01-19,11,17:15:00,Thursday,Davisville Stn,Utilized Off Route,9.0,17.0,n,1667.0
2017-01-19,53,17:23:00,Thursday,Staines and Morningside,Mechanical,15.0,30.0,nb,9080.0
2017-01-19,76,17:25:00,Thursday,Royal york Station,Utilized Off Route,5.0,10.0,S,8410.0
2017-01-19,102,17:25:00,Thursday,Markham Road and Ellesmere,Mechanical,20.0,40.0,sb,7879.0
2017-01-19,25,17:30:00,Thursday,Freshmeadow/Townsend,Investigation,6.0,12.0,s,7454.0
2017-01-19,196,17:30:00,Thursday,Downsview stn,Utilized Off Route,2.0,4.0,n,8383.0
2017-01-19,196,17:45:00,Thursday,Downsview Stn,Utilized Off Route,7.0,14.0,EB,8196.0
2017-01-19,68,17:45:00,Thursday,Major mac/Warden,Diversion,75.0,100.0,B/W,7538.0
2017-01-19,9,17:46:00,Thursday,York Mills Route,General Delay,10.0,20.0,B/W,1713.0
2017-01-19,43,17:51:00,Thursday,Kennedy and Munham gate,Investigation,10.0,20.0,N,7417.0
2017-01-19,10,17:55:00,Thursday,Brian Dr.  Van Horne,Mechanical,10.0,20.0,NB,8186.0
2017-01-19,43,18:05:00,Thursday,Kennedy and Munham gate,Investigation,10.0,20.0,N,7417.0
2017-01-19,43,18:09:00,Thursday,Kennedy and Munhamgate,Investigation,10.0,20.0,N,7462.0
2017-01-19,160,18:10:00,Thursday,Drewry,Investigation,21.0,42.0,N,1688.0
2017-01-19,34,18:28:00,Thursday,Eglinton and Victoria Park,Mechanical,4.0,18.0,WB,7663.0
2017-01-19,107,18:30:00,Thursday,Keele at Steeles,Investigation,23.0,46.0,NB,8368.0
2017-01-19,46,18:34:00,Thursday,Kipling and Goswell,Investigation,10.0,20.0,S/B,1335.0
2017-01-19,47,18:39:00,Thursday,Lansdowne station,Investigation,16.0,40.0,n,1075.0
2017-01-19,74,18:45:00,Thursday,St.Clair Station,Mechanical,20.0,40.0,NB,8347.0
2017-01-19,39,18:48:00,Thursday,Birchmount and Finch,Emergency Services,12.0,19.0,E,1121.0
2017-01-19,6,19:02:00,Thursday,Davenport and Dupont,Mechanical,5.0,11.0,S/B,1253.0
2017-01-19,168,19:10:00,Thursday,Davenport and Uxbridge,Investigation,7.0,14.0,N,8402.0
2017-01-19,87,19:31:00,Thursday,Donlands and Cosburn,Mechanical,10.0,20.0,S/B,7767.0
2017-01-19,126,19:40:00,Thursday,St.Clair West stn,Investigation,15.0,30.0,s/b,1510.0
2017-01-19,199,19:41:00,Thursday,Kenneth and Finch,Diversion,39.0,52.0,E,1771.0
2017-01-19,39,19:41:00,Thursday,Kenneth and Finch,Diversion,39.0,55.0,E,1743.0
2017-01-19,32,19:46:00,Thursday,Eglinton West Stn.,Investigation,10.0,19.0,wb,1049.0
2017-01-19,9,20:56:00,Thursday,9 Bellamy Route,Diversion,18.0,36.0,BW,
2017-01-19,74,20:57:00,Thursday,St Clair Stn,Mechanical,22.0,44.0,NB,1386.0
2017-01-19,106,21:05:00,Thursday,Downsview Station,Mechanical,18.0,36.0,n,8582.0
2017-01-19,54,21:07:00,Thursday,Lawrance and Bellamy,Diversion,207.0,217.0,WB,7585.0
2017-01-19,52,21:45:00,Thursday,Airport and Orlando Dr.,Investigation,12.0,24.0,w/b,1557.0
2017-01-19,39,21:49:00,Thursday,Tapscott,Mechanical,16.0,34.0,WB,1100.0
2017-01-19,185,21:58:00,Thursday,Cosbourn/Pape,Investigation,10.0,20.0,down,7690.0
2017-01-19,52,22:00:00,Thursday,Lawrence and West Station,Mechanical,12.0,24.0,w/b,1072.0
2017-01-19,87,22:05:00,Thursday,Barrington and Secord,Mechanical,10.0,20.0,nb,8112.0
2017-01-19,102,22:20:00,Thursday,Warden Station,Utilized Off Route,10.0,20.0,,7801.0
2017-01-19,9,22:30:00,Thursday,Warden Station,Mechanical,30.0,60.0,,7876.0
2017-01-19,33,22:40:00,Thursday,Chaplin Cresc,Utilized Off Route,20.0,40.0,Bus 8331,8302.0
2017-01-19,129,22:50:00,Thursday,STC,Mechanical,10.0,20.0,NB,1125.0
2017-01-19,7,23:10:00,Thursday,Bathurst at Baycrest,Diversion,221.0,231.0,BW,9007.0
2017-01-19,7,23:11:00,Thursday,Bathurst at Baycrest,Emergency Services,6.0,12.0,NB,9035.0
2017-01-19,45,23:15:00,Thursday,Eglinton and Kipling,Mechanical,10.0,20.0,n/b,8048.0
2017-01-19,34,23:15:00,Thursday,Mount plesant/Eglinton,Mechanical,10.0,20.0,down,7639.0
2017-01-19,54,23:30:00,Thursday,Mount pleasant/Eglinton,Utilized Off Route,10.0,20.0,W/B,7485.0
2017-01-20,199,00:23:00,Friday,STC,Utilized Off Route,9.0,18.0,WB,1755.0
2017-01-20,130,00:40:00,Friday,STC,Mechanical,10.0,40.0,NB,1744.0
2017-01-20,52,00:48:00,Friday,Lawrence and Sage Ave,Investigation,23.0,46.0,E/B,1566.0
2017-01-20,324,01:43:00,Friday,Bingam Loop,Mechanical,30.0,30.0,NB,8122.0
2017-01-20,60,04:52:00,Friday,Steeles loop,Late Leaving Garage,20.0,40.0,E/b,1313.0
2017-01-20,168,05:10:00,Friday,E/B Rogers Rd at Keele st,Mechanical,10.0,20.0,s/b,8085.0
2017-01-20,85,05:11:00,Friday,Sheppard and Markham,Mechanical,15.0,30.0,w,9090.0
2017-01-20,87,05:17:00,Friday,MAIN STATION,Late Leaving Garage,5.0,10.0,W,7838.0
2017-01-20,129,05:22:00,Friday,Steeles Loop,Late Leaving Garage,13.0,1.0,SB,1099.0
2017-01-20,7,05:25:00,Friday,Bathurst Stn,Emergency Services,11.0,0.0,N/B,9021.0
2017-01-20,57,05:33:00,Friday,STEELES,Late Leaving Garage,1.0,1.0,S,7845.0
2017-01-20,29,05:33:00,Friday,Dufferin mall,Late Leaving Garage,13.0,23.0,N,9043.0
2017-01-20,199,05:34:00,Friday,McCowan and Sheppard Ave,Late Leaving Garage,11.0,22.0,w,1707.0
2017-01-20,63,05:36:00,Friday,Eglinton West Station,Late Leaving Garage,13.0,28.0,S/B,1612.0
2017-01-20,47,05:41:00,Friday,Yorkdale Mall,Late Leaving Garage,18.0,47.0,S/B,1628.0
2017-01-20,53,05:50:00,Friday,Markham and Passmore Rd,Late Leaving Garage,5.0,9.0,WB,1227.0
2017-01-20,88,05:50:00,Friday,St Clair Station,Late Leaving Garage,16.0,32.0,S,8361.0
2017-01-20,29,05:51:00,Friday,Wilson Station,Mechanical,9.0,18.0,S,9024.0
2017-01-20,100,06:02:00,Friday,Eglinton Yard,Late Leaving Garage,1.0,1.0,NB,7525.0
2017-01-20,192,06:04:00,Friday,Kipling Station,Late Leaving Garage,10.0,20.0,N/B,8008.0
2017-01-20,24,06:14:00,Friday,STEELES,Late Leaving Garage,9.0,23.0,S,7766.0
2017-01-20,100,06:16:00,Friday,Eglinton Ave E and St. Dennis Dr,Late Leaving Garage,4.0,8.0,SB,7682.0
2017-01-20,29,06:18:00,Friday,TYCOS,Mechanical,9.0,18.0,S,9012.0
2017-01-20,120,06:22:00,Friday,Arrow Garage,Late Leaving Garage,30.0,60.0,S,8437.0
2017-01-20,63,06:22:00,Friday,Eglinton West station,Late Leaving Garage,4.0,8.0,S,1005.0
2017-01-20,100,06:24:00,Friday,Don Mills and Eglinton,Late Leaving Garage,4.0,8.0,EB,7687.0
2017-01-20,54,06:24:00,Friday,Lawrence and Scarborough Golf Club Rd,Late Leaving Garage,9.0,18.0,W/B,7570.0
2017-01-20,54,06:28:00,Friday,Lawrence and Kingston Rd,Late Leaving Garage,5.0,10.0,E/B,7677.0
2017-01-20,53,06:30:00,Friday,Finch Station,Late Leaving Garage,13.0,26.0,EB,9070.0
2017-01-20,68,06:31:00,Friday,Warden STN,Late Leaving Garage,5.0,10.0,N/B,7697.0
2017-01-20,85,06:32:00,Friday,Don Mills Station,Mechanical,13.0,26.0,e,9093.0
2017-01-20,109,06:35:00,Friday,Kipling Stn,Mechanical,6.0,12.0,NB,7918.0
2017-01-20,11,06:39:00,Friday,Sunnybrook Hospital,Late Leaving Garage,9.0,21.0,s,8308.0
2017-01-20,121,06:41:00,Friday,Cherry and Front Street,Mechanical,13.0,26.0,W/B,7872.0
2017-01-20,102,06:57:00,Friday,warden stn,Late Leaving Garage,10.0,20.0,nb,7741.0
2017-01-20,85,07:10:00,Friday,Sheppard and Markham,Mechanical,7.0,13.0,w,9068.0
2017-01-20,73,07:10:00,Friday,Royal York Stn,Utilized Off Route,15.0,30.0,s/b,8069.0
2017-01-20,165,07:24:00,Friday,Steels and Barmac Dr.,Mechanical,6.0,18.0,S,1239.0
2017-01-20,161,07:31:00,Friday,Jane and Alliance,Mechanical,11.0,22.0,e/b,1020.0
2017-01-20,17,07:50:00,Friday,steeles and mountcastle gate,Mechanical,16.0,32.0,sb,7865.0
2017-01-20,5,08:00:00,Friday,Avenue Rd Rte,General Delay,10.0,22.0,b/w,
2017-01-20,36,08:05:00,Friday,1111 Finch ave.3,Mechanical,21.0,42.0,W,9131.0
2017-01-20,36,09:00:00,Friday,Arrow Rd. and Finch Ave.,Mechanical,21.0,42.0,E,9128.0
2017-01-20,196,09:19:00,Friday,Downsview Stn.,Investigation,2.0,5.0,W/B,8319.0
2017-01-20,100,09:58:00,Friday,Broadview Stn.,Investigation,6.0,13.0,NB,7492.0
2017-01-20,95,10:07:00,Friday,Yorkmills Station,Mechanical,15.0,30.0,E,1121.0
2017-01-20,35,10:17:00,Friday,Jane and Shoreham,Investigation,15.0,30.0,S/b,8610.0
2017-01-20,168,10:32:00,Friday,Dundas W. Station,Investigation,10.0,20.0,N/B,8040.0
2017-01-20,69,10:46:00,Friday,warden stn,Mechanical,11.0,22.0,sb,7752.0
2017-01-20,95,10:46:00,Friday,Parkwoods Villa and Yorkmills,Mechanical,15.0,30.0,E,1079.0
2017-01-20,25,10:56:00,Friday,Don Mills Station,Mechanical,5.0,10.0,NB,7542.0
2017-01-20,85,11:11:00,Friday,Sheppard and Glen Watford,Investigation,9.0,17.0,e,9054.0
2017-01-20,35,11:18:00,Friday,Jane Stn,Mechanical,6.0,12.0,N/b,8482.0
2017-01-20,36,11:20:00,Friday,Milvan,Investigation,5.0,10.0,w,9116.0
2017-01-20,30,11:22:00,Friday,High Park Station,Mechanical,30.0,60.0,W/B,7929.0
2017-01-20,45,11:30:00,Friday,Kipling Station,Utilized Off Route,10.0,20.0,N/B,7908.0
2017-01-20,7,11:30:00,Friday,Bathurst and Sheppard,Mechanical,9.0,18.0,s/b,9033.0
2017-01-20,192,11:34:00,Friday,Kipling Station,Mechanical,10.0,20.0,N/B,8001.0
2017-01-20,53,12:18:00,Friday,Markham and Passmore Rd,Mechanical,10.0,15.0,WB,1704.0
2017-01-20,116,12:26:00,Friday,Morningside and Lawrence,Investigation,10.0,20.0,S,7404.0
2017-01-20,188,12:58:00,Friday,Kipling Station,General Delay,15.0,30.0,S/B,7970.0
2017-01-20,160,13:25:00,Friday,Wilosn lower,Mechanical,15.0,40.0,n/b,1686.0
2017-01-20,160,13:25:00,Friday,Wilson Lower,Mechanical,25.0,50.0,n/b,1686.0
2017-01-20,16,13:44:00,Friday,warden stn,Investigation,10.0,20.0,nb,8127.0
2017-01-20,11,13:47:00,Friday,Davisville Stn,Mechanical,12.0,24.0,n,8355.0
2017-01-20,102,14:00:00,Friday,ON ROUTE,General Delay,15.0,1.0,BW,
2017-01-20,24,14:10:00,Friday,Sheppard & victoria park,Mechanical,10.0,20.0,bw,8147.0
2017-01-20,64,14:15:00,Friday,Maion stn,Late Leaving Garage,9.0,18.0,N/B,7880.0
2017-01-20,160,14:15:00,Friday,Fisherville,Mechanical,25.0,50.0,N,1686.0
2017-01-20,46,14:18:00,Friday,Martin Grove loop,Late Leaving Garage,5.0,10.0,s,1236.0
2017-01-20,116,14:42:00,Friday,Pope John Paul PS,Late Leaving Garage,8.0,16.0,W,7556.0
2017-01-20,86,14:42:00,Friday,Cardinal Newman PS,Late Leaving Garage,10.0,20.0,E,7401.0
2017-01-20,81,14:43:00,Friday,Pape Station,Late Leaving Garage,8.0,16.0,NB,8175.0
2017-01-20,9,14:44:00,Friday,warden stn,Mechanical,16.0,32.0,nb,7766.0
2017-01-20,88,14:47:00,Friday,St clair stn,Mechanical,15.0,30.0,E,8361.0
2017-01-20,95,14:50:00,Friday,Birmley and Sheppard,Mechanical,8.0,17.0,W,1279.0
2017-01-20,102,14:51:00,Friday,warden stn,Utilized Off Route,7.0,15.0,nb,8105.0
2017-01-20,85,14:52:00,Friday,Idagrove and sheppard,Mechanical,6.0,12.0,e,9096.0
2017-01-20,17,14:52:00,Friday,kenndy loop,Late Leaving Garage,7.0,14.0,sb,7802.0
2017-01-20,102,14:55:00,Friday,warden stn,Mechanical,15.0,30.0,nb,7858.0
2017-01-20,41,15:00:00,Friday,Entire Route,General Delay,20.0,30.0,B/W,
2017-01-20,85,15:03:00,Friday,RHGO,Mechanical,13.0,25.0,W,9055.0
2017-01-20,34,15:04:00,Friday,Eglinton and Lebovic,Late Leaving Garage,4.0,8.0,WB,7651.0
2017-01-20,55,15:10:00,Friday,Old Dundas and Dundas,Late Leaving Garage,15.0,30.0,S,1382.0
2017-01-20,30,15:19:00,Friday,Kipling station,Mechanical,30.0,52.0,E,8417.0
2017-01-20,38,15:20:00,Friday,STC,Mechanical,12.0,24.0,EB,1744.0
2017-01-20,144,15:21:00,Friday,Eglinton Garage,Late Leaving Garage,1.0,1.0,,7452.0
2017-01-20,42,15:24:00,Friday,Mcnicoll/Victoria park,Mechanical,7.0,14.0,E,8303.0
2017-01-20,192,15:34:00,Friday,Kipling Station,Mechanical,8.0,17.0,N,8000.0
2017-01-20,133,15:35:00,Friday,STC,Mechanical,7.0,14.0,EB,1095.0
2017-01-20,199,15:36:00,Friday,McCowan and Sheppard,Mechanical,8.0,12.0,N,1770.0
2017-01-20,54,15:36:00,Friday,Eglinton and Sutherland,Mechanical,13.0,25.0,W,7663.0
2017-01-20,7,15:38:00,Friday,Bathurst & Wilson,Mechanical,5.0,10.0,S,8217.0
2017-01-20,44,15:39:00,Friday,Kipling Station,Utilized Off Route,5.0,10.0,S,8062.0
2017-01-20,11,15:44:00,Friday,Sunnybrook,Mechanical,8.0,17.0,n,1574.0
2017-01-20,122,15:44:00,Friday,Yorkmills Station,Mechanical,16.0,32.0,e,1815.0
2017-01-20,53,15:45:00,Friday,Markham rd and Passmore,Mechanical,5.0,7.0,W,1120.0
2017-01-20,191,15:45:00,Friday,Humber College and Finch,Mechanical,6.0,12.0,n/b,7963.0
2017-01-20,89,15:47:00,Friday,Gunns Road and Weston,Mechanical,7.0,14.0,N,1326.0
2017-01-20,11,15:59:00,Friday,Davisville Stn,Utilized Off Route,7.0,15.0,n,8211.0
2017-01-20,143,16:11:00,Friday,Adelaide and Simcoe,Late Leaving Garage,25.0,50.0,EB,8114.0
2017-01-20,91,16:22:00,Friday,WOODBINE STN,Mechanical,14.0,28.0,S/B,8118.0
2017-01-20,145,16:30:00,Friday,Entire route,General Delay,20.0,50.0,BW,
2017-01-20,52,16:50:00,Friday,Duckworth & Lawrence,Mechanical,5.0,16.0,e/b,1555.0
2017-01-20,38,16:52:00,Friday,Ellesmere and Military Trail,Mechanical,12.0,24.0,EB,1744.0
2017-01-20,24,17:00:00,Friday,Victoria Park & Terraview,General Delay,30.0,60.0,BW,
2017-01-20,121,17:00:00,Friday,STRACHAN TO BAY,General Delay,1.0,1.0,B/W,
2017-01-20,102,17:20:00,Friday,Markham Rd and Blakemanor Blvd (Eglinton),Mechanical,10.0,20.0,SB,8100.0
2017-01-20,39,17:30:00,Friday,Finch Stn to Old Finch,General Delay,18.0,36.0,BW,
2017-01-20,42,17:44:00,Friday,Finch stn,Mechanical,13.0,26.0,E,8313.0
2017-01-20,134,17:50:00,Friday,Scarborough Town Center,Mechanical,5.0,11.0,w,1710.0
2017-01-20,29,17:53:00,Friday,Dufferin and Hunter,Investigation,5.0,10.0,s,9051.0
2017-01-20,51,18:00:00,Friday,Leslie and  Van Horne,Diversion,24.0,0.0,n,1670.0
2017-01-20,161,18:04:00,Friday,Lansdowne and Rogers,Mechanical,12.0,24.0,e,1076.0
2017-01-20,88,18:17:00,Friday,St clair stn,Mechanical,15.0,30.0,E,8361.0
2017-01-20,79,18:23:00,Friday,Pine and Lawrence,Mechanical,14.0,28.0,n,1253.0
2017-01-20,116,18:23:00,Friday,Morningside and Nightstar,Mechanical,1.0,1.0,S,7432.0
2017-01-20,102,18:26:00,Friday,Centennial College,Mechanical,10.0,20.0,WB,7765.0
2017-01-20,7,18:34:00,Friday,Bathurst & Lytton Blvd.,Investigation,9.0,18.0,N,9020.0
2017-01-20,102,18:36:00,Friday,Centennial College,Utilized Off Route,10.0,20.0,WB,7796.0
2017-01-20,165,18:40:00,Friday,BARM,Mechanical,10.0,20.0,S,8536.0
2017-01-20,24,18:45:00,Friday,Victoria Park & Sweeny,Investigation,8.0,17.0,SB,8131.0
2017-01-20,25,18:50:00,Friday,pape station,Mechanical,6.0,12.0,s,7459.0
2017-01-20,24,18:55:00,Friday,Victoria Park & Eglinton,Mechanical,9.0,17.0,NB,8151.0
2017-01-20,41,19:10:00,Friday,York U Commons,Mechanical,20.0,1.0,S,9150.0
2017-01-20,199,19:13:00,Friday,Seneca Hill and Finch,Mechanical,4.0,11.0,E,1734.0
2017-01-20,26,19:15:00,Friday,Annette and Keele,Mechanical,24.0,48.0,E/B,1585.0
2017-01-20,75,19:17:00,Friday,lake shore & jarvis,Mechanical,6.0,12.0,N,8338.0
2017-01-20,199,19:39:00,Friday,Scarborough Town Centre,Utilized Off Route,6.0,13.0,W,1089.0
2017-01-20,7,19:43:00,Friday,Bathurst/ Wilson,Mechanical,11.0,22.0,S,9027.0
2017-01-20,54,19:55:00,Friday,Eglinton and Mount Pleasant,Investigation,13.0,26.0,W,7410.0
2017-01-20,192,20:02:00,Friday,Kipling Station,Mechanical,9.0,18.0,N,8010.0
2017-01-20,89,20:18:00,Friday,Eglinton and Weston,Investigation,8.0,17.0,N,1325.0
2017-01-20,75,20:35:00,Friday,Lake Shore/ Jarvis,Mechanical,15.0,30.0,N,8340.0
2017-01-20,63,20:46:00,Friday,Eglinton West Station,Mechanical,10.0,20.0,S/B,1573.0
2017-01-20,199,21:10:00,Friday,STC,Mechanical,13.0,26.0,WB,1270.0
2017-01-20,44,21:10:00,Friday,"On Kipling, at North Queen",Investigation,9.0,18.0,N,7949.0
2017-01-20,36,21:12:00,Friday,Finch and Clark hill,Mechanical,8.0,16.0,w,9118.0
2017-01-20,96,21:50:00,Friday,Albian and Elmhurst,Mechanical,19.0,39.0,w,8548.0
2017-01-20,25,21:54:00,Friday,FreshMeadow and Don Mills,Mechanical,9.0,18.0,n,7689.0
2017-01-20,97,21:57:00,Friday,Yonge York Mills,Mechanical,20.0,40.0,SB,8206.0
2017-01-20,16,22:06:00,Friday,Warden Station,Mechanical,11.0,22.0,EB,7741.0
2017-01-20,25,22:15:00,Friday,FreshMeadow,Mechanical,9.0,18.0,n,7629.0
2017-01-20,85,22:20:00,Friday,DonMills Stn,Mechanical,20.0,40.0,WB,1402.0
2017-01-20,92,22:40:00,Friday,Woodbine Station,Investigation,17.0,37.0,SB,7788.0
2017-01-20,29,22:45:00,Friday,Wilson Stn,Investigation,9.0,18.0,SB,9045.0
2017-01-20,87,22:45:00,Friday,Main Station,Utilized Off Route,10.0,20.0,NB,8155.0
2017-01-20,41,23:14:00,Friday,Steeles and Founder,Mechanical,21.0,40.0,S/B,9152.0
2017-01-20,86,23:15:00,Friday,Dean Park Rd and Meadowvale Rd,Emergency Services,10.0,20.0,SB,7402.0
2017-01-20,17,23:31:00,Friday,Birchmount Rd and Wintermute Blvd (Steeles),Mechanical,22.0,44.0,SB,8168.0
2017-01-20,24,23:40:00,Friday,Steeles Loop at Victoria Park,Utilized Off Route,10.0,20.0,SB,7740.0
2017-01-21,51,00:13:00,Saturday,Townsend,Mechanical,30.0,60.0,SB,1804.0
2017-01-21,33,00:17:00,Saturday,Chaplin,Mechanical,20.0,40.0,SB,8376.0
2017-01-21,196,00:21:00,Saturday,Downsview Stn,Mechanical,10.0,20.0,SB,8391.0
2017-01-21,11,00:39:00,Saturday,Sunnybrook Hospital,Utilized Off Route,15.0,30.0,SB,8308.0
2017-01-21,61,00:50:00,Saturday,Eglinton Stn,Mechanical,1.0,1.0,NB,1804.0
2017-01-21,110,00:55:00,Saturday,"On Brown's Line, at Lake Shore Blvd.",Diversion,125.0,155.0,B/W,
2017-01-21,123,00:55:00,Saturday,"On Brown's Line, at Lake Shore Blvd.",Diversion,60.0,72.0,B/W,
2017-01-21,320,02:22:00,Saturday,Yonge and Bloor,Utilized Off Route,3.0,6.0,SB,1815.0
2017-01-21,300,02:34:00,Saturday,Bathurst Stn,Investigation,10.0,35.0,EB,1516.0
2017-01-21,320,02:39:00,Saturday,Yonge and Steeles,Mechanical,4.0,8.0,S/B,9021.0
2017-01-21,320,02:42:00,Saturday,Lakeshore and Yonge,Mechanical,3.0,6.0,N/B,8307.0
2017-01-21,300,03:00:00,Saturday,Bloor and Danforth,General Delay,30.0,60.0,BW,
2017-01-21,307,03:05:00,Saturday,General Delay,General Delay,30.0,47.0,N/B,9028.0
2017-01-21,320,03:10:00,Saturday,Entire Route,General Delay,3.0,19.0,N/B,1363.0
2017-01-21,300,03:51:00,Saturday,West Mall and Bloor,Mechanical,20.0,40.0,EB,7482.0
2017-01-21,16,05:23:00,Saturday,st clair,Late Leaving Garage,15.0,30.0,n/b,7792.0
2017-01-21,52,05:40:00,Saturday,Martingrove and Westway,Late Leaving Garage,19.0,39.0,W,1049.0
2017-01-21,85,05:40:00,Saturday,Sheppard Stn,Late Leaving Garage,19.0,39.0,E/B,1263.0
2017-01-21,75,05:43:00,Saturday,Jarvis and Queens Quay,Mechanical,15.0,30.0,N,8388.0
2017-01-21,80,05:54:00,Saturday,Parkside/Bloor-Parkside/Ridout,Diversion,68.0,98.0,B/W,7905.0
2017-01-21,42,06:00:00,Saturday,Finch station,Late Leaving Garage,20.0,20.0,N,1822.0
2017-01-21,110,06:05:00,Saturday,Brownsline/Lakeshore,Diversion,62.0,84.0,S/B,7933.0
2017-01-21,123,06:16:00,Saturday,Brownsline/Lakeshore,Diversion,69.0,90.0,S/B,8017.0
2017-01-21,96,07:28:00,Saturday,Wilson and Yonge,Mechanical,20.0,40.0,E,8521.0
2017-01-21,87,07:42:00,Saturday,pape and Cosburn,Utilized Off Route,10.0,20.0,n/b,7796.0
2017-01-21,25,08:03:00,Saturday,Freshmeadow and Don Mills,Mechanical,8.0,17.0,S/B,7696.0
2017-01-21,95,08:29:00,Saturday,Markham and Ellesmere,Mechanical,17.0,34.0,W/B,1229.0
2017-01-21,129,08:33:00,Saturday,Scarborough Town Center,Utilized Off Route,18.0,36.0,NB,1089.0
2017-01-21,129,08:40:00,Saturday,Scarborough Town Center,Mechanical,17.0,34.0,NB,1769.0
2017-01-21,16,08:40:00,Saturday,STC,Late Leaving Garage,12.0,24.0,SB,7734.0
2017-01-21,60,08:41:00,Saturday,Arrow Garage,Investigation,14.0,27.0,W,1292.0
2017-01-21,36,08:45:00,Saturday,Finch and Arrow Rd.,Late Leaving Garage,6.0,12.0,E,8538.0
2017-01-21,60,08:46:00,Saturday,Arrow Garage,Late Leaving Garage,11.0,22.0,E,8489.0
2017-01-21,36,08:52:00,Saturday,Arrow Road Garage,Late Leaving Garage,6.0,16.0,W,8527.0
2017-01-21,94,08:55:00,Saturday,Wellsley,Mechanical,13.0,26.0,n/b,8147.0
2017-01-21,16,08:56:00,Saturday,Warden Stn,Late Leaving Garage,12.0,24.0,NB,7745.0
2017-01-21,20,09:06:00,Saturday,Main Stn,Late Leaving Garage,18.0,30.0,NB,7709.0
2017-01-21,102,09:11:00,Saturday,Markham and Steeles,Late Leaving Garage,10.0,20.0,SB,7798.0
2017-01-21,7,09:40:00,Saturday,Steeles and Bathurst,Mechanical,15.0,10.0,s/b,9135.0
2017-01-21,79,09:47:00,Saturday,Pine and Lawrence,Late Leaving Garage,12.0,24.0,S,1527.0
2017-01-21,98,09:56:00,Saturday,Grantbrook street( E of Bathurst on finch),Mechanical,15.0,30.0,N,1823.0
2017-01-21,38,10:00:00,Saturday,Port Union and Lawson,Mechanical,10.0,20.0,E/B,1403.0
2017-01-21,32,10:00:00,Saturday,Eglinton Station,Late Leaving Garage,10.0,20.0,W,1555.0
2017-01-21,34,10:05:00,Saturday,Kennedy Stn,Mechanical,8.0,16.0,W,7662.0
2017-01-21,79,10:06:00,Saturday,Runnymede Stn,Late Leaving Garage,24.0,48.0,N,1358.0
2017-01-21,196,10:20:00,Saturday,Downsview station,Utilized Off Route,15.0,30.0,W,8212.0
2017-01-21,79,10:24:00,Saturday,Runymede Rd at Dundas St,Diversion,12.0,24.0,N,1389.0
2017-01-21,79,10:24:00,Saturday,Runnymede at Dundas,Emergency Services,12.0,24.0,N,1389.0
2017-01-21,71,10:34:00,Saturday,Runnymede and Dundas,Diversion,22.0,30.0,N,1659.0
2017-01-21,7,10:45:00,Saturday,Bathurst and Yorkdowns,Mechanical,5.0,10.0,s/b,9148.0
2017-01-21,38,10:49:00,Saturday,Markham Road and Ellesmere Road,Mechanical,10.0,20.0,E/B,1085.0
2017-01-21,40,11:00:00,Saturday,Dundas w Stn,Mechanical,15.0,30.0,w/b,8041.0
2017-01-21,5,12:08:00,Saturday,Avenue Rd and Queenspark,Diversion,20.0,40.0,SB,1751.0
2017-01-21,43,12:13:00,Saturday,Kennedy Station,Mechanical,10.0,20.0,NB,7541.0
2017-01-21,196,12:29:00,Saturday,Downviews Station,Utilized Off Route,15.0,30.0,W,8191.0
2017-01-21,94,12:30:00,Saturday,West of Queens Park,General Delay,1.0,1.0,B/W,
2017-01-21,41,12:38:00,Saturday,Keele and Eglinton,Mechanical,7.0,15.0,S,1638.0
2017-01-21,16,12:44:00,Saturday,McCowan and Lawrence,Diversion,47.0,57.0,N,7734.0
2017-01-21,24,13:05:00,Saturday,steeles,Late Leaving Garage,8.0,16.0,s/b,7720.0
2017-01-21,196,13:06:00,Saturday,York U Commons,Mechanical,8.0,15.0,,8215.0
2017-01-21,104,13:06:00,Saturday,Banting /Sheppard,Investigation,15.0,30.0,S/B,8302.0
2017-01-21,84,13:16:00,Saturday,Sheppard / Gorman Park,Diversion,1.0,1.0,W,8491.0
2017-01-21,116,13:19:00,Saturday,Eglinton and Markham Rd.,Investigation,6.0,12.0,N,7699.0
2017-01-21,37,13:25:00,Saturday,Islignton Stn,Mechanical,13.0,26.0,n/b,8012.0
2017-01-21,161,13:26:00,Saturday,Ossington Station,Mechanical,15.0,30.0,E,1076.0
2017-01-21,64,13:30:00,Saturday,Warden and Ellesmere,Investigation,10.0,20.0,N/B,7700.0
2017-01-21,94,13:34:00,Saturday,Castlefrank Station,Utilized Off Route,13.0,26.0,W,7854.0
2017-01-21,29,13:35:00,Saturday,Dufferin and Glengrove,Mechanical,3.0,6.0,n,8345.0
2017-01-21,36,13:36:00,Saturday,Milvan Drive,Mechanical,4.0,8.0,W,8455.0
2017-01-21,81,13:38:00,Saturday,Pape Stn,Utilized Off Route,7.0,14.0,NB,8111.0
2017-01-21,25,13:40:00,Saturday,Pape Station,Utilized Off Route,8.0,16.0,NB,7437.0
2017-01-21,87,14:05:00,Saturday,Main Station,Mechanical,10.0,20.0,W,7796.0
2017-01-21,129,14:06:00,Saturday,Scarborough town center,Mechanical,7.0,14.0,N,1109.0
2017-01-21,33,14:40:00,Saturday,St Clair w stn,Mechanical,20.0,40.0,N/B,8393.0
2017-01-21,198,14:47:00,Saturday,UT Scarborough College Loop,Mechanical,10.0,20.0,S,7567.0
2017-01-21,32,14:55:00,Saturday,Eglinton / Weston,Mechanical,10.0,20.0,e,1416.0
2017-01-21,34,14:58:00,Saturday,Eglinton and Yonge,Investigation,18.0,36.0,W,7590.0
2017-01-21,79,15:25:00,Saturday,Pritchard and Castleton,Investigation,24.0,48.0,s/b,1044.0
2017-01-21,29,15:44:00,Saturday,Bloor and Dufferin,Utilized Off Route,3.0,6.0,,1347.0
2017-01-21,32,15:48:00,Saturday,Eglinton / Jane,Investigation,10.0,20.0,e,1387.0
2017-01-21,57,16:00:00,Saturday,Midland Route,General Delay,12.0,24.0,EB,7843.0
2017-01-21,21,16:00:00,Saturday,Brimley Route,General Delay,13.0,26.0,EB,7806.0
2017-01-21,24,16:00:00,Saturday,Steeles to Vic Park stn,General Delay,1.0,1.0,BW,
2017-01-21,134,16:03:00,Saturday,Scarborough town center,Mechanical,30.0,45.0,E,1201.0
2017-01-21,52,16:10:00,Saturday,Jane and Lawrence,Utilized Off Route,17.0,34.0,w/b,1615.0
2017-01-21,113,16:13:00,Saturday,Main stn,Mechanical,13.0,26.0,W/B,8167.0
2017-01-21,199,16:14:00,Saturday,STC,Mechanical,6.0,12.0,W/B,1739.0
2017-01-21,53,16:39:00,Saturday,Morningside and Staines,Mechanical,21.0,42.0,W,1139.0
2017-01-21,65,17:00:00,Saturday,Parliament route,General Delay,10.0,1.0,BW,
2017-01-21,89,17:25:00,Saturday,Keele / Dundas,Utilized Off Route,10.0,20.0,s,1001.0
2017-01-21,191,17:47:00,Saturday,Steeles Loop West of Martin Grove,Late Leaving Garage,10.0,20.0,S,8443.0
2017-01-21,168,18:25:00,Saturday,Dundas W Stn,Investigation,9.0,18.0,n/b,8051.0
2017-01-21,73,18:31:00,Saturday,Royal York Stn,Investigation,15.0,30.0,n/b,8049.0
2017-01-21,77,19:25:00,Saturday,80 hill / Coehill,Investigation,24.0,48.0,s,1066.0
2017-01-21,35,21:00:00,Saturday,Jane and Sheppard,Mechanical,6.0,12.0,s,8578.0
2017-01-21,116,21:20:00,Saturday,Kennedy Stn,Mechanical,10.0,20.0,NB,7473.0
2017-01-21,82,21:42:00,Saturday,SUMMERHILL,Mechanical,30.0,60.0,SB,8319.0
2017-01-21,75,21:58:00,Saturday,Summerhill anf Mclennan,Mechanical,30.0,60.0,SB,8319.0
2017-01-21,97,22:15:00,Saturday,Davisville Stn,Utilized Off Route,20.0,40.0,NB,1819.0
2017-01-21,11,22:19:00,Saturday,Davisville Stn,Utilized Off Route,22.0,46.0,NB,8189.0
2017-01-21,39,22:29:00,Saturday,NECR,Mechanical,8.0,16.0,WB,1217.0
2017-01-21,85,22:47:00,Saturday,Sheppard Stn,Mechanical,20.0,40.0,EB,1780.0
2017-01-21,85,22:59:00,Saturday,Don Mills Stn,Mechanical,20.0,40.0,EB,1777.0
2017-01-21,24,23:38:00,Saturday,Victoria Park Ave and Finch Ave East,Mechanical,10.0,20.0,NB,7790.0
2017-01-21,32,23:52:00,Saturday,Eglinton west station,Mechanical,20.0,40.0,e,1003.0
2017-01-21,45,23:57:00,Saturday,"On Kipling, at Eglinton",Mechanical,10.0,20.0,S,8433.0
2017-01-22,53,00:03:00,Sunday,Bayview and Steeles Ave,Diversion,57.0,67.0,WB,
2017-01-22,133,00:52:00,Sunday,NEILSON AND SHEPPARD,Mechanical,13.0,26.0,S,1130.0
2017-01-22,34,01:00:00,Sunday,Eglinton Stn,Mechanical,15.0,30.0,EB,7593.0
2017-01-22,102,01:03:00,Sunday,Markham & Lawrence,Mechanical,10.0,20.0,BW,7857.0
2017-01-22,36,01:26:00,Sunday,Humberwood loop,Mechanical,15.0,30.0,W/B,1335.0
2017-01-22,320,02:25:00,Sunday,Yonge & Belsize,Mechanical,4.0,7.0,N,7512.0
2017-01-22,329,02:30:00,Sunday,Transit road & Wilson stn,Mechanical,25.0,55.0,S,8354.0
2017-01-22,363,02:30:00,Sunday,Route 363,General Delay,22.0,52.0,BW,
2017-01-22,320,02:30:00,Sunday,Route 320,General Delay,12.0,16.0,W,
2017-01-22,300,02:36:00,Sunday,Bloor-Danforth,General Delay,30.0,60.0,BW,
2017-01-22,320,03:34:00,Sunday,Yonge & Sheldrake,Mechanical,4.0,7.0,N,1018.0
2017-01-22,365,03:35:00,Sunday,PARLIAMENT AND WINCHESTER,Mechanical,15.0,30.0,S,7708.0
2017-01-22,300,03:42:00,Sunday,BLOOR AND BATHURST,Utilized Off Route,30.0,60.0,E,8146.0
2017-01-22,325,04:24:00,Sunday,DonMills and Steels,Mechanical,30.0,60.0,SB,7483.0
2017-01-22,300,04:38:00,Sunday,Danforth Rd and Danforth Ave,Late Leaving Garage,30.0,60.0,WB,1535.0
2017-01-22,320,05:15:00,Sunday,Yonge & Bloor,Investigation,15.0,30.0,S,8365.0
2017-01-22,343,05:44:00,Sunday,Kennedy station,Investigation,30.0,60.0,S,7424.0
2017-01-22,94,07:16:00,Sunday,Ossigton Stn,Late Leaving Garage,13.0,26.0,EB,8151.0
2017-01-22,88,07:30:00,Sunday,Beth Nealson,Late Leaving Garage,20.0,40.0,W,1826.0
2017-01-22,124,07:35:00,Sunday,Bayview and Lawrence,Emergency Services,20.0,40.0,W,8338.0
2017-01-22,35,07:52:00,Sunday,Hullmar and Jane,Late Leaving Garage,12.0,24.0,N,8610.0
2017-01-22,162,07:55:00,Sunday,Donway East and Lawrence,Utilized Off Route,30.0,60.0,W,1675.0
2017-01-22,32,07:55:00,Sunday,Skymark/ Explorer,Late Leaving Garage,10.0,20.0,e,1413.0
2017-01-22,111,07:56:00,Sunday,Martingrove/Eglinton,Mechanical,26.0,41.0,n,7902.0
2017-01-22,29,07:56:00,Sunday,Princes Gates,Mechanical,8.0,18.0,n,9007.0
2017-01-22,92,07:57:00,Sunday,Woodbine stn,Late Leaving Garage,12.0,24.0,S/B,7871.0
2017-01-22,337,07:57:00,Sunday,Islington & Steels,Mechanical,20.0,40.0,N,7926.0
2017-01-22,127,07:57:00,Sunday,Townsley Loop,Late Leaving Garage,22.0,24.0,e,1002.0
2017-01-22,89,07:58:00,Sunday,Keele / Dundas,Utilized Off Route,10.0,20.0,n,1008.0
2017-01-22,195,08:25:00,Sunday,Jane and Steeles,Late Leaving Garage,10.0,20.0,S,8464.0
2017-01-22,35,09:17:00,Sunday,Jane and Hullmar,Late Leaving Garage,10.0,20.0,N,8527.0
2017-01-22,102,09:30:00,Sunday,Midland /Lawrence,Mechanical,10.0,20.0,w/b,7829.0
2017-01-22,123,09:37:00,Sunday,Horner / evans,Mechanical,20.0,40.0,n,8042.0
2017-01-22,54,09:38:00,Sunday,Orton Park and Brimorton,Mechanical,15.0,30.0,W/B,7567.0
2017-01-22,54,09:47:00,Sunday,Starspray loop,Mechanical,16.0,32.0,W/B,7583.0
2017-01-22,71,09:56:00,Sunday,Runnymede stn,Mechanical,14.0,28.0,n,1615.0
2017-01-22,94,09:59:00,Sunday,Castlefrank Stn,Mechanical,13.0,26.0,WB,7709.0
2017-01-22,89,10:10:00,Sunday,Keele stn,Utilized Off Route,10.0,20.0,n,1360.0
2017-01-22,94,10:19:00,Sunday,Wellesely Stn,Utilized Off Route,13.0,26.0,WB,8144.0
2017-01-22,60,10:30:00,Sunday,Route 60,General Delay,17.0,30.0,BW,
2017-01-22,89,11:10:00,Sunday,Weston and Ray Ave,Mechanical,10.0,20.0,N,1076.0
2017-01-22,7,11:30:00,Sunday,Bathurst at Wilson,Mechanical,5.0,10.0,n/b,8394.0
2017-01-22,125,11:56:00,Sunday,bathurst and antibies,Mechanical,15.0,30.0,W,1511.0
2017-01-22,23,11:58:00,Sunday,Main Station,Late Leaving Garage,10.0,20.0,N,8124.0
2017-01-22,29,12:02:00,Sunday,wilson Station,Mechanical,4.0,8.0,s,9036.0
2017-01-22,123,12:04:00,Sunday,Long Branch loop,Mechanical,20.0,40.0,n,8055.0
2017-01-22,62,12:08:00,Sunday,Broadview Station,Late Leaving Garage,15.0,30.0,E,7872.0
2017-01-22,29,12:13:00,Sunday,Wilson Station,Mechanical,4.0,8.0,Sb,9046.0
2017-01-22,94,12:20:00,Sunday,Castlefrank Stn,Mechanical,13.0,26.0,WB,8144.0
2017-01-22,41,14:06:00,Sunday,Founders and Steels,Mechanical,9.0,19.0,S,1043.0
2017-01-22,47,14:24:00,Sunday,Yorkdale stn,Mechanical,18.0,36.0,s/b,1612.0
2017-01-22,45,14:30:00,Sunday,Steeles Loop,Mechanical,9.0,18.0,s,8087.0
2017-01-22,41,14:58:00,Sunday,Weston and Rogers,Mechanical,10.0,20.0,S,1595.0
2017-01-22,74,15:15:00,Sunday,St. Clair and Cliffton,Mechanical,24.0,47.0,e/b,1689.0
2017-01-22,87,15:20:00,Sunday,Main stn,Mechanical,10.0,20.0,n/b,8145.0
2017-01-22,52,15:25:00,Sunday,Skyway,Mechanical,14.0,30.0,E,1616.0
2017-01-22,11,15:35:00,Sunday,Bayview / Steeles,Mechanical,30.0,60.0,s,1824.0
2017-01-22,37,15:36:00,Sunday,Woodbine Race Track,Investigation,12.0,24.0,n/b,7945.0
2017-01-22,199,15:44:00,Sunday,Pine way Drive and Finch,Investigation,8.0,16.0,W/B,1741.0
2017-01-22,196,15:46:00,Sunday,Downsview Stn,Mechanical,15.0,30.0,n/b,8315.0
2017-01-22,25,15:56:00,Sunday,PAPE @ MORTIMER,Mechanical,8.0,17.0,N,7460.0
2017-01-22,95,15:58:00,Sunday,Morningside road and Ellesmere,Investigation,17.0,34.0,W/B,1097.0
2017-01-22,24,16:13:00,Sunday,Victoria Park Station,Mechanical,8.0,16.0,NB,8168.0
2017-01-22,7,16:15:00,Sunday,Bathurst and Sheppard,Mechanical,8.0,15.0,n,9020.0
2017-01-22,65,16:20:00,Sunday,Castlefrank Station,Mechanical,15.0,30.0,S,8113.0
2017-01-22,94,16:36:00,Sunday,Castlefrank Station,Utilized Off Route,13.0,26.0,W,7765.0
2017-01-22,87,16:45:00,Sunday,Main Stn,Utilized Off Route,10.0,20.0,W,7817.0
2017-01-22,43,16:47:00,Sunday,KENNEDY AT MCNICOLL,Mechanical,10.0,20.0,S,7481.0
2017-01-22,24,16:58:00,Sunday,Victoria Park & St.Clair,Mechanical,8.0,16.0,BW,8118.0
2017-01-22,34,17:20:00,Sunday,Kennedy station,Mechanical,7.0,15.0,up,7413.0
2017-01-22,34,18:12:00,Sunday,Eglinton stn,Mechanical,2.0,36.0,up,7570.0
2017-01-22,195,18:15:00,Sunday,Jane and Woolner,Investigation,10.0,20.0,N,7978.0
2017-01-22,36,18:25:00,Sunday,FSTN - Finch Station,Mechanical,5.0,10.0,W,8530.0
2017-01-22,53,18:42:00,Sunday,Finch Station,Utilized Off Route,6.0,12.0,eb,1777.0
2017-01-22,85,18:59:00,Sunday,Palmdale on Sheppard,Mechanical,21.0,31.0,EB,1208.0
2017-01-22,89,19:00:00,Sunday,Weston and StClair,Emergency Services,10.0,20.0,n,1531.0
2017-01-22,52,19:02:00,Sunday,Royal York and Westway,Investigation,11.0,22.0,e,1027.0
2017-01-22,85,19:05:00,Sunday,Don Mills Station.,Mechanical,21.0,41.0,eb,1146.0
2017-01-22,123,19:25:00,Sunday,Kipling Station,Mechanical,30.0,60.0,S,8047.0
2017-01-22,52,19:40:00,Sunday,Caledonia and Lawrence,Diversion,26.0,11.0,w,1390.0
2017-01-22,36,19:47:00,Sunday,HWLP - Humberwod loop,Mechanical,7.0,14.0,E,8439.0
2017-01-22,11,19:50:00,Sunday,Sunnybrook hospital,Mechanical,12.0,24.0,S/B,8214.0
2017-01-22,94,20:30:00,Sunday,Ossington & Hepbourne,Mechanical,9.0,18.0,BW,8156.0
2017-01-22,88,20:50:00,Sunday,St Clair stn,Mechanical,20.0,40.0,E/B,8366.0
2017-01-22,11,21:15:00,Sunday,Heathcote/Bayview,Mechanical,10.0,20.0,S/B,1714.0
2017-01-22,112,21:26:00,Sunday,545 The West Mall,Emergency Services,24.0,48.0,N,7903.0
2017-01-22,39,22:45:00,Sunday,Alexmuir on Finch,Diversion,72.0,82.0,WB,1092.0
2017-01-22,24,22:49:00,Sunday,Victoria Park & Eqlinton Square,Mechanical,10.0,20.0,BW,8178.0
2017-01-22,85,22:59:00,Sunday,SHEPPARD AND KENNEDY,Diversion,84.0,104.0,E,1737.0
2017-01-22,98,23:05:00,Sunday,Northwood Dr and Willowdale Ave,Mechanical,30.0,60.0,NB,8369.0
2017-01-22,190,23:10:00,Sunday,Kennedy Rd and Sheppard Ave,Diversion,21.0,42.0,EB,7569.0
2017-01-23,37,00:34:00,Monday,Islington Station,Mechanical,30.0,60.0,N,7949.0
2017-01-23,113,00:52:00,Monday,Main Station,Mechanical,26.0,52.0,,7721.0
2017-01-23,16,00:59:00,Monday,Midland and Danforth,Mechanical,15.0,30.0,sb,8104.0
2017-01-23,87,01:05:00,Monday,Main Station,Utilized Off Route,10.0,20.0,,7822.0
2017-01-23,37,01:32:00,Monday,"On Islington, at Rowntree Mill Rd.",Diversion,57.0,87.0,B/W,
2017-01-23,39,01:33:00,Monday,FINCH AND KENNEDY,Utilized Off Route,9.0,18.0,E,1827.0
2017-01-23,337,01:45:00,Monday,Islington & Duncanwoods,Diversion,179.0,229.0,BW,
2017-01-23,300,04:39:00,Monday,KENN,Mechanical,30.0,60.0,W,7804.0
2017-01-23,45,04:55:00,Monday,Kipling stn,Mechanical,10.0,20.0,N,8424.0
2017-01-23,192,04:56:00,Monday,KIPLING STN,Mechanical,22.0,0.0,e/b,8009.0
2017-01-23,9,05:11:00,Monday,STC,Investigation,20.0,20.0,S,7741.0
2017-01-23,23,05:13:00,Monday,FERRIS/DAWES,Late Leaving Garage,18.0,18.0,N,7761.0
2017-01-23,87,05:15:00,Monday,BROADVIEW STATION,Investigation,5.0,10.0,E,7716.0
2017-01-23,17,05:20:00,Monday,GARAGE,Late Leaving Garage,0.0,0.0,S,7764.0
2017-01-23,39,05:30:00,Monday,Baldoon/Finch,Late Leaving Garage,5.0,10.0,e,1227.0
2017-01-23,97,05:45:00,Monday,Davisville Station,Late Leaving Garage,30.0,60.0,NB,8371.0
2017-01-23,85,05:49:00,Monday,Rough Hill Go Station,Late Leaving Garage,11.0,22.0,w,9061.0
2017-01-23,87,05:50:00,Monday,Broadview Stn,Mechanical,5.0,10.0,E,8167.0
2017-01-23,199,05:58:00,Monday,Malvern Garage,Late Leaving Garage,5.0,10.0,w,1118.0
2017-01-23,24,05:58:00,Monday,DANFORTH / VICTORIA PARK,Late Leaving Garage,5.0,10.0,N,7874.0
2017-01-23,169,06:00:00,Monday,Scarborough Town Center,Mechanical,30.0,50.0,W/B,8380.0
2017-01-23,97,06:06:00,Monday,Davisville Station,Late Leaving Garage,30.0,60.0,NB,8191.0
2017-01-23,36,06:09:00,Monday,Arrow garage,Late Leaving Garage,19.0,38.0,w,9119.0
2017-01-23,85,06:10:00,Monday,Meadowvale Loop,Late Leaving Garage,13.0,26.0,w,9070.0
2017-01-23,45,06:10:00,Monday,Kipling Stn,Mechanical,1.0,1.0,n,7915.0
2017-01-23,116,06:11:00,Monday,Morningside/Finch,Mechanical,6.0,12.0,NB,7597.0
2017-01-23,12,06:15:00,Monday,Victoria Park Stn.,Late Leaving Garage,11.0,23.0,E,8140.0
2017-01-23,29,06:18:00,Monday,Lansdown and Tycos,Mechanical,9.0,18.0,S,9044.0
2017-01-23,32,06:20:00,Monday,Eglinton Station,Mechanical,6.0,13.0,W/B,1379.0
2017-01-23,115,06:20:00,Monday,York Mills Station,Mechanical,1.0,1.0,E,1826.0
2017-01-23,83,06:23:00,Monday,Wheel Trans Office,Mechanical,12.0,24.0,n/b,7830.0
2017-01-23,44,06:24:00,Monday,Kipling Stn,Utilized Off Route,7.0,14.0,s,8017.0
2017-01-23,36,06:24:00,Monday,Dufferin,Mechanical,5.0,10.0,w,9128.0
2017-01-23,96,06:25:00,Monday,wilson / dubray,Mechanical,18.0,36.0,e,8609.0
2017-01-23,29,06:27:00,Monday,wilson station,Mechanical,8.0,18.0,s,9026.0
2017-01-23,199,06:27:00,Monday,Morningside/Nightstar,Late Leaving Garage,8.0,16.0,w,1401.0
2017-01-23,107,06:32:00,Monday,Downsview Stn,Mechanical,7.0,15.0,N/B,1672.0
2017-01-23,199,06:38:00,Monday,Finch Station,Late Leaving Garage,10.0,14.0,e,1080.0
2017-01-23,88,06:42:00,Monday,St.Clair Station,Utilized Off Route,12.0,24.0,E,1375.0
2017-01-23,29,06:50:00,Monday,Dufferin and Liberty,Investigation,4.0,8.0,s,9043.0
2017-01-23,87,06:50:00,Monday,Broadview stn,Utilized Off Route,5.0,10.0,N/B,7790.0
2017-01-23,131,06:53:00,Monday,Kennedy Station,Late Leaving Garage,8.0,16.0,B/W,1217.0
2017-01-23,102,06:57:00,Monday,Warden Stn,Late Leaving Garage,10.0,20.0,,
2017-01-23,144,07:08:00,Monday,Ness Dr and York Mills Rd,Late Leaving Garage,1.0,1.0,SB,7634.0
2017-01-23,37,07:10:00,Monday,Eglinton Ave W and Islington Ave,Mechanical,21.0,42.0,s/b,8082.0
2017-01-23,116,07:14:00,Monday,Kennedy Station,Mechanical,6.0,12.0,NB,7618.0
2017-01-23,102,07:15:00,Monday,Warden Stn,Utilized Off Route,10.0,20.0,NB,7876.0
2017-01-23,44,07:18:00,Monday,Kipling Stn,Mechanical,5.0,10.0,s,8092.0
2017-01-23,89,07:25:00,Monday,Weston / Victoria,Mechanical,5.0,10.0,n,1522.0
2017-01-23,37,07:31:00,Monday,Islington Station,Utilized Off Route,7.0,14.0,n/b,8021.0
2017-01-23,196,07:34:00,Monday,Downsview Stn,Mechanical,2.0,5.0,W/B,8332.0
2017-01-23,95,07:52:00,Monday,Ellesmere and Victoria pk,Mechanical,7.0,14.0,W,8345.0
2017-01-23,81,08:00:00,Monday,Pape\Oconnor,Diversion,5.0,10.0,N,8125.0
2017-01-23,89,08:07:00,Monday,Weston / Rogers,Investigation,5.0,10.0,n,1501.0
2017-01-23,25,08:09:00,Monday,Don Mills and Esterbrooke,Investigation,6.0,12.0,S/B,7432.0
2017-01-23,45,08:19:00,Monday,Kipling Stn,Mechanical,6.0,12.0,n,8012.0
2017-01-23,47,08:26:00,Monday,Lansdown and Brandon,Mechanical,18.0,36.0,sb,1611.0
2017-01-23,7,08:30:00,Monday,bathurst at Shallmar,Diversion,10.0,20.0,n,9041.0
2017-01-23,196,08:37:00,Monday,Downsview Stn,Utilized Off Route,3.0,5.0,n,1681.0
2017-01-23,39,08:43:00,Monday,Finch station,Mechanical,4.0,9.0,e,1401.0
2017-01-23,195,08:45:00,Monday,Jane and the 400 bridge,Investigation,8.0,16.0,N/b,8571.0
2017-01-23,196,08:52:00,Monday,Downsview Sn,Mechanical,3.0,5.0,n,8187.0
2017-01-23,87,08:54:00,Monday,Lumsden and West Lake,Mechanical,5.0,10.0,n/b,7873.0
2017-01-23,54,09:03:00,Monday,Lawarence ave Kennedy rd,Investigation,6.0,12.0,eb,7690.0
2017-01-23,80,09:14:00,Monday,High Park at Parkside,Investigation,24.0,51.0,s/b,8025.0
2017-01-23,63,09:55:00,Monday,Rogers and keele,Investigation,1.0,1.0,W/B,1649.0
2017-01-23,47,10:07:00,Monday,Yorkdale Station,Investigation,15.0,30.0,s,1661.0
2017-01-23,52,10:07:00,Monday,Law w stn,Mechanical,13.0,26.0,w,1253.0
2017-01-23,54,10:20:00,Monday,Lawrence Warden ave,Mechanical,6.0,12.0,wb,7531.0
2017-01-23,116,10:27:00,Monday,Kennedy station,Mechanical,10.0,20.0,NB,7558.0
2017-01-23,56,10:30:00,Monday,Eglinton and bayview,Mechanical,18.0,36.0,E,8206.0
2017-01-23,95,10:31:00,Monday,Scarborough college loop,Mechanical,15.0,30.0,W,1143.0
2017-01-23,186,10:32:00,Monday,humbercollege,Mechanical,11.0,22.0,e,8532.0
2017-01-23,29,10:35:00,Monday,Dufferin and Hunter,Mechanical,4.0,8.0,n,9003.0
2017-01-23,54,10:42:00,Monday,Eglinton Bayview,Mechanical,6.0,12.0,wb,7404.0
2017-01-23,29,10:48:00,Monday,Dufferin and Hunter,Mechanical,4.0,8.0,n,9010.0
2017-01-23,54,10:58:00,Monday,Eglinton Bayview,Investigation,6.0,12.0,wb,7404.0
2017-01-23,57,10:59:00,Monday,Kennedy Stn,Mechanical,12.0,24.0,N,7782.0
2017-01-23,41,11:03:00,Monday,Trewethey / Yore,Investigation,9.0,18.0,n,9138.0
2017-01-23,87,11:05:00,Monday,Main stn,Mechanical,10.0,20.0,n/b,7735.0
2017-01-23,86,11:10:00,Monday,Kennedy Station,Investigation,10.0,20.0,NB,7658.0
2017-01-23,54,11:28:00,Monday,Lawrence rt,Mechanical,6.0,12.0,EB,7570.0
2017-01-23,117,12:15:00,Monday,Steeles/Dufferin,Mechanical,20.0,40.0,e,1550.0
2017-01-23,196,12:30:00,Monday,Downsview stn.,Utilized Off Route,2.0,4.0,n,1829.0
2017-01-23,199,12:57:00,Monday,McCowan and Finch,Mechanical,4.0,8.0,W,1283.0
2017-01-23,6,13:45:00,Monday,Dupont/ Bedford,Mechanical,10.0,20.0,S,1619.0
2017-01-23,116,14:07:00,Monday,Kennedy station,Mechanical,10.0,20.0,NB,7562.0
2017-01-23,87,14:20:00,Monday,Broadview Station,Mechanical,10.0,20.0,E,7779.0
2017-01-23,104,14:29:00,Monday,Downsview stn,Mechanical,15.0,30.0,n,1371.0
2017-01-23,11,14:35:00,Monday,Steeles Loop,Mechanical,10.0,20.0,SB,8368.0
2017-01-23,102,14:35:00,Monday,Warden Stn,Mechanical,11.0,22.0,NB,7813.0
2017-01-23,12,14:43:00,Monday,Victoria Park Station,Late Leaving Garage,13.0,26.0,EB,7845.0
2017-01-23,100,14:45:00,Monday,Don Mills & Eglinton,Mechanical,6.0,11.0,dn,7513.0
2017-01-23,32,14:49:00,Monday,Eglinton Stn.,Late Leaving Garage,9.0,17.0,wb,1541.0
2017-01-23,95,14:49:00,Monday,Markham and Ellesmere Rd,Mechanical,15.0,30.0,WB,1142.0
2017-01-23,121,14:53:00,Monday,George and Esplanade,Investigation,15.0,30.0,W,7777.0
2017-01-23,6,14:53:00,Monday,Davenport and Yonge,Late Leaving Garage,1.0,11.0,S,1513.0
2017-01-23,109,14:59:00,Monday,Eglinton W Station,Late Leaving Garage,14.0,28.0,S,8322.0
2017-01-23,41,15:00:00,Monday,Entire Route,General Delay,15.0,25.0,B/W,
2017-01-23,34,15:00:00,Monday,Kennedy station,Late Leaving Garage,4.0,9.0,dn,7690.0
2017-01-23,126,15:02:00,Monday,Christie and Essext,Emergency Services,30.0,60.0,N,1639.0
2017-01-23,53,15:03:00,Monday,Bayview and Steeles at 303pm,Late Leaving Garage,4.0,15.0,EB,9068.0
2017-01-23,53,15:18:00,Monday,Pharmacy and Steeles,Mechanical,5.0,10.0,eb,1095.0
2017-01-23,12,15:24:00,Monday,Kennedy Station,Mechanical,13.0,26.0,WB,7717.0
2017-01-23,35,15:31:00,Monday,Jane at Bloor,Investigation,7.0,14.0,N,8527.0
2017-01-23,57,15:33:00,Monday,Midland and Steeles,Late Leaving Garage,12.0,24.0,SB,7832.0
2017-01-23,110,15:34:00,Monday,Islington & Judson,Investigation,24.0,48.0,E,8033.0
2017-01-23,37,15:48:00,Monday,Eglinton & Martin Grove,Mechanical,9.0,19.0,N,7961.0
2017-01-23,7,15:50:00,Monday,Village gate,Late Leaving Garage,8.0,16.0,S,9029.0
2017-01-23,65,15:53:00,Monday,650 Parliament on Parliament,Investigation,9.0,18.0,N,8135.0
2017-01-23,11,15:59:00,Monday,Davisville Stn,Utilized Off Route,7.0,15.0,n,1796.0
2017-01-23,23,16:00:00,Monday,Dawes route,General Delay,10.0,1.0,BW,
2017-01-23,65,16:00:00,Monday,Parliament route,General Delay,8.0,1.0,BW,
2017-01-23,41,16:04:00,Monday,York U Commons,Late Leaving Garage,14.0,29.0,S,1533.0
2017-01-23,95,16:04:00,Monday,Yorkmills Station,Mechanical,8.0,17.0,EB,1286.0
2017-01-23,50,16:10:00,Monday,mill Rd Loop,Mechanical,13.0,26.0,w/b,7967.0
2017-01-23,168,16:21:00,Monday,DUNDAS WEST STN,Mechanical,7.0,14.0,S/B,8053.0
2017-01-23,32,16:23:00,Monday,Emmitt Ave. & Hospital roadway,Utilized Off Route,8.0,16.0,eb,1010.0
2017-01-23,102,16:26:00,Monday,Lawrence,Mechanical,10.0,20.0,,8130.0
2017-01-23,16,16:32:00,Monday,Warden Station,Mechanical,9.0,18.0,sb,8118.0
2017-01-23,123,16:33:00,Monday,The Queensway at The Westmall,Investigation,16.0,36.0,s/b,7902.0
2017-01-23,102,16:35:00,Monday,Lawrence,Mechanical,10.0,20.0,NB,8106.0
2017-01-23,87,16:38:00,Monday,Broadview Station,Utilized Off Route,6.0,12.0,E,8145.0
2017-01-23,52,16:45:00,Monday,Royal York and Dixon,Mechanical,11.0,22.0,e/b,1564.0
2017-01-23,168,17:00:00,Monday,Osler and Davenport,Emergency Services,30.0,37.0,b/w,
2017-01-23,90,17:11:00,Monday,vaughn & Desmond,Mechanical,5.0,10.0,N,8372.0
2017-01-23,127,17:15:00,Monday,Osler and Davenport,Emergency Services,20.0,40.0,E,1412.0
2017-01-23,127,17:15:00,Monday,Osler and Davenport,Diversion,10.0,30.0,B/W,
2017-01-23,52,17:25:00,Monday,Airport T1,Emergency Services,11.0,16.0,e/b,1573.0
2017-01-23,60,17:27:00,Monday,Commons,Mechanical,7.0,14.0,W,1337.0
2017-01-23,60,17:35:00,Monday,Cactus Avenue,Mechanical,8.0,16.0,W,8609.0
2017-01-23,60,17:57:00,Monday,Finch Station,Emergency Services,7.0,14.0,W,8438.0
2017-01-23,63,17:58:00,Monday,Ossington and Dupont,Diversion,8.0,18.0,S/B,1034.0
2017-01-23,61,18:04:00,Monday,Bombay Loop,Mechanical,13.0,25.0,n,8382.0
2017-01-23,129,18:09:00,Monday,Scarborough town center RT Station,Mechanical,4.0,9.0,NB,1271.0
2017-01-23,199,18:14:00,Monday,Ravel and Finch,Investigation,4.0,12.0,W,1788.0
2017-01-23,168,18:15:00,Monday,Davenport Rd and Ford St,Diversion,25.0,35.0,BW,7943.0
2017-01-23,57,18:30:00,Monday,Steeles and Midland,Mechanical,8.0,16.0,SB,7878.0
2017-01-23,32,18:31:00,Monday,Emmet,Utilized Off Route,1.0,1.0,E,1408.0
2017-01-23,45,18:36:00,Monday,kipling/St George,Mechanical,7.0,15.0,s/b,7941.0
2017-01-23,42,18:40:00,Monday,Willowdale Av/Cummer Av,Diversion,42.0,52.0,WB,8355.0
2017-01-23,12,18:49:00,Monday,Victoria Park Station,Mechanical,20.0,40.0,WB,8167.0
2017-01-23,89,18:55:00,Monday,Keele Station,Investigation,8.0,15.0,N,1621.0
2017-01-23,42,19:03:00,Monday,Finch Station,Mechanical,20.0,40.0,Eb,1805.0
2017-01-23,54,19:19:00,Monday,ESTN,Mechanical,13.0,26.0,E,7700.0
2017-01-23,29,19:35:00,Monday,McCowan Road at Sheppard Avenue East,Investigation,6.0,12.0,NB,9074.0
2017-01-23,116,20:00:00,Monday,Kennedy station,Mechanical,10.0,20.0,eb,7686.0
2017-01-23,95,20:03:00,Monday,Scarborough College Loop - Military Trail,Utilized Off Route,14.0,29.0,WB,1721.0
2017-01-23,36,20:03:00,Monday,Finch / Driftwood,Investigation,8.0,15.0,E,9104.0
2017-01-23,116,20:05:00,Monday,Kennedy Station,Utilized Off Route,30.0,60.0,WB,7704.0
2017-01-23,29,20:20:00,Monday,Dufferin and Lawrence,Mechanical,6.0,12.0,s/b,9017.0
2017-01-23,45,21:15:00,Monday,Kipling/Eglinton,Investigation,9.0,18.0,s/b,8080.0
2017-01-23,67,21:20:00,Monday,Pharmacy/Ellsmere,Investigation,10.0,20.0,down,7609.0
2017-01-23,39,21:37:00,Monday,Finch Avenue East at Don Mills Road,Mechanical,16.0,0.0,EB,1129.0
2017-01-23,22,21:42:00,Monday,Coxwell/Eastern,Investigation,10.0,20.0,up,7701.0
2017-01-23,90,21:47:00,Monday,Vaughn/Rushton,Mechanical,10.0,20.0,n?b,1686.0
2017-01-23,73,22:41:00,Monday,Albion/hwy 27,Investigation,20.0,40.0,w/b,7970.0
2017-01-23,32,22:48:00,Monday,Eglinton West Station,Mechanical,10.0,20.0,E/B,1610.0
2017-01-23,76,23:20:00,Monday,Royal York stn,Utilized Off Route,10.0,20.0,n/b,8417.0
2017-01-23,95,23:43:00,Monday,ELLESMERE AND VICTORIA PARK,Investigation,10.0,20.0,E,1707.0
2017-01-23,82,23:50:00,Monday,Rosedale stn,Mechanical,30.0,60.0,s/b,8348.0
2017-01-23,95,23:56:00,Monday,ELLESMERE AND PHARMACY,Investigation,10.0,20.0,E,1282.0
2017-01-24,52,00:01:00,Tuesday,Lawrence Station,Mechanical,18.0,36.0,E/B,1601.0
2017-01-24,39,01:13:00,Tuesday,FINCH AND BRAHMS,Investigation,9.0,18.0,W,1211.0
2017-01-24,54,02:09:00,Tuesday,LAWRENCE AND LESLIE,Investigation,20.0,40.0,W,7622.0
2017-01-24,396,02:58:00,Tuesday,Wilson & jane,Investigation,10.0,40.0,E,8449.0
2017-01-24,352,03:32:00,Tuesday,Lawrence & Yonge,Investigation,15.0,45.0,E,1413.0
2017-01-24,171,04:29:00,Tuesday,Eglinton w & Weston,Mechanical,20.0,40.0,W,1416.0
2017-01-24,75,05:12:00,Tuesday,Bloor and Sherbourne,Late Leaving Garage,15.0,30.0,N,8389.0
2017-01-24,43,05:15:00,Tuesday,Eglinton yard,Mechanical,1.0,1.0,ob,7629.0
2017-01-24,25,05:20:00,Tuesday,Pape Station,Mechanical,10.0,20.0,NB,7604.0
2017-01-24,87,05:25:00,Tuesday,Broadview Station,Late Leaving Garage,5.0,10.0,EB,7815.0
2017-01-24,54,05:26:00,Tuesday,Lawrence ave Kingston rd,Mechanical,12.0,21.0,eb,7409.0
2017-01-24,199,05:34:00,Tuesday,Mccowan/Sheppard,Utilized Off Route,11.0,22.0,W,1275.0
2017-01-24,25,05:35:00,Tuesday,Eglonton Yard,Late Leaving Garage,1.0,1.0,ob,7609.0
2017-01-24,25,05:35:00,Tuesday,Eglinton Garage,Utilized Off Route,6.0,12.0,NB,7705.0
2017-01-24,39,05:37:00,Tuesday,Neilson/Crow Trail,Late Leaving Garage,5.0,7.0,W,1397.0
2017-01-24,25,05:37:00,Tuesday,Eglinton Garage,Utilized Off Route,6.0,12.0,NB,7566.0
2017-01-24,67,05:37:00,Tuesday,Crossland and Pharmacy,Mechanical,7.0,14.0,SB,7558.0
2017-01-24,185,05:38:00,Tuesday,Eglinton Garage,Utilized Off Route,8.0,16.0,NB,7527.0
2017-01-24,125,05:39:00,Tuesday,Bathurst and Antibies,Mechanical,18.0,18.0,E,8379.0
2017-01-24,34,05:43:00,Tuesday,Don Mills and Eglinton,Utilized Off Route,1.0,1.0,E,7645.0
2017-01-24,87,05:44:00,Tuesday,Main stn,Utilized Off Route,5.0,10.0,n/b,7854.0
2017-01-24,7,05:44:00,Tuesday,Bathurst and Wilson,Utilized Off Route,9.0,18.0,S,9010.0
2017-01-24,199,05:45:00,Tuesday,Don mills/Finch,Utilized Off Route,9.0,16.0,E,1710.0
2017-01-24,47,05:45:00,Tuesday,Queen St at Lansdowne,Utilized Off Route,11.0,22.0,N,1392.0
2017-01-24,35,05:45:00,Tuesday,Jane Stn,Utilized Off Route,10.0,20.0,N/b,8447.0
2017-01-24,95,05:47:00,Tuesday,Ellesmere/Morningside,Utilized Off Route,7.0,14.0,EB,1317.0
2017-01-24,76,05:47:00,Tuesday,QUEENSWAY GARAGE,Utilized Off Route,4.0,8.0,N/B,7939.0
2017-01-24,165,05:47:00,Tuesday,yorkmills stn,Mechanical,12.0,24.0,w,8609.0
2017-01-24,36,05:47:00,Tuesday,Finch stn,Utilized Off Route,22.0,44.0,WB,9126.0
2017-01-24,53,05:48:00,Tuesday,Morningside and Staines,Late Leaving Garage,7.0,20.0,wb,9093.0
2017-01-24,6,05:49:00,Tuesday,Bedford and Davenport,Utilized Off Route,8.0,16.0,s,1625.0
2017-01-24,53,05:50:00,Tuesday,Passmore and Markham Rd,Utilized Off Route,4.0,9.0,wb,1212.0
2017-01-24,53,05:50:00,Tuesday,Passmore and Markham,Late Leaving Garage,4.0,9.0,wb,1212.0
2017-01-24,84,05:50:00,Tuesday,sheppard Stn,Utilized Off Route,12.0,24.0,WB,8476.0
2017-01-24,100,05:51:00,Tuesday,Eglinton Yard,Utilized Off Route,1.0,1.0,EB,7599.0
2017-01-24,29,05:51:00,Tuesday,Wilson Station,Utilized Off Route,4.0,7.0,S,9012.0
2017-01-24,24,05:52:00,Tuesday,Danforth ave and Victoria Park,Utilized Off Route,6.0,12.0,NB,8109.0
2017-01-24,89,05:52:00,Tuesday,Keele stn,Utilized Off Route,10.0,20.0,n,1653.0
2017-01-24,113,05:53:00,Tuesday,Main Station,Investigation,13.0,26.0,NB,7846.0
2017-01-24,85,05:53:00,Tuesday,Don Mills Stn,Utilized Off Route,7.0,12.0,E,9060.0
2017-01-24,100,05:53:00,Tuesday,Eglinton yard,Utilized Off Route,1.0,1.0,EB,7652.0
2017-01-24,95,05:53:00,Tuesday,Scarborough UFT College Loop,Utilized Off Route,10.0,20.0,WB,1088.0
2017-01-24,63,05:54:00,Tuesday,Liberty St,Utilized Off Route,12.0,24.0,N,1615.0
2017-01-24,60,05:55:00,Tuesday,Steeles Loop and Martin Grove,Utilized Off Route,10.0,25.0,E,7917.0
2017-01-24,116,05:55:00,Tuesday,Kennedy Stn,Utilized Off Route,1.0,1.0,E,7495.0
2017-01-24,110,05:55:00,Tuesday,ISLINGTON STN,Utilized Off Route,10.0,20.0,N/B,8049.0
2017-01-24,68,05:56:00,Tuesday,Warden stn,Utilized Off Route,5.0,10.0,nb,7428.0
2017-01-24,85,05:57:00,Tuesday,Meadowvale Loop,Utilized Off Route,7.0,13.0,W,9085.0
2017-01-24,106,05:59:00,Tuesday,Commons,Utilized Off Route,10.0,20.0,SB,7918.0
2017-01-24,60,06:00:00,Tuesday,Finch Station,Utilized Off Route,10.0,20.0,E,8591.0
2017-01-24,191,06:00:00,Tuesday,Royal crest,Utilized Off Route,6.0,12.0,SB,7946.0
2017-01-24,195,06:00:00,Tuesday,Jane And Steeles,Utilized Off Route,13.0,26.0,S/b,7968.0
2017-01-24,131,06:00:00,Tuesday,Scarborough Town Center,Utilized Off Route,7.0,14.0,WB,1703.0
2017-01-24,30,06:00:00,Tuesday,High Park station,Utilized Off Route,20.0,40.0,W,8062.0
2017-01-24,26,06:00:00,Tuesday,St. Geoge Station,Utilized Off Route,20.0,40.0,W,1017.0
2017-01-24,73,06:00:00,Tuesday,QUEENSWAY GARAGE,Utilized Off Route,15.0,30.0,N/B,7971.0
2017-01-24,73,06:00:00,Tuesday,ROYAL YORK STN,Utilized Off Route,15.0,30.0,N/B,8402.0
2017-01-24,111,06:00:00,Tuesday,KIPLING STN,Utilized Off Route,10.0,20.0,N/B,7900.0
2017-01-24,17,06:01:00,Tuesday,warden stn,Utilized Off Route,7.0,14.0,nb,7735.0
2017-01-24,41,06:01:00,Tuesday,Keele stn,Utilized Off Route,11.0,22.0,n,1591.0
2017-01-24,34,06:03:00,Tuesday,Eglinton Yard,Utilized Off Route,1.0,1.0,EB,7579.0
2017-01-24,161,06:03:00,Tuesday,lambton / Jane,Utilized Off Route,11.0,22.0,e,1526.0
2017-01-24,112,06:03:00,Tuesday,KIPLING STN,Utilized Off Route,13.0,28.0,N/B,8034.0
2017-01-24,32,06:04:00,Tuesday,Eglinton Station,Utilized Off Route,9.0,18.0,W,1410.0
2017-01-24,85,06:05:00,Tuesday,Malvern Gate,Mechanical,8.0,18.0,W,9078.0
2017-01-24,87,06:05:00,Tuesday,main stn,Utilized Off Route,5.0,10.0,n/b,7828.0
2017-01-24,39,06:05:00,Tuesday,Finch Station,Utilized Off Route,5.0,20.0,E,1219.0
2017-01-24,36,06:05:00,Tuesday,Finch stn,Utilized Off Route,6.0,12.0,WB,9104.0
2017-01-24,43,06:05:00,Tuesday,Kennedy stn,Utilized Off Route,10.0,20.0,nb,7426.0
2017-01-24,190,06:06:00,Tuesday,Eglinton Garage,Utilized Off Route,5.0,10.0,WB,7609.0
2017-01-24,54,06:06:00,Tuesday,Lawrence Scarbough Golf Club rd,Utilized Off Route,9.0,18.0,eb,7693.0
2017-01-24,61,06:06:00,Tuesday,Eglinton Station,Utilized Off Route,11.0,24.0,N,8382.0
2017-01-24,79,06:07:00,Tuesday,Pine,Utilized Off Route,17.0,28.0,s,1395.0
2017-01-24,22,06:07:00,Tuesday,Coxwell Station,Utilized Off Route,10.0,20.0,SB,7435.0
2017-01-24,96,06:07:00,Tuesday,yorkmills stn,Utilized Off Route,18.0,26.0,w,8538.0
2017-01-24,24,06:07:00,Tuesday,Victoria Park Station,Utilized Off Route,9.0,18.0,NB,7853.0
2017-01-24,56,06:08:00,Tuesday,Donlands station,Utilized Off Route,12.0,24.0,N,1682.0
2017-01-24,122,06:08:00,Tuesday,Fenelon Dr. Loop,Utilized Off Route,10.0,20.0,S,1668.0
2017-01-24,53,06:08:00,Tuesday,Passmore and Markham Rd,Utilized Off Route,5.0,10.0,wb,1203.0
2017-01-24,102,06:10:00,Tuesday,warden stn,Utilized Off Route,20.0,40.0,nb,8142.0
2017-01-24,807,06:10:00,Tuesday,Malvern Garage,Utilized Off Route,0.0,0.0,E,9057.0
2017-01-24,90,06:10:00,Tuesday,Oakwood and Vaughan,Utilized Off Route,5.0,10.0,s/b,1676.0
2017-01-24,807,06:10:00,Tuesday,Malvern Garage,Utilized Off Route,0.0,0.0,E,9094.0
2017-01-24,190,06:11:00,Tuesday,Eglinton Yard,Late Leaving Garage,1.0,1.0,ob,7609.0
2017-01-24,94,06:12:00,Tuesday,Castlefrank Station,Utilized Off Route,13.0,26.0,WB,8105.0
2017-01-24,165,06:12:00,Tuesday,yorkmills stn,Utilized Off Route,12.0,18.0,w,8532.0
2017-01-24,29,06:13:00,Tuesday,Princess Gate,Utilized Off Route,4.0,7.0,N,9006.0
2017-01-24,144,06:13:00,Tuesday,Eglinton Yard,Investigation,1.0,1.0,,7624.0
2017-01-24,63,06:14:00,Tuesday,Eglinton West station,Utilized Off Route,4.0,8.0,S,1384.0
2017-01-24,12,06:15:00,Tuesday,Victoria Park Station,Late Leaving Garage,11.0,23.0,SB,8144.0
2017-01-24,81,06:15:00,Tuesday,pape stn,Utilized Off Route,5.0,10.0,n/b,7819.0
2017-01-24,37,06:15:00,Tuesday,ISLINGTON STN,Utilized Off Route,7.0,14.0,N/B,7964.0
2017-01-24,42,06:17:00,Tuesday,Kennedy Loop,Utilized Off Route,25.0,49.0,W,1801.0
2017-01-24,53,06:17:00,Tuesday,Finch Station,Late Leaving Garage,13.0,26.0,eb,9090.0
2017-01-24,41,06:17:00,Tuesday,Keele stn,Utilized Off Route,15.0,30.0,n,1233.0
2017-01-24,53,06:18:00,Tuesday,Finch Station,Late Leaving Garage,13.0,26.0,eb,9061.0
2017-01-24,116,06:19:00,Tuesday,Kennedy Stn,Utilized Off Route,1.0,1.0,E,7462.0
2017-01-24,45,06:20:00,Tuesday,Kipling station,Utilized Off Route,22.0,30.0,N,8431.0
2017-01-24,75,06:23:00,Tuesday,Sherbourne and Bloor,Utilized Off Route,9.0,18.0,n/b,1344.0
2017-01-24,85,06:23:00,Tuesday,Meadowvale Loop,Utilized Off Route,7.0,13.0,W,9079.0
2017-01-24,54,06:27:00,Tuesday,Eglinton yard,Utilized Off Route,4.0,9.0,eb,7662.0
2017-01-24,199,06:28:00,Tuesday,Finch Station,Utilized Off Route,10.0,20.0,E,1114.0
2017-01-24,199,06:28:00,Tuesday,Malvern Garage,Mechanical,4.0,9.0,E,1085.0
2017-01-24,29,06:29:00,Tuesday,Princess Gate,Utilized Off Route,3.0,7.0,N,9025.0
2017-01-24,32,06:30:00,Tuesday,Keele St on Eglinton Ave W,Late Leaving Garage,5.0,10.0,E,1614.0
2017-01-24,53,06:35:00,Tuesday,Passmore and Markham Rd,Late Leaving Garage,5.0,11.0,eb,1707.0
2017-01-24,88,06:36:00,Tuesday,St. Clair Stn.,Utilized Off Route,6.0,12.0,E,1363.0
2017-01-24,42,06:37:00,Tuesday,McNicoll and Victoria Park,Utilized Off Route,13.0,21.0,W,1579.0
2017-01-24,53,06:39:00,Tuesday,Passmore and Markham Rd,Late Leaving Garage,13.0,26.0,wb,9058.0
2017-01-24,67,06:40:00,Tuesday,Pharmacy ave Nancy ave,Diversion,1.0,1.0,bw,7489.0
2017-01-24,35,06:40:00,Tuesday,Jane Stn,Utilized Off Route,4.0,8.0,S/b,8440.0
2017-01-24,199,06:42:00,Tuesday,Finch Station,Utilized Off Route,4.0,11.0,E,1293.0
2017-01-24,199,06:45:00,Tuesday,Linus/Finch,Mechanical,7.0,14.0,E,1786.0
2017-01-24,26,06:46:00,Tuesday,Jane station,Utilized Off Route,16.0,32.0,E,1359.0
2017-01-24,196,06:48:00,Tuesday,Commons,Utilized Off Route,10.0,18.0,E/B,8327.0
2017-01-24,131,06:56:00,Tuesday,Scarborough Town Center,Late Leaving Garage,8.0,16.0,WB,1280.0
2017-01-24,190,06:59:00,Tuesday,Sheppard and Parkway Forest,Diversion,1.0,1.0,EB,
2017-01-24,39,07:01:00,Tuesday,Malvern Garage,Late Leaving Garage,0.0,0.0,E,1785.0
2017-01-24,195,07:01:00,Tuesday,Jane and Steeles,Late Leaving Garage,9.0,18.0,S/b,8534.0
2017-01-24,53,07:05:00,Tuesday,Finch Station,Mechanical,13.0,26.0,eb,9075.0
2017-01-24,55,07:10:00,Tuesday,Old Dundas at Dundas,Late Leaving Garage,15.0,30.0,S,1590.0
2017-01-24,44,07:22:00,Tuesday,Col Sam Smith park,Mechanical,5.0,11.0,N,8401.0
2017-01-24,25,07:24:00,Tuesday,Don Mils Station,Mechanical,5.0,10.0,NB,7697.0
2017-01-24,134,07:58:00,Tuesday,CECOL Loop,Utilized Off Route,5.0,10.0,eb,1091.0
2017-01-24,161,08:02:00,Tuesday,Ossington stn,Mechanical,11.0,22.0,w,1526.0
2017-01-24,198,08:18:00,Tuesday,Scar. UT Loop,Mechanical,10.0,20.0,S,7449.0
2017-01-24,129,08:25:00,Tuesday,Scarborough Town Center,Utilized Off Route,5.0,10.0,NB,1112.0
2017-01-24,89,08:26:00,Tuesday,Keele stn,Utilized Off Route,4.0,9.0,w,1653.0
2017-01-24,54,08:32:00,Tuesday,Lawrence ave Markham rd,Mechanical,6.0,12.0,eb,7613.0
2017-01-24,36,08:36:00,Tuesday,Arrow Rd & Finch,Mechanical,6.0,11.0,EB,9128.0
2017-01-24,110,08:45:00,Tuesday,HORNER AND 30TH STREET,Diversion,47.0,27.0,b/w,
2017-01-24,52,08:47:00,Tuesday,Lawrence stn,Mechanical,12.0,18.0,w,1585.0
2017-01-24,46,08:48:00,Tuesday,Martin Grove & Albion,Mechanical,14.0,26.0,SB,8519.0
2017-01-24,24,08:57:00,Tuesday,Victoria Park and Consumers rd,Utilized Off Route,8.0,16.0,NB,7865.0
2017-01-24,74,09:09:00,Tuesday,St. Clair Stn,Mechanical,22.0,39.0,N,8306.0
2017-01-24,29,09:42:00,Tuesday,Dufferin and Eglinton,Mechanical,4.0,7.0,S,9022.0
2017-01-24,79,09:43:00,Tuesday,Pine and Lawrence,Mechanical,10.0,20.0,s,1000.0
2017-01-24,95,09:49:00,Tuesday,Sheppard/Grand Marshall Dr.,Mechanical,7.0,14.0,EB,1709.0
2017-01-24,29,10:28:00,Tuesday,Wilson Ave and Transit Rd,Investigation,4.0,7.0,N,9008.0
2017-01-24,11,10:39:00,Tuesday,Sunnybrook hospital,Mechanical,15.0,30.0,s?b,8371.0
2017-01-24,36,10:45:00,Tuesday,Humberwood Loop,Mechanical,6.0,11.0,EB,9116.0
2017-01-24,124,11:26:00,Tuesday,Sunnybrook Hospital,Mechanical,8.0,16.0,W,1806.0
2017-01-24,97,11:35:00,Tuesday,Moore Park and Hilda,Diversion,32.0,62.0,N,1679.0
2017-01-24,85,12:03:00,Tuesday,Sheppard & Aragon,Mechanical,9.0,26.0,E,9101.0
2017-01-24,188,12:06:00,Tuesday,Col Sam Smith loop,Mechanical,8.0,15.0,N,8078.0
2017-01-24,67,12:20:00,Tuesday,Victoria Park Station,Mechanical,10.0,20.0,Nb,7501.0
2017-01-24,54,12:23:00,Tuesday,Eglinton stn,Mechanical,6.0,12.0,eb,7482.0
2017-01-24,46,12:30:00,Tuesday,Martin Grove & Belfield,Diversion,1.0,1.0,NB,8456.0
2017-01-24,45,12:30:00,Tuesday,Martingrove/Belfield,Diversion,0.0,0.0,S,7945.0
2017-01-24,53,12:39:00,Tuesday,Townsend on Steels,Mechanical,5.0,10.0,WB,1781.0
2017-01-24,12,13:19:00,Tuesday,Fermoy and St.Clair,Mechanical,20.0,40.0,WB,8114.0
2017-01-24,54,13:32:00,Tuesday,Eglinton stn,Mechanical,6.0,12.0,eb,7418.0
2017-01-24,64,14:08:00,Tuesday,Kingston road on Main Str,Mechanical,8.0,16.0,N,7832.0
2017-01-24,41,14:08:00,Tuesday,Commons,Late Leaving Garage,14.0,14.0,SB,1000.0
2017-01-24,165,14:28:00,Tuesday,York Mills Stn.,Late Leaving Garage,16.0,24.0,W,8560.0
2017-01-24,41,14:30:00,Tuesday,Entire route,General Delay,10.0,15.0,BW,
2017-01-24,102,14:30:00,Tuesday,on route,General Delay,10.0,1.0,bw,
2017-01-24,26,14:34:00,Tuesday,St. George Stn,Emergency Services,20.0,34.0,E,1054.0
2017-01-24,41,14:34:00,Tuesday,Commons,Utilized Off Route,9.0,18.0,SB,9140.0
2017-01-24,65,14:36:00,Tuesday,Main Station,Late Leaving Garage,9.0,18.0,S,8121.0
2017-01-24,160,14:36:00,Tuesday,Bathurst and Steeles,Mechanical,21.0,46.0,n/b,1817.0
2017-01-24,87,14:37:00,Tuesday,Main Station,Utilized Off Route,10.0,20.0,W,7810.0
2017-01-24,41,14:51:00,Tuesday,Commons,Late Leaving Garage,14.0,29.0,sb,9151.0
2017-01-24,53,14:55:00,Tuesday,Morningside and Staines,Mechanical,15.0,30.0,wb,9078.0
2017-01-24,53,14:56:00,Tuesday,Brebeuf-Steeles,Late Leaving Garage,4.0,4.0,eb,1136.0
2017-01-24,5,15:00:00,Tuesday,Bloor to Eglinton Stn,General Delay,18.0,25.0,b,
2017-01-24,11,15:00:00,Tuesday,Eglinton Stn to Wilson Ave,General Delay,18.0,20.0,b,
2017-01-24,84,15:03:00,Tuesday,Starview and Weston,Investigation,3.0,3.0,,1664.0
2017-01-24,102,15:03:00,Tuesday,centennial college,Late Leaving Garage,1.0,5.0,sb,8163.0
2017-01-24,102,15:03:00,Tuesday,centennial college,Late Leaving Garage,1.0,5.0,sb,8163.0
2017-01-24,24,15:08:00,Tuesday,Victoria Park Station,Late Leaving Garage,8.0,16.0,NB,8107.0
2017-01-24,195,15:15:00,Tuesday,Jane Station,Late Leaving Garage,10.0,20.0,,8462.0
2017-01-24,17,15:17:00,Tuesday,warden stn,Mechanical,8.0,16.0,nb,7753.0
2017-01-24,34,15:21:00,Tuesday,Eglinton Garage,Late Leaving Garage,4.0,8.0,,7419.0
2017-01-24,165,15:25:00,Tuesday,Weston and Bradstock,Investigation,16.0,24.0,N,8449.0
2017-01-24,24,15:34:00,Tuesday,Victoria Park Station,Late Leaving Garage,9.0,17.0,NB,8103.0
2017-01-24,53,15:40:00,Tuesday,Morningside and Staines,Late Leaving Garage,15.0,30.0,wb,9091.0
2017-01-24,190,15:40:00,Tuesday,STC,Late Leaving Garage,4.0,9.0,w,7601.0
2017-01-24,23,15:44:00,Tuesday,Main Station,Mechanical,7.0,14.0,N,7726.0
2017-01-24,47,15:45:00,Tuesday,Caledonia and St. Clair West,Diversion,88.0,101.0,b/w,
2017-01-24,47,15:45:00,Tuesday,Caledonia and St.Clair,Emergency Services,13.0,26.0,S,1622.0
2017-01-24,47,15:45:00,Tuesday,Caledonia and St. Clair,Emergency Services,13.0,26.0,N,1657.0
2017-01-24,63,15:50:00,Tuesday,Eg. West Stn,Utilized Off Route,10.0,20.0,S,1582.0
2017-01-24,124,15:56:00,Tuesday,Lawrence Station,Mechanical,7.0,14.0,WB,1534.0
2017-01-24,11,15:59:00,Tuesday,Davisville stn,Utilized Off Route,7.0,15.0,n,1355.0
2017-01-24,24,15:59:00,Tuesday,Victoria Park Station,Mechanical,8.0,17.0,BW,8184.0
2017-01-24,86,16:04:00,Tuesday,Kingston/Meadowvale,Emergency Services,8.0,16.0,SB,7440.0
2017-01-24,57,16:07:00,Tuesday,Finch and Midland,Mechanical,8.0,16.0,NB,8167.0
2017-01-24,23,16:30:00,Tuesday,Dawes route,General Delay,12.0,1.0,BW,
2017-01-24,121,16:30:00,Tuesday,Fortyork Route,General Delay,20.0,1.0,BW,
2017-01-24,92,16:30:00,Tuesday,Woodbine south route,General Delay,10.0,1.0,BW,
2017-01-24,86,16:41:00,Tuesday,Kingston,General Delay,15.0,23.0,BW,
2017-01-24,86,16:41:00,Tuesday,Kingston/Meadowvale,Diversion,88.0,96.0,BW,
2017-01-24,63,16:50:00,Tuesday,Oakwood and Clovely,Investigation,10.0,20.0,N,1048.0
2017-01-24,24,16:54:00,Tuesday,Sheppard & Victoria Park,Mechanical,9.0,17.0,NB,7863.0
2017-01-24,53,16:54:00,Tuesday,Red Lea Av-Steeles Av,Investigation,15.0,30.0,eb,9079.0
2017-01-24,63,17:00:00,Tuesday,Oakwood and St. Clair,Mechanical,10.0,20.0,N,1072.0
2017-01-24,70,17:10:00,Tuesday,Oconner and Victoria pk,Mechanical,10.0,20.0,up,7533.0
2017-01-24,36,17:26:00,Tuesday,Jane / Finch,Investigation,6.0,12.0,E,9104.0
2017-01-24,87,17:27:00,Tuesday,Main Station,Utilized Off Route,6.0,12.0,N,7799.0
2017-01-24,36,17:35:00,Tuesday,Milvan / Toryork,Mechanical,12.0,24.0,E,8609.0
2017-01-24,21,18:05:00,Tuesday,Brimlay and Sheppard,Investigation,9.0,18.0,NB,7722.0
2017-01-24,39,18:20:00,Tuesday,Warden and Finch,Mechanical,12.0,15.0,E,1742.0
2017-01-24,95,18:22:00,Tuesday,Markham on Ellesmere,General Delay,8.0,16.0,BW,1827.0
2017-01-24,95,18:40:00,Tuesday,York Mills Stn,Mechanical,9.0,18.0,EB,1737.0
2017-01-24,95,18:50:00,Tuesday,York Mills Stn,Utilized Off Route,9.0,17.0,EB,1737.0
2017-01-24,33,18:57:00,Tuesday,Chaplin,Investigation,20.0,40.0,s/b,1810.0
2017-01-24,53,19:03:00,Tuesday,Passmore and Markham Rd,Mechanical,5.0,9.0,EB,1369.0
2017-01-24,96,19:10:00,Tuesday,Wislon and Keele,Emergency Services,22.0,44.0,W,1302.0
2017-01-24,75,19:14:00,Tuesday,Queens Quay E and Jarvis,Investigation,6.0,12.0,n/b,8396.0
2017-01-24,39,19:14:00,Tuesday,Bayview and Finch,Mechanical,3.0,7.0,W,1081.0
2017-01-24,34,19:24:00,Tuesday,Eglinton Station,Mechanical,4.0,8.0,EB,7639.0
2017-01-24,63,19:40:00,Tuesday,Oakwood and Davenport,Diversion,165.0,185.0,S/B,1641.0
2017-01-24,24,19:41:00,Tuesday,Lawrence & Victoria Park,Diversion,9.0,18.0,BW,7760.0
2017-01-24,127,19:45:00,Tuesday,Oakwood and Davenport,Diversion,170.0,204.0,BW,1529.0
2017-01-24,84,20:27:00,Tuesday,Sheppard and Jane,Mechanical,9.0,18.0,E,8599.0
2017-01-24,133,20:53:00,Tuesday,STC,Mechanical,9.0,18.0,EB,1774.0
2017-01-24,132,21:19:00,Tuesday,STC,Investigation,23.0,46.0,E,1142.0
2017-01-24,63,22:40:00,Tuesday,East Liberty and Atlantic,Mechanical,10.0,20.0,S/B,1582.0
2017-01-25,45,00:25:00,Wednesday,Kipling stn,Mechanical,10.0,20.0,S/B,8056.0
2017-01-25,35,05:34:00,Wednesday,Jane and Sheppard,Investigation,13.0,26.0,N/b,8475.0
2017-01-25,7,05:38:00,Wednesday,Bathurst and Wilson,Late Leaving Garage,9.0,18.0,S,9043.0
2017-01-25,86,05:41:00,Wednesday,Kennedy Stn,Mechanical,10.0,20.0,E,7408.0
2017-01-25,35,05:46:00,Wednesday,Jane Stn,Late Leaving Garage,10.0,20.0,N/b,8605.0
2017-01-25,25,05:47:00,Wednesday,Freshmeadow and Don Mills,Mechanical,7.0,14.0,NB,7500.0
2017-01-25,12,05:47:00,Wednesday,Victoria Park Stn,Mechanical,11.0,23.0,E,8122.0
2017-01-25,133,05:55:00,Wednesday,Morningside/Finch,Late Leaving Garage,10.0,20.0,W,1328.0
2017-01-25,95,06:00:00,Wednesday,Wilson Garage,Late Leaving Garage,7.0,14.0,WB,8349.0
2017-01-25,53,06:02:00,Wednesday,Morningside/Finch,Late Leaving Garage,7.0,20.0,W,9101.0
2017-01-25,90,06:03:00,Wednesday,St.Clair,Late Leaving Garage,7.0,15.0,n/b,1363.0
2017-01-25,53,06:05:00,Wednesday,Morningside/Finch,Utilized Off Route,5.0,10.0,W,1218.0
2017-01-25,53,06:11:00,Wednesday,Markham/Passmore,Late Leaving Garage,3.0,5.0,W,9074.0
2017-01-25,122,06:14:00,Wednesday,Roywood and Underpass,Mechanical,12.0,24.0,W,1824.0
2017-01-25,17,06:19:00,Wednesday,warden stn,Late Leaving Garage,8.0,16.0,nb,8132.0
2017-01-25,32,06:23:00,Wednesday,Eglinton Ave W at Keele St,Late Leaving Garage,3.0,6.0,E,1638.0
2017-01-25,24,06:24:00,Wednesday,STEELES,Late Leaving Garage,0.0,0.0,S,8163.0
2017-01-25,190,06:31:00,Wednesday,STC,Mechanical,5.0,10.0,WB,7697.0
2017-01-25,29,06:36:00,Wednesday,Tycos,Mechanical,5.0,10.0,S,9003.0
2017-01-25,92,06:36:00,Wednesday,Woodbine Station,Late Leaving Garage,9.0,18.0,SB,8120.0
2017-01-25,42,06:40:00,Wednesday,Willowdale and Cummer,Mechanical,25.0,50.0,EB,1687.0
2017-01-25,107,06:47:00,Wednesday,Bowes Rd and Rivermead,Mechanical,8.0,0.0,N/B,8378.0
2017-01-25,199,06:47:00,Wednesday,Scar Town Centre Station,Mechanical,8.0,11.0,W,1715.0
2017-01-25,52,06:50:00,Wednesday,Dixon and Martin Grove,Diversion,32.0,44.0,e,1584.0
2017-01-25,117,06:50:00,Wednesday,Downsview Stn,Mechanical,10.0,20.0,N/B,1812.0
2017-01-25,95,06:51:00,Wednesday,Malvern Garage,Late Leaving Garage,7.0,14.0,WB,1140.0
2017-01-25,7,06:57:00,Wednesday,Village gate and Steeles,Late Leaving Garage,8.0,15.0,s/b,9047.0
2017-01-25,29,07:00:00,Wednesday,Princes gates,General Delay,1.0,1.0,N,
2017-01-25,53,07:02:00,Wednesday,Markham/Passmore,Mechanical,13.0,26.0,W,9064.0
2017-01-25,34,07:05:00,Wednesday,Thermos Rd. and Eglinton,Mechanical,4.0,8.0,wb,7460.0
2017-01-25,60,07:05:00,Wednesday,Finch Station,Late Leaving Garage,7.0,15.0,wb,8540.0
2017-01-25,37,07:06:00,Wednesday,Islington Stn,Mechanical,7.0,14.0,n,8084.0
2017-01-25,24,07:20:00,Wednesday,VICTORIA PARK / STEELES,Investigation,10.0,20.0,S,7851.0
2017-01-25,134,07:21:00,Wednesday,STC,Late Leaving Garage,6.0,12.0,N,9054.0
2017-01-25,191,07:25:00,Wednesday,Humber College,Mechanical,6.0,12.0,Nb,8617.0
2017-01-25,53,07:34:00,Wednesday,Markham/Steeles,Mechanical,13.0,26.0,W,9088.0
2017-01-25,88,07:35:00,Wednesday,Sutherland and Bayview,Mechanical,6.0,12.0,W,1666.0
2017-01-25,108,07:37:00,Wednesday,Grandravive,Mechanical,14.0,24.0,Sb,8484.0
2017-01-25,94,07:43:00,Wednesday,CASTLEFRANK STATION,Mechanical,13.0,26.0,W,8144.0
2017-01-25,131,07:49:00,Wednesday,Scarborough Town Center,Utilized Off Route,7.0,14.0,WB,1744.0
2017-01-25,196,08:14:00,Wednesday,Downsview Stn,Mechanical,2.0,5.0,W/B,8366.0
2017-01-25,199,08:22:00,Wednesday,Finch - McCowan,Mechanical,11.0,22.0,E,1301.0
2017-01-25,91,08:30:00,Wednesday,Woodbine Station,General Delay,20.0,32.0,SB,8103.0
2017-01-25,129,08:35:00,Wednesday,STC,Mechanical,15.0,33.0,NB,1759.0
2017-01-25,129,08:40:00,Wednesday,STC,Utilized Off Route,10.0,29.0,NB,1127.0
2017-01-25,25,08:46:00,Wednesday,Pape Station,Utilized Off Route,7.0,14.0,NB,7561.0
2017-01-25,122,09:16:00,Wednesday,Fenside and Slidell,Investigation,17.0,34.0,W,1824.0
2017-01-25,88,09:30:00,Wednesday,Wicksteed and Laird,Mechanical,15.0,30.0,W,8385.0
2017-01-25,144,10:11:00,Wednesday,Lawrence Warden ave,Utilized Off Route,1.0,1.0,wb,7686.0
2017-01-25,195,10:15:00,Wednesday,Jane And William Craig,Investigation,10.0,20.0,S/b,8489.0
2017-01-25,95,10:22:00,Wednesday,York Mills Station,Mechanical,15.0,30.0,EB,1110.0
2017-01-25,196,10:35:00,Wednesday,Downsview stn,Utilized Off Route,2.0,4.0,n,1514.0
2017-01-25,196,10:40:00,Wednesday,Downsview Station,Utilized Off Route,3.0,6.0,W,1687.0
2017-01-25,84,10:46:00,Wednesday,Sheppard stn,Utilized Off Route,10.0,20.0,W,8472.0
2017-01-25,109,10:50:00,Wednesday,Eglinton west stn,Mechanical,20.0,40.0,n/b,1702.0
2017-01-25,63,11:04:00,Wednesday,St.Clair and Oakwood,Utilized Off Route,5.0,10.0,S,1569.0
2017-01-25,90,11:12:00,Wednesday,St.Clair west stn,Utilized Off Route,8.0,16.0,n/b,8197.0
2017-01-25,134,11:45:00,Wednesday,Scarborough Town Centre,Mechanical,6.0,12.0,EB,1130.0
2017-01-25,12,12:04:00,Wednesday,Victoria Park Stn,Mechanical,20.0,40.0,E,7781.0
2017-01-25,24,12:10:00,Wednesday,Victoria Park Stn,Utilized Off Route,10.0,20.0,N,8101.0
2017-01-25,3,12:20:00,Wednesday,Victoria Park Station,Mechanical,10.0,20.0,NB,7501.0
2017-01-25,87,12:24:00,Wednesday,Broadview Station,Mechanical,10.0,20.0,WB,7870.0
2017-01-25,42,12:52:00,Wednesday,Finch Station,Mechanical,20.0,40.0,EB,8335.0
2017-01-25,53,13:15:00,Wednesday,Finch Station,Mechanical,5.0,10.0,WB,1783.0
2017-01-25,192,13:33:00,Wednesday,Kipling Station,Mechanical,10.0,20.0,n/b,8005.0
2017-01-25,102,14:08:00,Wednesday,nugget and markham rd,Mechanical,10.0,20.0,sb,7753.0
2017-01-25,113,14:12:00,Wednesday,Danfoth and Kenmark,Mechanical,30.0,60.0,,8106.0
2017-01-25,190,14:37:00,Wednesday,Lebovic and Eglinton,Mechanical,6.0,12.0,w,7607.0
2017-01-25,17,14:37:00,Wednesday,warden stn,Late Leaving Garage,8.0,16.0,nb,8144.0
2017-01-25,32,14:39:00,Wednesday,Emmitt Ave. and Hospital Roadway,Utilized Off Route,8.0,16.0,eb,1564.0
2017-01-25,43,14:46:00,Wednesday,Garage,Late Leaving Garage,10.0,20.0,S,7504.0
2017-01-25,199,14:50:00,Wednesday,Finch Stn,Mechanical,12.0,24.0,w,1125.0
2017-01-25,25,14:53:00,Wednesday,Don Mills station,Mechanical,6.0,12.0,s,7589.0
2017-01-25,165,14:54:00,Wednesday,Weston and Finch,Diversion,181.0,221.0,S,8607.0
2017-01-25,196,14:57:00,Wednesday,York University,Mechanical,2.0,4.0,s,1700.0
2017-01-25,53,14:58:00,Wednesday,Passmore and Markham Rd,Late Leaving Garage,10.0,13.0,wb,1221.0
2017-01-25,37,15:00:00,Wednesday,37 ISLINGTON - ENTIRE ROUTE,General Delay,19.0,31.0,BW,
2017-01-25,168,15:00:00,Wednesday,Avon Loop,Late Leaving Garage,7.0,14.0,S,8404.0
2017-01-25,102,15:00:00,Wednesday,on route,General Delay,12.0,1.0,bw,
2017-01-25,5,15:00:00,Wednesday,Queens Park Circle to Eglinton Ave,General Delay,15.0,25.0,b,
2017-01-25,709,15:01:00,Wednesday,Mt. Dennis Garage,Late Leaving Garage,1.0,1.0,eb,1047.0
2017-01-25,709,15:01:00,Wednesday,Mt. Dennis Garage,Late Leaving Garage,1.0,1.0,eb,1072.0
2017-01-25,29,15:05:00,Wednesday,Dufferin and Queen,Diversion,105.0,110.0,n,9003.0
2017-01-25,116,15:06:00,Wednesday,Kennedy station,Mechanical,12.0,12.0,EB,7408.0
2017-01-25,41,15:06:00,Wednesday,York U Commons,Late Leaving Garage,14.0,29.0,S,1033.0
2017-01-25,37,15:08:00,Wednesday,Islington/N of Bloor,Mechanical,18.0,26.0,n/b,8093.0
2017-01-25,116,15:10:00,Wednesday,Eglinton/Markham,Mechanical,10.0,20.0,WB,7404.0
2017-01-25,24,15:13:00,Wednesday,Victoria Park and Steeles,Late Leaving Garage,13.0,13.0,sb,7845.0
2017-01-25,52,15:15:00,Wednesday,Culford & Lawrence,Mechanical,11.0,17.0,e/b,1382.0
2017-01-25,36,15:15:00,Wednesday,Finch and Milvan,Diversion,90.0,96.0,E/B,9104.0
2017-01-25,36,15:15:00,Wednesday,Finch Station to Humberwood,General Delay,40.0,45.0,B/W,
2017-01-25,199,15:16:00,Wednesday,Morningside and Nightstar,Late Leaving Garage,10.0,22.0,w,1129.0
2017-01-25,35,15:19:00,Wednesday,Runneymede Coll.,Investigation,8.0,16.0,N,7940.0
2017-01-25,107,15:22:00,Wednesday,Steeles / Dufferin,Mechanical,17.0,32.0,s,1688.0
2017-01-25,44,15:28:00,Wednesday,Kipling at Birmingham,Late Leaving Garage,5.0,10.0,N,8420.0
2017-01-25,188,15:30:00,Wednesday,Route 188 Kipling S Express,General Delay,10.0,18.0,b/b,
2017-01-25,24,15:39:00,Wednesday,Victoria Park and Lawrence ave.,Mechanical,18.0,37.0,NB,7741.0
2017-01-25,34,15:40:00,Wednesday,Eglinton and Laird,Mechanical,4.0,8.0,WB,7628.0
2017-01-25,195,15:44:00,Wednesday,JNST,Investigation,10.0,20.0,n,8598.0
2017-01-25,161,15:46:00,Wednesday,Jane and Lambton,Mechanical,12.0,23.0,e,1062.0
2017-01-25,161,15:46:00,Wednesday,Jane and Lambton,Mechanical,12.0,23.0,E,1062.0
2017-01-25,87,15:48:00,Wednesday,Main Station,Mechanical,5.0,11.0,BW,8106.0
2017-01-25,12,15:51:00,Wednesday,Barkdene Hills and Gradwell Drive,Mechanical,14.0,28.0,WB,8102.0
2017-01-25,38,15:53:00,Wednesday,STC to RHGO,Diversion,42.0,24.0,EB,
2017-01-25,36,15:56:00,Wednesday,Finch Station,Mechanical,24.0,48.0,W/B,9105.0
2017-01-25,11,15:59:00,Wednesday,Davisville Stn,Utilized Off Route,7.0,15.0,b,1668.0
2017-01-25,23,16:00:00,Wednesday,Ddawes route,General Delay,10.0,1.0,BW,
2017-01-25,91,16:00:00,Wednesday,Woodbine North route,General Delay,10.0,1.0,BW,
2017-01-25,121,16:00:00,Wednesday,Fortyork route,General Delay,20.0,1.0,BW,
2017-01-25,192,16:00:00,Wednesday,Route 192 Airport Rocket,General Delay,15.0,30.0,b/w,
2017-01-25,122,16:14:00,Wednesday,Roywood and Tulane,Mechanical,16.0,32.0,w,1823.0
2017-01-25,124,16:15:00,Wednesday,lawrence Station,Mechanical,7.0,14.0,Wb,1550.0
2017-01-25,45,16:16:00,Wednesday,Steeles loop,Mechanical,3.0,8.0,s/b,8428.0
2017-01-25,85,16:18:00,Wednesday,Sheppard @ Allanford,Mechanical,7.0,13.0,E,9066.0
2017-01-25,24,16:25:00,Wednesday,Victoria Park Station,Utilized Off Route,9.0,17.0,BW,7875.0
2017-01-25,22,16:35:00,Wednesday,Eastwood/coxwell,Investigation,10.0,20.0,up,7559.0
2017-01-25,74,16:35:00,Wednesday,Doncliffe Loop,Mechanical,20.0,40.0,Sb,1686.0
2017-01-25,12,16:48:00,Wednesday,Victoria Park Station,Mechanical,14.0,28.0,WB,7714.0
2017-01-25,39,16:58:00,Wednesday,Finch and Milliken,Diversion,230.0,248.0,W,1722.0
2017-01-25,6,17:00:00,Wednesday,entire route,General Delay,25.0,35.0,BW,
2017-01-25,39,17:00:00,Wednesday,Finch Stn - Old Finch,General Delay,43.0,61.0,BW,
2017-01-25,199,17:00:00,Wednesday,York U to Nightstar,General Delay,43.0,55.0,BW,
2017-01-25,142,17:00:00,Wednesday,Adelaide to eglinton Ave,General Delay,50.0,45.0,b,
2017-01-25,143,17:00:00,Wednesday,Downtown Beach Express,General Delay,0.0,0.0,BW,
2017-01-25,199,17:00:00,Wednesday,Finch and Milliken,Diversion,230.0,242.0,W,1113.0
2017-01-25,72,17:00:00,Wednesday,Pape Route,General Delay,0.0,0.0,BW,
2017-01-25,75,17:07:00,Wednesday,Esplenade and Lower Sherbourne,Mechanical,6.0,12.0,nb,8346.0
2017-01-25,42,17:10:00,Wednesday,Finch Station,Mechanical,13.0,26.0,EB,8302.0
2017-01-25,29,17:10:00,Wednesday,Dufferin and Liberty,Diversion,160.0,165.0,bw,9017.0
2017-01-25,31,17:21:00,Wednesday,Greenwood Station,Mechanical,8.0,16.0,BW,7772.0
2017-01-25,32,17:30:00,Wednesday,Eglinton West Stn..,Mechanical,8.0,16.0,eb,1611.0
2017-01-25,108,17:36:00,Wednesday,Downs View Station,Mechanical,15.0,30.0,W,8538.0
2017-01-25,31,17:37:00,Wednesday,Greenwood Station,Mechanical,8.0,16.0,BW,7772.0
2017-01-25,16,17:42:00,Wednesday,McCowan and Lawrence,Diversion,8.0,16.0,sb,7810.0
2017-01-25,54,17:47:00,Wednesday,RT,Utilized Off Route,10.0,21.0,E,7477.0
2017-01-25,47,17:59:00,Wednesday,Innes and Caledonia,Investigation,26.0,52.0,n,1016.0
2017-01-25,43,18:00:00,Wednesday,KENN to MIDS,General Delay,18.0,25.0,B/W,
2017-01-25,126,18:22:00,Wednesday,Christie stn,Mechanical,17.0,34.0,n/b,1586.0
2017-01-25,24,18:24:00,Wednesday,Sheppard & Consumers,Diversion,17.0,34.0,SB,8126.0
2017-01-25,60,18:28:00,Wednesday,Rossdean Road on Steeles,Diversion,37.0,44.0,E,8483.0
2017-01-25,32,18:45:00,Wednesday,Old Foresthill Road on Eglinton,Mechanical,8.0,17.0,wb,1358.0
2017-01-25,24,18:48:00,Wednesday,Victoria Park Station,Utilized Off Route,1.0,1.0,,7735.0
2017-01-25,32,18:51:00,Wednesday,Pine and Lawrence,Mechanical,8.0,16.0,eb,
2017-01-25,132,18:53:00,Wednesday,Milner @ Progress,Emergency Services,18.0,43.0,E,1220.0
2017-01-25,196,18:55:00,Wednesday,Dufferin and Finch,Investigation,8.0,15.0,SB,8335.0
2017-01-25,53,19:03:00,Wednesday,Midland and Steeles,Mechanical,15.0,30.0,wb,9061.0
2017-01-25,198,19:15:00,Wednesday,Kingston/Morningside,Investigation,10.0,20.0,SB,7446.0
2017-01-25,100,19:17:00,Wednesday,Broadview Station,Mechanical,10.0,20.0,NB,7439.0
2017-01-25,53,19:40:00,Wednesday,Morningside and Staines,Utilized Off Route,19.0,38.0,wb,1115.0
2017-01-25,5,19:45:00,Wednesday,Oriole PKWY and Gormley,Mechanical,24.0,48.0,b,8345.0
2017-01-25,68,19:50:00,Wednesday,Bridletown circle/Warden,Mechanical,10.0,20.0,up,7594.0
2017-01-25,63,20:02:00,Wednesday,Ossington Station,Utilized Off Route,10.0,20.0,N/B,1539.0
2017-01-25,133,20:26:00,Wednesday,STC,Utilized Off Route,9.0,18.0,E,1098.0
2017-01-25,23,20:45:00,Wednesday,Main Station,Utilized Off Route,10.0,20.0,,7874.0
2017-01-25,113,20:52:00,Wednesday,Main Station,Mechanical,24.0,48.0,,7790.0
2017-01-25,36,21:01:00,Wednesday,Finch Station,Late Leaving Garage,7.0,15.0,,8583.0
2017-01-25,57,21:15:00,Wednesday,Kennedy Station,Utilized Off Route,15.0,30.0,,7872.0
2017-01-25,12,21:18:00,Wednesday,Kennedy Station,Mechanical,20.0,40.0,,7725.0
2017-01-25,190,21:30:00,Wednesday,Warden/Sheppard,Mechanical,10.0,20.0,up,7607.0
2017-01-25,76,21:30:00,Wednesday,Royal York stn,Mechanical,10.0,20.0,s/b,7959.0
2017-01-25,106,21:42:00,Wednesday,Pond & Arboretum,Investigation,18.0,36.0,W,8600.0
2017-01-25,709,21:52:00,Wednesday,Eglinton and Bathurst,Investigation,1.0,1.0,W/B,1566.0
2017-01-25,199,22:02:00,Wednesday,STC,Utilized Off Route,13.0,28.0,WB,1112.0
2017-01-25,53,22:05:00,Wednesday,Markham,Mechanical,19.0,34.0,WB,1771.0
2017-01-25,84,22:16:00,Wednesday,Downsview Stn,Utilized Off Route,10.0,20.0,,8448.0
2017-01-25,1,2017-01-26 00:00:00,Wednesday,Broadview Station,Utilized Off Route,1.0,1.0,,1.0
2017-01-26,199,00:14:00,Thursday,STC,Utilized Off Route,9.0,18.0,WB,1710.0
2017-01-26,129,00:15:00,Thursday,STC,Mechanical,10.0,20.0,NB,1726.0
2017-01-26,86,00:41:00,Thursday,Sheppard loop,Mechanical,10.0,20.0,down,7549.0
2017-01-26,89,01:10:00,Thursday,Weston and Dee Ave,Investigation,10.0,20.0,S/B,1627.0
2017-01-26,384,03:15:00,Thursday,Yonge & Sheppard,Investigation,20.0,50.0,W,8597.0
2017-01-26,320,03:22:00,Thursday,Yonge & Steeles,Utilized Off Route,4.0,8.0,S,1500.0
2017-01-26,300,03:33:00,Thursday,DANFORTH AND VICTORIA PARK,Investigation,20.0,40.0,E,8124.0
2017-01-26,35,04:20:00,Thursday,Arrow Garage,Utilized Off Route,10.0,26.0,S/b,8489.0
2017-01-26,320,04:24:00,Thursday,Yonge & dundas,Investigation,15.0,19.0,N,1679.0
2017-01-26,116,04:58:00,Thursday,Eglinton/Kennedy,Late Leaving Garage,3.0,0.0,NB,7601.0
2017-01-26,86,04:59:00,Thursday,Eglinton Yard,Late Leaving Garage,1.0,1.0,NB,7525.0
2017-01-26,87,05:12:00,Thursday,Main Stn,Utilized Off Route,5.0,10.0,W,8120.0
2017-01-26,47,05:12:00,Thursday,Yorkdale Mall,Late Leaving Garage,20.0,40.0,S,1606.0
2017-01-26,79,05:20:00,Thursday,Pine and Lawrence,Late Leaving Garage,20.0,40.0,s,1539.0
2017-01-26,47,05:30:00,Thursday,Earlscourt loop,Utilized Off Route,4.0,9.0,S,1543.0
2017-01-26,60,05:36:00,Thursday,Finch Stn,Late Leaving Garage,9.0,18.0,W/b,8484.0
2017-01-26,39,05:37:00,Thursday,Baldoon - Finch,Late Leaving Garage,5.0,7.0,E,1096.0
2017-01-26,52,05:39:00,Thursday,Bathurst and Lawrence,Late Leaving Garage,16.0,23.0,w,1013.0
2017-01-26,35,05:42:00,Thursday,Jane and Steeles,Late Leaving Garage,5.0,10.0,S/b,8542.0
2017-01-26,51,05:43:00,Thursday,Eglinton Station,Late Leaving Garage,16.0,32.0,N,1561.0
2017-01-26,127,05:45:00,Thursday,Spadina station,Late Leaving Garage,17.0,34.0,w,1544.0
2017-01-26,199,05:45:00,Thursday,York University Loop to Morningside/Nightstar,General Delay,5.0,8.0,B/W,
2017-01-26,39,05:45:00,Thursday,Finch Stn to Old Finch/Morningview Trail,General Delay,5.0,10.0,B/W,
2017-01-26,39,05:46:00,Thursday,Baldoon-Finch,Late Leaving Garage,7.0,15.0,E,1116.0
2017-01-26,24,05:58:00,Thursday,VP STATION,Late Leaving Garage,6.0,9.0,N,7809.0
2017-01-26,84,06:04:00,Thursday,Downsv Stn,Investigation,15.0,30.0,WB,1224.0
2017-01-26,25,06:04:00,Thursday,Freshmeadow and Don Mills,Mechanical,15.0,30.0,SB,7534.0
2017-01-26,100,06:08:00,Thursday,Don Mills Eglinton ave,Mechanical,5.0,10.0,sb,7594.0
2017-01-26,45,06:12:00,Thursday,Kipling/Steeles,Late Leaving Garage,7.0,15.0,S/B,8416.0
2017-01-26,81,06:13:00,Thursday,Thorncliffe and Overlea,Late Leaving Garage,9.0,14.0,S,8121.0
2017-01-26,199,06:15:00,Thursday,Finch Station,Mechanical,11.0,22.0,w,1252.0
2017-01-26,39,06:17:00,Thursday,Old Finch - Morningview Trail,Late Leaving Garage,18.0,36.0,W,1727.0
2017-01-26,86,06:19:00,Thursday,Kennedy Station,Late Leaving Garage,4.0,0.0,NB,7549.0
2017-01-26,42,06:19:00,Thursday,McCowan and Victoria Park,Late Leaving Garage,12.0,24.0,E,8301.0
2017-01-26,68,06:23:00,Thursday,Warden Loop,Mechanical,7.0,12.0,sb,7514.0
2017-01-26,32,06:23:00,Thursday,Keele St on Eglinton Ave W,Late Leaving Garage,3.0,6.0,E,1016.0
2017-01-26,29,06:28:00,Thursday,Dufferin and Bloor,Mechanical,8.0,16.0,n,9048.0
2017-01-26,116,06:35:00,Thursday,Kennedy Station,Mechanical,7.0,14.0,NB,7452.0
2017-01-26,96,06:37:00,Thursday,carrier lp,Investigation,18.0,36.0,e,8611.0
2017-01-26,196,06:38:00,Thursday,Commons,Mechanical,10.0,20.0,W/B,8197.0
2017-01-26,63,06:43:00,Thursday,Canniff / Strachan,Utilized Off Route,4.0,8.0,s,1636.0
2017-01-26,95,06:43:00,Thursday,Ellesmere RT Station,Late Leaving Garage,7.0,14.0,WB,1771.0
2017-01-26,144,06:52:00,Thursday,Concorde Place,Late Leaving Garage,1.0,1.0,sb,7504.0
2017-01-26,131,06:54:00,Thursday,Scarborough Town Center,Late Leaving Garage,8.0,16.0,EB,1125.0
2017-01-26,41,06:57:00,Thursday,Keele stn,Mechanical,11.0,22.0,n,9147.0
2017-01-26,11,06:59:00,Thursday,Davisville stn,Late Leaving Garage,8.0,17.0,N,8394.0
2017-01-26,100,07:00:00,Thursday,Eglinton and Don Mills,Utilized Off Route,4.0,8.0,sb,7526.0
2017-01-26,5,07:00:00,Thursday,Ave Rd South,General Delay,11.0,24.0,BW,
2017-01-26,102,07:05:00,Thursday,WARDEN STN,Mechanical,10.0,20.0,NB,8173.0
2017-01-26,196,07:14:00,Thursday,Downsview Stn,Mechanical,2.0,5.0,E/B,8302.0
2017-01-26,54,07:22:00,Thursday,Lawrence Birchmount ave,Mechanical,6.0,12.0,wb,7615.0
2017-01-26,52,07:22:00,Thursday,Ter 3,Mechanical,6.0,18.0,e,1027.0
2017-01-26,131,07:28:00,Thursday,STC,Utilized Off Route,8.0,15.0,W,1271.0
2017-01-26,68,07:37:00,Thursday,Warden Eglinton ave,Diversion,5.0,10.0,sb,7409.0
2017-01-26,52,07:50:00,Thursday,Westona and Lawrence,Mechanical,13.0,26.0,e,1548.0
2017-01-26,15,07:59:00,Thursday,Royal York Station,Investigation,13.0,25.0,s/b,7951.0
2017-01-26,6,08:00:00,Thursday,College to Dockside,General Delay,4.0,10.0,S,1643.0
2017-01-26,106,08:02:00,Thursday,Finch /Sentinel,Mechanical,7.0,14.0,NB,8604.0
2017-01-26,63,08:15:00,Thursday,Atlantic and King,Mechanical,5.0,9.0,N,1536.0
2017-01-26,121,08:19:00,Thursday,Mill and Cherry,Mechanical,11.0,22.0,EB,8106.0
2017-01-26,95,08:19:00,Thursday,York Mills Station,Mechanical,7.0,14.0,EB,1741.0
2017-01-26,16,08:20:00,Thursday,stclaair and danforth,Mechanical,10.0,20.0,sb,8100.0
2017-01-26,95,08:21:00,Thursday,York Mills Station,Utilized Off Route,9.0,18.0,EB,1787.0
2017-01-26,71,08:23:00,Thursday,Industry St,Mechanical,15.0,30.0,S,1530.0
2017-01-26,41,08:32:00,Thursday,Keele stn,Utilized Off Route,15.0,30.0,n,1538.0
2017-01-26,41,08:36:00,Thursday,Keele stn,Mechanical,11.0,22.0,n,9138.0
2017-01-26,32,08:43:00,Thursday,Eglinton Ave W at Old Forest Hill Rd,Investigation,6.0,12.0,E,1576.0
2017-01-26,116,08:43:00,Thursday,Kennedy station,Mechanical,12.0,24.0,EB,7452.0
2017-01-26,86,08:44:00,Thursday,Toronto Zoo,Mechanical,16.0,32.0,SB,7542.0
2017-01-26,116,08:45:00,Thursday,Eglinton/Bellamy,Investigation,12.0,24.0,NB,7686.0
2017-01-26,199,08:47:00,Thursday,Scar Town Centre Station,Mechanical,12.0,29.0,W,1218.0
2017-01-26,42,08:47:00,Thursday,Kennedy and McNicoll,Mechanical,12.0,24.0,WB,1818.0
2017-01-26,12,08:54:00,Thursday,Victoria Park Stn,Mechanical,15.0,35.0,E,7730.0
2017-01-26,22,08:58:00,Thursday,Robbins and Coxwell,Investigation,5.0,10.0,NB,7439.0
2017-01-26,29,09:05:00,Thursday,Dufferin and Liberty,Mechanical,5.0,10.0,s,9028.0
2017-01-26,42,09:05:00,Thursday,Kennedy and McNicol,Mechanical,25.0,50.0,WB,1818.0
2017-01-26,95,09:11:00,Thursday,KNRD,Mechanical,14.0,28.0,WB,1771.0
2017-01-26,165,09:17:00,Thursday,weston / Wallasey,Investigation,37.0,67.0,w,1335.0
2017-01-26,44,09:33:00,Thursday,Kipling/Evans,Mechanical,5.0,10.0,S/B,8089.0
2017-01-26,188,09:38:00,Thursday,Kipling/Birmingham,Mechanical,7.0,15.0,N/B,8087.0
2017-01-26,129,09:45:00,Thursday,Steeles Loop,Utilized Off Route,1.0,1.0,SB,9102.0
2017-01-26,102,09:45:00,Thursday,Elfreda and st.clair,Mechanical,15.0,30.0,nb,8103.0
2017-01-26,68,10:03:00,Thursday,Lawrence rt,Utilized Off Route,1.0,1.0,wb,7431.0
2017-01-26,69,10:13:00,Thursday,warden stn,Mechanical,11.0,22.0,sb,8158.0
2017-01-26,7,10:20:00,Thursday,Bathurst  and Lawrence,Mechanical,10.0,19.0,n/b,9046.0
2017-01-26,36,10:30:00,Thursday,Goldfinch,Investigation,5.0,10.0,w,9104.0
2017-01-26,109,10:45:00,Thursday,Lawrence west stn,Mechanical,20.0,40.0,n/b,1701.0
2017-01-26,89,11:03:00,Thursday,Keele stn,Investigation,11.0,22.0,n,1009.0
2017-01-26,16,11:05:00,Thursday,warden stn,Mechanical,10.0,20.0,nb,7708.0
2017-01-26,7,11:25:00,Thursday,Bathurst and Tichester,Mechanical,10.0,18.0,s/b,9029.0
2017-01-26,69,11:35:00,Thursday,WARDEN STN,Mechanical,11.0,22.0,SB,8179.0
2017-01-26,165,12:07:00,Thursday,Wilson and Jane,Mechanical,10.0,20.0,W,8510.0
2017-01-26,29,12:25:00,Thursday,Dufferin and Bloor,Mechanical,4.0,8.0,N,9028.0
2017-01-26,196,12:26:00,Thursday,Sheppard stn,Mechanical,7.0,15.0,w,1368.0
2017-01-26,196,12:36:00,Thursday,Sheppard stn,Mechanical,7.0,15.0,w,1368.0
2017-01-26,22,12:51:00,Thursday,Queen and Coxwell,Diversion,5.0,10.0,SB,7483.0
2017-01-26,51,13:05:00,Thursday,Eglinton Stn,Mechanical,25.0,50.0,n,8364.0
2017-01-26,108,13:06:00,Thursday,Driftwood and Finch,Mechanical,12.0,24.0,N,8435.0
2017-01-26,63,13:12:00,Thursday,Oakwood loop,Mechanical,10.0,20.0,sb,1636.0
2017-01-26,188,14:00:00,Thursday,Entire Kipling Express Route,General Delay,15.0,30.0,B/W,8074.0
2017-01-26,780,14:07:00,Thursday,Garage,Late Leaving Garage,1.0,1.0,W,7439.0
2017-01-26,709,14:10:00,Thursday,Mt. Dennis Garage,Mechanical,1.0,1.0,eb,1057.0
2017-01-26,168,14:16:00,Thursday,Davenport/Symington,Investigation,10.0,20.0,s/b e/b,8423.0
2017-01-26,32,14:18:00,Thursday,Richardson Ave. on Eglinton,Mechanical,13.0,26.0,wb,1659.0
2017-01-26,75,14:25:00,Thursday,Sherbourne and Gerrard,Mechanical,6.0,12.0,sb,1822.0
2017-01-26,84,14:28:00,Thursday,St. Basil's College,Late Leaving Garage,1.0,1.0,N,1679.0
2017-01-26,84,14:30:00,Thursday,St. Basil's College,Late Leaving Garage,1.0,1.0,N,8396.0
2017-01-26,72,14:35:00,Thursday,Front and Bay,Investigation,16.0,32.0,EB,7865.0
2017-01-26,17,14:45:00,Thursday,kennedy loop,Investigation,8.0,16.0,sb,7849.0
2017-01-26,102,14:55:00,Thursday,warden stn,Mechanical,15.0,30.0,nb,7728.0
2017-01-26,107,14:58:00,Thursday,Downsview stn,Mechanical,13.0,26.0,n,8349.0
2017-01-26,30,15:00:00,Thursday,Entire Lambton Route,General Delay,20.0,40.0,B/W,8403.0
2017-01-26,709,15:01:00,Thursday,Mt. Dennis Garage,Late Leaving Garage,1.0,1.0,eb,1570.0
2017-01-26,709,15:01:00,Thursday,Mt. Dennis Garage,Late Leaving Garage,1.0,1.0,eb,1410.0
2017-01-26,196,15:03:00,Thursday,Downsview stn,Utilized Off Route,2.0,4.0,n,1367.0
2017-01-26,131,15:11:00,Thursday,STC,Late Leaving Garage,4.0,8.0,S,1097.0
2017-01-26,41,15:14:00,Thursday,Keele Station,Mechanical,19.0,1.0,N,1553.0
2017-01-26,54,15:15:00,Thursday,Garage,Late Leaving Garage,10.0,20.0,E,7420.0
2017-01-26,6,15:17:00,Thursday,Kendal and Davenport,Utilized Off Route,10.0,20.0,s,1522.0
2017-01-26,11,15:19:00,Thursday,Davisville Stn,Utilized Off Route,7.0,15.0,n,8319.0
2017-01-26,106,15:19:00,Thursday,Sentenel & Finch,Late Leaving Garage,6.0,10.0,S,1342.0
2017-01-26,63,15:20:00,Thursday,King and Atlantic,Utilized Off Route,9.0,18.0,n,1567.0
2017-01-26,709,15:20:00,Thursday,Mt. Dennis Garage,Utilized Off Route,1.0,1.0,eb,1570.0
2017-01-26,709,15:20:00,Thursday,Eglinton West Stn.,Utilized Off Route,1.0,1.0,eb,1422.0
2017-01-26,7,15:26:00,Thursday,Bathurst and Wilson,Mechanical,8.0,17.0,sb,9056.0
2017-01-26,29,15:30:00,Thursday,Princes Gate,Utilized Off Route,5.0,10.0,n,8159.0
2017-01-26,29,15:30:00,Thursday,Princes Gate,Utilized Off Route,5.0,10.0,n,9047.0
2017-01-26,42,15:47:00,Thursday,Finch Station,Mechanical,13.0,26.0,EB,1561.0
2017-01-26,32,15:47:00,Thursday,Skymark Ave. and Exxplorer Dr.,Mechanical,9.0,16.0,eb,1507.0
2017-01-26,29,15:50:00,Thursday,Princes Gate,Utilized Off Route,5.0,10.0,n,9002.0
2017-01-26,24,15:53:00,Thursday,Victoria Park and Pawnee Ave.,Emergency Services,10.0,18.0,sb,8113.0
2017-01-26,160,16:00:00,Thursday,Bathurst Steeles to Sheppard,General Delay,17.0,38.0,bw,
2017-01-26,67,16:02:00,Thursday,Pharmacy and Eglinton,Investigation,10.0,20.0,SB,7414.0
2017-01-26,95,16:03:00,Thursday,York Mills station,Mechanical,8.0,17.0,E,1248.0
2017-01-26,95,16:10:00,Thursday,York Mills station,Utilized Off Route,9.0,17.0,E,1208.0
2017-01-26,36,16:12:00,Thursday,Finch and Arrow,Mechanical,11.0,22.0,W/B,8450.0
2017-01-26,11,16:18:00,Thursday,Sunnybrook Hospital,Mechanical,8.0,17.0,n,8323.0
2017-01-26,111,16:19:00,Thursday,EAST MALL @ VALHALLA INN ROAD,Investigation,10.0,20.0,S,8025.0
2017-01-26,32,16:25:00,Thursday,Skymark Age and Explorer Dr.,Mechanical,8.0,16.0,eb,1510.0
2017-01-26,5,16:30:00,Thursday,Queens Park Cr to Eglinton Stn,General Delay,23.0,22.0,b,
2017-01-26,42,16:35:00,Thursday,Finch Station,Mechanical,13.0,26.0,EB,8342.0
2017-01-26,5,16:35:00,Thursday,Queens Park crescent W and Welesley,Mechanical,16.0,32.0,n,1368.0
2017-01-26,34,16:35:00,Thursday,Eglinton and kennedy,Mechanical,4.0,8.0,WB,7486.0
2017-01-26,85,16:47:00,Thursday,sheppard @ Meadowvale,Mechanical,6.0,13.0,W,9078.0
2017-01-26,11,16:48:00,Thursday,Bayview and Steeles.,Mechanical,9.0,17.0,s,1514.0
2017-01-26,709,16:50:00,Thursday,East Liberty,Utilized Off Route,1.0,1.0,nb,1067.0
2017-01-26,11,17:07:00,Thursday,Davisville Stn,Utilized Off Route,8.0,17.0,n,1370.0
2017-01-26,121,17:11:00,Thursday,Mill to Strachan,General Delay,1.0,1.0,B/W,
2017-01-26,121,17:14:00,Thursday,Strachan to Mill,General Delay,1.0,1.0,B/W,
2017-01-26,11,17:26:00,Thursday,Sunnybrook Hospital,Mechanical,8.0,17.0,s,1534.0
2017-01-26,53,17:37:00,Thursday,Yonge and Bishop,Investigation,5.0,11.0,sb,1763.0
2017-01-26,161,17:38:00,Thursday,Bloor and Dovercourt,Mechanical,12.0,24.0,s,1515.0
2017-01-26,188,17:44:00,Thursday,Kipling stn,Utilized Off Route,8.0,15.0,s/b,8074.0
2017-01-26,124,17:45:00,Thursday,Sunnybrook Hospital,Mechanical,7.0,14.0,EB,1534.0
2017-01-26,75,17:47:00,Thursday,Jarvis and Queens Quay,Utilized Off Route,6.0,12.0,nb,8346.0
2017-01-26,76,17:48:00,Thursday,Royal York/Queensway,Utilized Off Route,5.0,10.0,n/b,8412.0
2017-01-26,709,17:55:00,Thursday,Eglinton West Stn.,Utilized Off Route,1.0,1.0,eb,1410.0
2017-01-26,72,18:00:00,Thursday,Pape Route,General Delay,0.0,0.0,BW,
2017-01-26,41,18:00:00,Thursday,Keele and Lawrence,Mechanical,10.0,21.0,s,9151.0
2017-01-26,39,18:00:00,Thursday,Finch Stn to Old Finch,General Delay,16.0,34.0,BW,
2017-01-26,199,18:00:00,Thursday,York U to Nightstar,General Delay,17.0,29.0,BW,
2017-01-26,89,18:00:00,Thursday,Humberside and Keele,Investigation,7.0,14.0,n,1009.0
2017-01-26,195,18:20:00,Thursday,Jane at Wilson,Diversion,50.0,70.0,N,8447.0
2017-01-26,53,18:23:00,Thursday,Yonge St-Finch Station WB-exit,Investigation,5.0,10.0,nb,1127.0
2017-01-26,199,18:27:00,Thursday,Pharmacy and Finch,Mechanical,4.0,8.0,W,1211.0
2017-01-26,95,18:30:00,Thursday,UFT Scarborough college loop,Mechanical,12.0,24.0,W,1773.0
2017-01-26,54,19:00:00,Thursday,RT,Mechanical,13.0,26.0,E,7505.0
2017-01-26,7,19:05:00,Thursday,Bathurst and Finch,Mechanical,9.0,18.0,sb,8303.0
2017-01-26,53,19:19:00,Thursday,Morningside and Staines,Utilized Off Route,20.0,39.0,wb,1094.0
2017-01-26,116,19:53:00,Thursday,Kennedy station,Utilized Off Route,30.0,60.0,eb,7524.0
2017-01-26,24,19:54:00,Thursday,Birchmount Garage,Utilized Off Route,1.0,1.0,BW,7866.0
2017-01-26,185,19:55:00,Thursday,Pape station,Utilized Off Route,10.0,19.0,n,7628.0
2017-01-26,34,19:55:00,Thursday,Eglinton station,Utilized Off Route,6.0,12.0,EB,7520.0
2017-01-26,100,19:56:00,Thursday,Broadview Station,Utilized Off Route,10.0,20.0,NB,7485.0
2017-01-26,87,20:01:00,Thursday,Main stn,Utilized Off Route,10.0,20.0,n/b,7719.0
2017-01-26,102,20:03:00,Thursday,warden station,Utilized Off Route,18.0,36.0,n/b,8164.0
2017-01-26,196,20:12:00,Thursday,Murray Ross Pkwy and Bus Roadway,Mechanical,12.0,24.0,WB,1364.0
2017-01-26,51,20:52:00,Thursday,Eglinton Station,Mechanical,24.0,48.0,NB,8217.0
2017-01-26,196,21:00:00,Thursday,ALONG THE ROUTE 196,General Delay,1.0,1.0,BOTH,
2017-01-26,34,21:30:00,Thursday,ESTN,Utilized Off Route,7.0,14.0,down,7641.0
2017-01-26,53,21:35:00,Thursday,FSTN,Mechanical,18.0,39.0,EB,1228.0
2017-01-26,100,21:52:00,Thursday,Broadview stn,Utilized Off Route,10.0,20.0,up,7508.0
2017-01-26,87,22:00:00,Thursday,Broadview Station,Utilized Off Route,10.0,20.0,,7815.0
2017-01-26,7,22:05:00,Thursday,Bathurst and Lawrence,Mechanical,11.0,21.0,sb,8324.0
2017-01-26,52,22:57:00,Thursday,Dixon and Wincott Ave,Investigation,12.0,24.0,E/B,1533.0
2017-01-26,198,23:05:00,Thursday,Uft loop,Mechanical,10.0,20.0,up,7607.0
2017-01-26,100,23:33:00,Thursday,Wynford/Donmills,Investigation,10.0,20.0,up,7485.0
2017-01-27,95,00:20:00,Friday,ELLESMERE AND MILITARY TRAIL,Mechanical,10.0,20.0,W,1247.0
2017-01-27,165,01:15:00,Friday,YKMS,Emergency Services,10.0,20.0,W,8541.0
2017-01-27,300,03:12:00,Friday,BLOOR AND ASHBOURNE,Investigation,20.0,40.0,w,8115.0
2017-01-27,57,04:39:00,Friday,Kennedy Station,Late Leaving Garage,29.0,58.0,N,7857.0
2017-01-27,312,04:40:00,Friday,St.clair Stn,Mechanical,1.0,1.0,S/B,1075.0
2017-01-27,54,04:49:00,Friday,Eglinton Yard,Mechanical,1.0,1.0,O/B,7492.0
2017-01-27,87,05:02:00,Friday,Main Station,Late Leaving Garage,5.0,10.0,WB,8149.0
2017-01-27,87,05:04:00,Friday,Broadview Station,Late Leaving Garage,5.0,10.0,EB,8135.0
2017-01-27,12,05:04:00,Friday,Kingston and Brimley,Late Leaving Garage,9.0,18.0,EB,7731.0
2017-01-27,16,05:07:00,Friday,Warden Station,Late Leaving Garage,20.0,40.0,N,7724.0
2017-01-27,116,05:11:00,Friday,Eglinton Garage,Late Leaving Garage,1.0,1.0,WB,7461.0
2017-01-27,47,05:12:00,Friday,Yorkdale Mall,Late Leaving Garage,20.0,40.0,S,1028.0
2017-01-27,320,05:15:00,Friday,Eglinton,Late Leaving Garage,5.0,10.0,s,749.0
2017-01-27,86,05:23:00,Friday,Eglinton Garage,Late Leaving Garage,1.0,1.0,WB,7883.0
2017-01-27,87,05:27:00,Friday,Main Station,Utilized Off Route,5.0,10.0,W,7821.0
2017-01-27,23,05:29:00,Friday,Main Station,Mechanical,12.0,24.0,n,7819.0
2017-01-27,43,05:30:00,Friday,steeles Ave - Kennedy to Sliver Star Blvd,Diversion,177.0,187.0,N/B,
2017-01-27,43,05:30:00,Friday,Steeles Ave and Silver Star Blvd,Emergency Services,110.0,1.0,N/B,7444.0
2017-01-27,12,05:31:00,Friday,Kingston and Brimley,Late Leaving Garage,18.0,36.0,EB,7712.0
2017-01-27,53,05:33:00,Friday,Steeles & Miliken,Diversion,10.0,17.0,B/W,152.0
2017-01-27,53,05:33:00,Friday,Steeles & Miliken,Emergency Services,5.0,10.0,W,9080.0
2017-01-27,129,05:35:00,Friday,Malvern Garage,Late Leaving Garage,13.0,19.0,NB,9110.0
2017-01-27,17,05:36:00,Friday,Steeles and Mount Castle,Late Leaving Garage,11.0,22.0,SB,7873.0
2017-01-27,53,05:40:00,Friday,Steeles & Miliken,Emergency Services,0.0,17.0,W,9080.0
2017-01-27,112,05:47:00,Friday,427/Valahalla,Mechanical,11.0,26.0,n/b,8093.0
2017-01-27,68,05:56:00,Friday,Warden STN,Mechanical,10.0,15.0,N/B,7639.0
2017-01-27,81,05:56:00,Friday,Thorncliff and Overlea,Mechanical,5.0,10.0,NB,7779.0
2017-01-27,64,05:57:00,Friday,Main Station,Late Leaving Garage,8.0,16.0,SB,8166.0
2017-01-27,68,06:06:00,Friday,Warden STN,Mechanical,5.0,10.0,N/B,7589.0
2017-01-27,32,06:15:00,Friday,Eglinton Station,Late Leaving Garage,6.0,12.0,W,1610.0
2017-01-27,185,06:18:00,Friday,Pape Station,Late Leaving Garage,9.0,18.0,SB,7640.0
2017-01-27,199,06:19:00,Friday,Morningside and nighstar,Late Leaving Garage,7.0,15.0,W/B,1078.0
2017-01-27,42,06:20:00,Friday,McCowan and Victoria Park,Late Leaving Garage,12.0,24.0,E,8211.0
2017-01-27,21,06:20:00,Friday,Kennedy Station,Mechanical,20.0,40.0,NB,8118.0
2017-01-27,37,06:29:00,Friday,Islington stn,Late Leaving Garage,7.0,14.0,n/b,8064.0
2017-01-27,41,06:30:00,Friday,Keele stn,Late Leaving Garage,14.0,27.0,n/b,1202.0
2017-01-27,34,06:30:00,Friday,Victoria Park Ave and Eglinton Ave,Mechanical,4.0,8.0,WB,7601.0
2017-01-27,68,06:36:00,Friday,Warden STN,Late Leaving Garage,5.0,10.0,N/B,7586.0
2017-01-27,196,06:38:00,Friday,Commons,Mechanical,10.0,20.0,E/B,8364.0
2017-01-27,117,06:40:00,Friday,Downsview Stn,Mechanical,10.0,20.0,N/B,1367.0
2017-01-27,54,06:41:00,Friday,Kingston Rd and Lawrence,Mechanical,9.0,18.0,N/B,7559.0
2017-01-27,89,06:47:00,Friday,Keele stn,Mechanical,4.0,9.0,n/b,1518.0
2017-01-27,61,07:00:00,Friday,Bombay loop,Utilized Off Route,10.0,20.0,S,1679.0
2017-01-27,196,07:00:00,Friday,Commons,Utilized Off Route,4.0,8.0,E/B,8212.0
2017-01-27,199,07:09:00,Friday,Scarborough Town Centre,Late Leaving Garage,4.0,8.0,W/B,1142.0
2017-01-27,55,07:10:00,Friday,Old Dundas,Late Leaving Garage,15.0,30.0,W,1513.0
2017-01-27,95,07:21:00,Friday,UFT Scarborough College Loop,Late Leaving Garage,9.0,18.0,WB,1720.0
2017-01-27,195,07:26:00,Friday,Jane and Steeles,Late Leaving Garage,10.0,20.0,S/b,1274.0
2017-01-27,11,07:29:00,Friday,Davisville stn,Investigation,4.0,17.0,N,8302.0
2017-01-27,94,07:59:00,Friday,Bay and Wellesley,Investigation,13.0,26.0,E,7803.0
2017-01-27,46,08:28:00,Friday,Kipling stn,Investigation,5.0,10.0,e,8502.0
2017-01-27,196,08:49:00,Friday,Downsview,Mechanical,2.0,5.0,W/B,1534.0
2017-01-27,102,09:10:00,Friday,Kennedy and st.clair,Mechanical,10.0,20.0,nb,7796.0
2017-01-27,196,09:16:00,Friday,Downsview,Mechanical,2.0,5.0,W/B,9043.0
2017-01-27,95,09:18:00,Friday,York Mills Station,Utilized Off Route,1.0,1.0,EB,1204.0
2017-01-27,760,09:58:00,Friday,Warden STN,Utilized Off Route,1.0,1.0,,7546.0
2017-01-27,105,10:07:00,Friday,Dufferin st at Dufferin Hill,Mechanical,20.0,50.0,S,8313.0
2017-01-27,87,10:07:00,Friday,Main Station,Utilized Off Route,10.0,20.0,WB,7855.0
2017-01-27,44,10:09:00,Friday,Entire Kipling South Route,General Delay,15.0,30.0,B/W,7961.0
2017-01-27,188,10:09:00,Friday,Entire Kipling South Express Route,General Delay,15.0,30.0,B/W,7912.0
2017-01-27,196,10:30:00,Friday,Downsview Stn,Utilized Off Route,5.0,8.0,,8205.0
2017-01-27,69,11:08:00,Friday,warden stn,Mechanical,11.0,22.0,sb,7781.0
2017-01-27,38,11:28:00,Friday,Rouge Hill GO,Mechanical,12.0,24.0,EB,1733.0
2017-01-27,21,11:32:00,Friday,Ellesmere and Brimley,Investigation,20.0,40.0,NB,8118.0
2017-01-27,29,11:35:00,Friday,Dupont,Mechanical,5.0,10.0,N,9040.0
2017-01-27,199,11:40:00,Friday,STC,Utilized Off Route,12.0,24.0,EB,1770.0
2017-01-27,21,11:44:00,Friday,Scarborough Town Centre,Utilized Off Route,14.0,28.0,NB,7847.0
2017-01-27,32,12:42:00,Friday,Eglinton West Stn.,Mechanical,13.0,26.0,WB,1007.0
2017-01-27,54,12:48:00,Friday,Eglinton STN,Mechanical,12.0,25.0,E/B,7569.0
2017-01-27,52,12:48:00,Friday,Lawrence & Apex,Mechanical,13.0,26.0,w/b,1064.0
2017-01-27,11,12:51:00,Friday,Steeles Loop,Mechanical,8.0,16.0,,1714.0
2017-01-27,102,13:08:00,Friday,WARDEN STN,Mechanical,15.0,30.0,nb,8138.0
2017-01-27,73,13:13:00,Friday,Royal York at Dixon Rd,Mechanical,15.0,30.0,n/b,8062.0
2017-01-27,68,13:35:00,Friday,Bamburgh Circle s and Warden,Mechanical,10.0,20.0,N/B,7626.0
2017-01-27,53,13:48:00,Friday,Steeles and Tapscott,Mechanical,5.0,10.0,S,1077.0
2017-01-27,28,14:00:00,Friday,Davisville Stn,Mechanical,18.0,36.0,s,8344.0
2017-01-27,165,14:07:00,Friday,Wilson and Keele,Investigation,8.0,18.0,W,8540.0
2017-01-27,38,14:10:00,Friday,Ellesmere @ Markham,Mechanical,12.0,24.0,W,1117.0
2017-01-27,104,14:11:00,Friday,Wilson Stn,Mechanical,15.0,30.0,,1365.0
2017-01-27,97,14:25:00,Friday,York Mills stn,Mechanical,30.0,60.0,S/B,1811.0
2017-01-27,47,14:25:00,Friday,Yorkdale,Late Leaving Garage,26.0,52.0,s,1540.0
2017-01-27,32,14:31:00,Friday,Marlee Av. On Eglinton,Investigation,8.0,16.0,WB,1022.0
2017-01-27,85,14:32:00,Friday,Sheppard @ Consumers,Mechanical,7.0,15.0,B,9078.0
2017-01-27,17,14:37:00,Friday,warden stn,Late Leaving Garage,10.0,20.0,nb,7849.0
2017-01-27,24,14:38:00,Friday,Senator O'cconor secondary school,Mechanical,1.0,1.0,SB,7873.0
2017-01-27,24,14:45:00,Friday,Corintian blvd. and Pharmacy ave.,Late Leaving Garage,1.0,1.0,SB,7709.0
2017-01-27,91,14:47:00,Friday,Birchmount Garage,Late Leaving Garage,6.0,12.0,s/b,7758.0
2017-01-27,32,14:52:00,Friday,Pine and Lawrence,Late Leaving Garage,8.0,16.0,eb,1619.0
2017-01-27,109,14:59:00,Friday,Eglinton West Station,Mechanical,28.0,56.0,n,8325.0
2017-01-27,709,15:01:00,Friday,Mt. Dennis Garage,Late Leaving Garage,1.0,1.0,WB,1552.0
2017-01-27,709,15:01:00,Friday,Mt. Dennis Garage,Late Leaving Garage,1.0,1.0,WB,1531.0
2017-01-27,24,15:13:00,Friday,Victoria Park Ave. and Steeles.,Mechanical,9.0,17.0,SB,7808.0
2017-01-27,131,15:18:00,Friday,Kennedy station,Late Leaving Garage,9.0,18.0,N,1248.0
2017-01-27,131,15:23:00,Friday,Kennedy station,Late Leaving Garage,8.0,17.0,N,1712.0
2017-01-27,36,15:24:00,Friday,Finch and Dufferin,Mechanical,5.0,11.0,E/B,9123.0
2017-01-27,24,15:24:00,Friday,Victoria park station,Late Leaving Garage,9.0,17.0,NB,7713.0
2017-01-27,42,15:24:00,Friday,McNicoll/ Victoria Pk,Mechanical,7.0,14.0,E,1514.0
2017-01-27,90,15:28:00,Friday,St.clair W Station,Utilized Off Route,6.0,12.0,n,8303.0
2017-01-27,709,15:30:00,Friday,Mt. Dennis Garage,Late Leaving Garage,1.0,1.0,WB,1544.0
2017-01-27,5,15:30:00,Friday,Queenspark Cres to Eglinton Stn,General Delay,18.0,35.0,b,
2017-01-27,17,15:33:00,Friday,WARDEN STN,Mechanical,8.0,16.0,NB,7729.0
2017-01-27,90,15:38:00,Friday,Oakwood and Vaughan,Late Leaving Garage,6.0,12.0,s,1825.0
2017-01-27,95,15:46:00,Friday,Dolly Warden,Mechanical,5.0,13.0,E,1089.0
2017-01-27,32,15:47:00,Friday,Skymark Ave and Explorer Dr.,Late Leaving Garage,9.0,18.0,eb,1209.0
2017-01-27,90,15:50:00,Friday,Duncan Shop,Late Leaving Garage,1.0,1.0,N,8326.0
2017-01-27,7,15:50:00,Friday,village gate,Late Leaving Garage,8.0,16.0,s,9043.0
2017-01-27,198,15:50:00,Friday,Kennedy STN,Investigation,10.0,20.0,EB,7550.0
2017-01-27,196,15:52:00,Friday,Downsview Stn,Utilized Off Route,3.0,7.0,,8335.0
2017-01-27,112,15:54:00,Friday,"On Kipling, at Burnamthorpe",Mechanical,17.0,33.0,S,8093.0
2017-01-27,11,15:59:00,Friday,Davisville Stn,Utilized Off Route,7.0,15.0,n,8337.0
2017-01-27,11,15:59:00,Friday,Davisville Stn,Utilized Off Route,7.0,15.0,n,1673.0
2017-01-27,25,16:00:00,Friday,Wynford and DonMills,Mechanical,6.0,12.0,n,7553.0
2017-01-27,144,16:00:00,Friday,144-Downtown Express,General Delay,25.0,45.0,BW,
2017-01-27,25,16:04:00,Friday,DonMills and Kern,Investigation,11.0,22.0,n,7507.0
2017-01-27,107,16:09:00,Friday,Downsview Stn,Mechanical,23.0,46.0,S,1364.0
2017-01-27,143,16:30:00,Friday,Downtown Beach Express,General Delay,1.0,1.0,BW,
2017-01-27,121,16:30:00,Friday,strachan to Mill,General Delay,1.0,1.0,b/w,
2017-01-27,188,16:30:00,Friday,"On St. Alban's, at Kipling",Mechanical,7.0,15.0,W,8057.0
2017-01-27,91,16:51:00,Friday,York mills and Silverdale,Mechanical,14.0,28.0,S/B,7818.0
2017-01-27,42,16:52:00,Friday,Finch stn,Mechanical,7.0,13.0,E,8345.0
2017-01-27,95,17:00:00,Friday,UFT Scarborough Loop,Investigation,12.0,24.0,W,1724.0
2017-01-27,91,17:02:00,Friday,Underhill and Lawrence,Utilized Off Route,14.0,28.0,S/B,7827.0
2017-01-27,102,17:15:00,Friday,Warden Station,Utilized Off Route,10.0,20.0,BW,8142.0
2017-01-27,53,17:16:00,Friday,Markham and Passmore,Mechanical,2.0,8.0,W,1777.0
2017-01-27,195,17:17:00,Friday,JNST - Jane station,Mechanical,10.0,20.0,S,8488.0
2017-01-27,116,17:24:00,Friday,Morningside Ave and Ellesmere Rd,Investigation,7.0,15.0,NB,7618.0
2017-01-27,95,17:25:00,Friday,Bay view on York Mills,Investigation,12.0,24.0,E,1734.0
2017-01-27,35,17:28:00,Friday,Jane / Bloor,Investigation,20.0,40.0,N,8562.0
2017-01-27,53,17:30:00,Friday,Kennedy to Silverstar blvd,General Delay,13.0,26.0,E/B,
2017-01-27,122,17:30:00,Friday,Yorkmills and Bayview,General Delay,15.0,31.0,e,
2017-01-27,115,17:30:00,Friday,Yorkmills and Bayview,General Delay,20.0,40.0,EB,
2017-01-27,39,17:30:00,Friday,Bayview  to Warden Ave,General Delay,6.0,12.0,EB,
2017-01-27,95,17:30:00,Friday,York Mills route,General Delay,20.0,40.0,E,1218.0
2017-01-27,198,17:30:00,Friday,Kennedy STN,Mechanical,10.0,20.0,EB,7440.0
2017-01-27,199,17:30:00,Friday,Bayview to Warden Ave,General Delay,8.0,16.0,EB,
2017-01-27,32,17:33:00,Friday,Ronald Ave on Eglinton,Mechanical,8.0,16.0,WB,1029.0
2017-01-27,11,17:39:00,Friday,Steeles Loop,Mechanical,19.0,38.0,s,1714.0
2017-01-27,23,17:47:00,Friday,Rexleigh,Mechanical,7.0,14.0,N/B,7856.0
2017-01-27,53,17:52:00,Friday,Steeles and Warden,Mechanical,5.0,11.0,W,1086.0
2017-01-27,42,18:02:00,Friday,Victoria pk /Gordonbaker,Mechanical,12.0,24.0,W,1796.0
2017-01-27,96,18:04:00,Friday,Wilson and Jethro,Diversion,6.0,26.0,e,1335.0
2017-01-27,11,18:06:00,Friday,Davisville Stn,Mechanical,9.0,17.0,n,8388.0
2017-01-27,12,18:07:00,Friday,Gerrard and Victoria Park,Mechanical,13.0,26.0,SB,7842.0
2017-01-27,165,18:12:00,Friday,Jethro and Kirby,Investigation,10.0,24.0,N,8459.0
2017-01-27,102,18:15:00,Friday,Warden Station,Utilized Off Route,10.0,38.0,BW,7768.0
2017-01-27,102,18:20:00,Friday,WARDEN STATION,Mechanical,10.0,20.0,NB,7724.0
2017-01-27,57,18:21:00,Friday,Kennedy Station,Utilized Off Route,8.0,16.0,NB,7853.0
2017-01-27,62,18:44:00,Friday,CARLAW / MORTIMER,Mechanical,20.0,40.0,N/B,7760.0
2017-01-27,24,18:44:00,Friday,Main stn,Utilized Off Route,17.0,34.0,S/B,7760.0
2017-01-27,131,18:55:00,Friday,Brenyon way and Sewells,Investigation,8.0,16.0,N,1266.0
2017-01-27,53,19:15:00,Friday,Steeles and Townsend,Investigation,5.0,6.0,W,9055.0
2017-01-27,24,19:18:00,Friday,Victoria park and Steeles Loop,Mechanical,10.0,19.0,SB,7774.0
2017-01-27,199,19:26:00,Friday,Don Mills and Ellesmere Rd,Mechanical,13.0,27.0,WB,1113.0
2017-01-27,16,19:42:00,Friday,STC,Mechanical,11.0,22.0,n/b,8121.0
2017-01-27,54,19:51:00,Friday,Starspray Loop,Mechanical,13.0,26.0,wb,7569.0
2017-01-27,34,19:53:00,Friday,Eglinton and Ionview,Investigation,6.0,12.0,WB,7404.0
2017-01-27,102,19:58:00,Friday,warden station,Utilized Off Route,18.0,36.0,n/b,8162.0
2017-01-27,53,20:12:00,Friday,Steeles and Bayview,Mechanical,9.0,13.0,E/B,9066.0
2017-01-27,196,20:27:00,Friday,Sheppard Stn,Investigation,10.0,24.0,WB,8364.0
2017-01-27,53,20:30:00,Friday,Markham and Passmore,Mechanical,5.0,9.0,E/B,1116.0
2017-01-27,196,21:10:00,Friday,Downsview Stn,Utilized Off Route,8.0,16.0,NB,8189.0
2017-01-27,95,21:11:00,Friday,Kingston Road Loop,Late Leaving Garage,14.0,28.0,WB,1759.0
2017-01-27,97,21:12:00,Friday,York Mills stn,Mechanical,20.0,40.0,S,8371.0
2017-01-27,102,21:15:00,Friday,Warden station,Utilized Off Route,18.0,36.0,BW,7765.0
2017-01-27,38,21:48:00,Friday,Old Kingston Road and Highland Creek Pass,Mechanical,12.0,25.0,WB,1402.0
2017-01-27,29,22:37:00,Friday,Dufferin at Ascot,Mechanical,6.0,12.0,NB,8302.0
2017-01-27,94,22:51:00,Friday,Wellesley Station,Mechanical,9.0,18.0,BW,7751.0
2017-01-27,52,23:03:00,Friday,Bus Terminal and Morningstar Dr.,Investigation,18.0,36.0,W/B,1046.0
2017-01-27,17,23:03:00,Friday,Steeles Loop,Emergency Services,22.0,38.0,BW,8157.0
2017-01-27,52,23:06:00,Friday,Lawrence and Duckworth St.,Mechanical,14.0,29.0,E/B,1358.0
2017-01-27,102,23:10:00,Friday,Warden Station,Utilized Off Route,10.0,20.0,BW,8110.0
2017-01-28,36,00:11:00,Saturday,Humberwood Loop,Mechanical,15.0,30.0,W/B,8439.0
2017-01-28,29,00:27:00,Saturday,Wilson Stn,Utilized Off Route,9.0,18.0,SB,8302.0
2017-01-28,75,00:37:00,Saturday,At Carleton,Mechanical,20.0,40.0,SB,8204.0
2017-01-28,100,01:07:00,Saturday,Don Mills & Wynford,Investigation,10.0,20.0,up,7576.0
2017-01-28,41,01:30:00,Saturday,Keele Station,Mechanical,20.0,50.0,N/B,9142.0
2017-01-28,300,03:30:00,Saturday,Bloor- Danforth,General Delay,30.0,60.0,BW,
2017-01-28,396,03:37:00,Saturday,Elmhurst at Islington,Emergency Services,30.0,60.0,W,8450.0
2017-01-28,320,03:42:00,Saturday,Yonge and Yonge,Utilized Off Route,7.0,14.0,S/B,8337.0
2017-01-28,7,04:15:00,Saturday,Wilson Ave and Bathurst,Late Leaving Garage,27.0,1.0,W,9013.0
2017-01-28,300,05:08:00,Saturday,Bathurst and Bloor,Mechanical,29.0,74.0,W/B,8058.0
2017-01-28,29,05:25:00,Saturday,princess gates,Late Leaving Garage,16.0,32.0,N,9014.0
2017-01-28,52,05:36:00,Saturday,Lawrence and Yonge,Late Leaving Garage,24.0,48.0,W,1622.0
2017-01-28,97,05:58:00,Saturday,Davisville station,Late Leaving Garage,24.0,48.0,N,8311.0
2017-01-28,7,06:00:00,Saturday,Bathurst and Wilson,Late Leaving Garage,10.0,43.0,n/b,9056.0
2017-01-28,6,06:01:00,Saturday,Adelaide and Bay,Diversion,142.0,12.0,b/w,1505.0
2017-01-28,116,06:05:00,Saturday,Kennedy STN,Mechanical,10.0,20.0,E/B,7662.0
2017-01-28,84,06:10:00,Saturday,Sheppard Station,Mechanical,10.0,20.0,W,8527.0
2017-01-28,90,06:10:00,Saturday,St Clair W station,Late Leaving Garage,12.0,24.0,N,1820.0
2017-01-28,88,06:10:00,Saturday,St Clair station,Late Leaving Garage,20.0,40.0,N,1701.0
2017-01-28,32,06:13:00,Saturday,Skymark and Explorer,Mechanical,10.0,20.0,E,1600.0
2017-01-28,20,06:18:00,Saturday,Birchmount and Highview,Mechanical,20.0,40.0,EB,8138.0
2017-01-28,127,06:28:00,Saturday,Spadina Station,Late Leaving Garage,22.0,44.0,W,1594.0
2017-01-28,95,06:28:00,Saturday,Markham and Ellesmere,Mechanical,17.0,34.0,W/B,1227.0
2017-01-28,63,06:29:00,Saturday,Liberty Village,Late Leaving Garage,5.0,11.0,5,1614.0
2017-01-28,34,06:38:00,Saturday,Grenoble and Spanbridge,Mechanical,18.0,36.0,W/B,7628.0
2017-01-28,87,07:00:00,Saturday,Broadview Stn,Mechanical,10.0,20.0,EB,8120.0
2017-01-28,34,07:18:00,Saturday,Eglinton and Sutherland,Mechanical,18.0,36.0,W/B,7439.0
2017-01-28,32,07:56:00,Saturday,Eglinton and Keele,Investigation,10.0,20.0,E,1076.0
2017-01-28,32,08:20:00,Saturday,Eglinton and Keele,Diversion,22.0,27.0,E,1621.0
2017-01-28,87,08:35:00,Saturday,Main Station,Mechanical,10.0,20.0,WB,7762.0
2017-01-28,167,08:44:00,Saturday,Finch and Pharmacy,Investigation,30.0,60.0,SB,8121.0
2017-01-28,95,08:54:00,Saturday,Markham and Ellesmere,Mechanical,17.0,34.0,W/B,1106.0
2017-01-28,24,08:55:00,Saturday,Steeles,Utilized Off Route,10.0,20.0,SB,8108.0
2017-01-28,133,09:02:00,Saturday,Mclevin and Neilson,Diversion,93.0,103.0,N/B,1088.0
2017-01-28,87,09:05:00,Saturday,Main Station,Mechanical,10.0,20.0,WB,7856.0
2017-01-28,63,09:12:00,Saturday,Eglinton W station,Late Leaving Garage,5.0,10.0,S,1046.0
2017-01-28,6,09:15:00,Saturday,Bedford St,Mechanical,15.0,30.0,S,1013.0
2017-01-28,79,09:47:00,Saturday,Pine and Lawrence,Late Leaving Garage,12.0,24.0,S,1413.0
2017-01-28,81,09:53:00,Saturday,Pape Stn,Mechanical,8.0,16.0,EB,7847.0
2017-01-28,52,09:53:00,Saturday,Lawrence West Station,Late Leaving Garage,10.0,20.0,W,1354.0
2017-01-28,34,10:05:00,Saturday,Eglinton STN,Mechanical,7.0,15.0,EB,7612.0
2017-01-28,52,10:14:00,Saturday,Jane and Lawrence,Emergency Services,20.0,40.0,w,1645.0
2017-01-28,29,10:27:00,Saturday,Wilson stn,Mechanical,6.0,11.0,s/b,9024.0
2017-01-28,34,11:35:00,Saturday,Eglinton STN,Mechanical,8.0,15.0,EB,7583.0
2017-01-28,7,11:40:00,Saturday,Wilson and Bathurst,Mechanical,10.0,19.0,s/b,9035.0
2017-01-28,80,11:45:00,Saturday,The Queensway at Loma,Investigation,24.0,48.0,w/b,8033.0
2017-01-28,134,12:00:00,Saturday,Washburn/Mammoth Hall,Investigation,15.0,30.0,WB,1745.0
2017-01-28,25,12:00:00,Saturday,Don Mills station,Mechanical,8.0,17.0,dn,7624.0
2017-01-28,37,12:01:00,Saturday,Islington Stn,Mechanical,9.0,18.0,n/b,8079.0
2017-01-28,199,12:18:00,Saturday,Scarboough Town Center,Utilized Off Route,6.0,12.0,WB,1744.0
2017-01-28,759,12:22:00,Saturday,Keele Stn,Utilized Off Route,1.0,1.0,S,1538.0
2017-01-28,709,12:23:00,Saturday,Eg. W Stn,Utilized Off Route,1.0,1.0,S,1513.0
2017-01-28,29,12:25:00,Saturday,Dundas,Utilized Off Route,5.0,10.0,S,1687.0
2017-01-28,65,12:30:00,Saturday,Parliament route,General Delay,10.0,1.0,BW,
2017-01-28,38,12:45:00,Saturday,Ellesmere @ Military Trail,Diversion,34.0,43.0,E,1211.0
2017-01-28,47,12:48:00,Saturday,Yordale,Late Leaving Garage,1.0,1.0,S,1633.0
2017-01-28,198,13:00:00,Saturday,Ellesmere Rd and Military Trail,Diversion,10.0,20.0,EB,7883.0
2017-01-28,127,13:02:00,Saturday,Davenport and Oakwood,Investigation,23.0,46.0,E,1594.0
2017-01-28,86,13:29:00,Saturday,Eglinton Ave E and Barbados Blvd,Investigation,6.0,12.0,WB,7679.0
2017-01-28,95,13:48:00,Saturday,Crocus Drive on Ellesmere Rd.,Investigation,15.0,30.0,W,1109.0
2017-01-28,121,14:00:00,Saturday,Fronty and Bay,Mechanical,15.0,30.0,W,7708.0
2017-01-28,86,14:38:00,Saturday,Eglinton Ave E and Brimley Rd,Mechanical,6.0,12.0,WB,7526.0
2017-01-28,121,14:55:00,Saturday,Frederick and Esplanade,Mechanical,15.0,30.0,E,8119.0
2017-01-28,24,15:13:00,Saturday,Vic Park Stn,Mechanical,9.0,18.0,S/B,8166.0
2017-01-28,29,15:44:00,Saturday,Dufferin and Gibson,Investigation,3.0,6.0,n,9006.0
2017-01-28,85,16:24:00,Saturday,Sheppard @ Warden,Mechanical,6.0,11.0,W,1201.0
2017-01-28,38,17:39:00,Saturday,Rough Hill Go,Mechanical,9.0,18.0,W,1713.0
2017-01-28,6,17:50:00,Saturday,College and Bay,Diversion,95.0,12.0,s,1505.0
2017-01-28,25,18:05:00,Saturday,Don Mills & Sheppard,Investigation,8.0,17.0,dn,7531.0
2017-01-28,63,18:10:00,Saturday,Davenport & Oakwood,Diversion,50.0,55.0,s/b,1066.0
2017-01-28,29,18:37:00,Saturday,Wilson Stn,Utilized Off Route,8.0,14.0,s,8307.0
2017-01-28,185,18:39:00,Saturday,Pape & Cosburn,Investigation,10.0,19.0,up,7561.0
2017-01-28,131,18:48:00,Saturday,STC,Mechanical,18.0,36.0,E,1220.0
2017-01-28,85,19:37:00,Saturday,Sheppard Stn,Investigation,20.0,40.0,E,1718.0
2017-01-28,29,19:44:00,Saturday,Dufferin and Gibson,Mechanical,3.0,6.0,n,8326.0
2017-01-28,121,20:00:00,Saturday,Fort York Route,General Delay,15.0,30.0,EB,7708.0
2017-01-28,123,20:13:00,Saturday,"On West Mall, at Queensway",Mechanical,30.0,60.0,S,7904.0
2017-01-28,89,20:50:00,Saturday,Keele station,Mechanical,10.0,20.0,s,1564.0
2017-01-28,36,21:00:00,Saturday,Route 36,General Delay,10.0,20.0,BW,
2017-01-28,95,21:10:00,Saturday,Ellesmere Cul-De-Sac Kingston Loop,Late Leaving Garage,10.0,20.0,WB,1733.0
2017-01-28,102,21:32:00,Saturday,Markham Road and Highway 7,Investigation,50.0,100.0,NB,7869.0
2017-01-28,25,21:35:00,Saturday,Pape Station,Mechanical,9.0,18.0,NB,7539.0
2017-01-28,102,21:42:00,Saturday,Markham and Select,Utilized Off Route,10.0,20.0,SB,7750.0
2017-01-28,7,21:55:00,Saturday,Bathurst Station,Mechanical,9.0,18.0,NB,9015.0
2017-01-28,14,21:55:00,Saturday,Caledonia and Tycos,Investigation,20.0,40.0,e,1566.0
2017-01-28,36,21:56:00,Saturday,Humberwood & Morningstar,Mechanical,10.0,20.0,E,8464.0
2017-01-28,169,22:36:00,Saturday,Van Horne Edmonton,Emergency Services,30.0,60.0,WB,1343.0
2017-01-28,33,22:39:00,Saturday,Chaplin Roselawn,Utilized Off Route,20.0,40.0,SB,1668.0
2017-01-28,63,22:41:00,Saturday,Eglinton west station,Utilized Off Route,10.0,20.0,n,1066.0
2017-01-28,191,23:01:00,Saturday,Kipling Subway Station,Mechanical,10.0,20.0,S/B,7919.0
2017-01-28,69,23:10:00,Saturday,Warden Station,Mechanical,20.0,40.0,EB,8156.0
2017-01-28,106,23:19:00,Saturday,York U,Mechanical,12.0,24.0,S/B,8615.0
2017-01-28,94,23:53:00,Saturday,Ossington Station,Investigation,10.0,20.0,SB,7798.0
2017-01-28,7,23:53:00,Saturday,Bathurst Stn,Mechanical,10.0,20.0,NB,9010.0
2017-01-29,17,00:01:00,Sunday,Birchmount Rd and Ellesmere Rd,Investigation,22.0,44.0,SB,7838.0
2017-01-29,102,00:12:00,Sunday,Markham Rd and Finch Ave East,Mechanical,10.0,20.0,NB,8101.0
2017-01-29,36,00:23:00,Sunday,Finch w & Kipling,Mechanical,10.0,20.0,E,8590.0
2017-01-29,12,01:00:00,Sunday,Victoria Park Station,Investigation,30.0,1.0,SB,8150.0
2017-01-29,337,02:18:00,Sunday,Islington & Fordwich,Investigation,337.0,8.0,S,8061.0
2017-01-29,300,02:25:00,Sunday,Bloor-Danforth,General Delay,30.0,60.0,BW`,
2017-01-29,307,03:10:00,Sunday,Steeles &  Bathurst,Mechanical,30.0,60.0,S,8186.0
2017-01-29,395,05:10:00,Sunday,Ellesmere and Bayview,Mechanical,30.0,60.0,E,1727.0
2017-01-29,300,05:13:00,Sunday,Transway cres and Kennedy rd,Mechanical,27.0,60.0,W,7764.0
2017-01-29,36,05:55:00,Sunday,Arrow & Finch,Late Leaving Garage,22.0,38.0,EB,1291.0
2017-01-29,41,06:41:00,Sunday,Founders / Steeles,Mechanical,20.0,40.0,s,1641.0
2017-01-29,102,06:49:00,Sunday,Birchmount garage,Late Leaving Garage,61.0,122.0,SB,8166.0
2017-01-29,102,06:52:00,Sunday,Warden Stn,Late Leaving Garage,10.0,20.0,NB,8144.0
2017-01-29,102,07:02:00,Sunday,Steeles and Markham,Late Leaving Garage,10.0,20.0,SB,7788.0
2017-01-29,39,07:09:00,Sunday,McCowan - Middlefield,Mechanical,17.0,34.0,W,1121.0
2017-01-29,54,07:10:00,Sunday,Orton Park and Brimorton,Emergency Services,52.0,82.0,W/B,7403.0
2017-01-29,12,07:16:00,Sunday,Victoria Park Stn,Late Leaving Garage,20.0,40.0,EB,7838.0
2017-01-29,125,07:41:00,Sunday,Bathurst and Antibies,Late Leaving Garage,7.0,0.0,W,8388.0
2017-01-29,83,07:45:00,Sunday,Lakeshore garage,Late Leaving Garage,30.0,60.0,EB,7837.0
2017-01-29,196,07:45:00,Sunday,The Commons,Late Leaving Garage,10.0,0.0,s,1817.0
2017-01-29,23,07:48:00,Sunday,Ferris and Dawes,Late Leaving Garage,12.0,24.0,EB,8139.0
2017-01-29,44,08:00:00,Sunday,Col Sam Loop,Mechanical,17.0,34.0,n,7910.0
2017-01-29,41,08:00:00,Sunday,Keele stn,Late Leaving Garage,10.0,20.0,n,1583.0
2017-01-29,63,08:01:00,Sunday,Shaw / King,Investigation,10.0,20.0,s,1059.0
2017-01-29,129,08:07:00,Sunday,Major Mac - Ridgecrest,Late Leaving Garage,1.0,50.0,S,1101.0
2017-01-29,22,08:09:00,Sunday,Bingham Loop,Mechanical,10.0,20.0,W/B,7883.0
2017-01-29,38,08:12:00,Sunday,Rouge Go Station,Mechanical,12.0,24.0,W,1761.0
2017-01-29,123,08:14:00,Sunday,long Branch loop,Mechanical,20.0,40.0,n,7969.0
2017-01-29,87,08:15:00,Sunday,Main stn,Utilized Off Route,10.0,20.0,n/b,7871.0
2017-01-29,113,08:16:00,Sunday,Birchmount and Danforth,Mechanical,24.0,48.0,E/B,8156.0
2017-01-29,46,08:32:00,Sunday,Steeles Loop,Late Leaving Garage,16.0,32.0,SB,8557.0
2017-01-29,29,08:35:00,Sunday,Wilson Station,Late Leaving Garage,6.0,12.0,s,9018.0
2017-01-29,87,08:39:00,Sunday,Main stn,Mechanical,10.0,20.0,n/b,7871.0
2017-01-29,185,08:45:00,Sunday,Don Mills and Legato crt (N of Lawrence),Mechanical,10.0,20.0,N/B,7502.0
2017-01-29,7,08:49:00,Sunday,Village Gate and Steeles,Mechanical,10.0,20.0,s,9022.0
2017-01-29,73,09:02:00,Sunday,Weston Rd at Dee Ave,Investigation,29.0,58.0,s/b,7912.0
2017-01-29,90,09:30:00,Sunday,St.Clair W Station,Mechanical,12.0,24.0,N,8206.0
2017-01-29,54,09:34:00,Sunday,Orton Park and Brimorton,Late Leaving Garage,15.0,30.0,W/B,7468.0
2017-01-29,66,10:30:00,Sunday,Old Mill Stn,Mechanical,20.0,40.0,s/b,7904.0
2017-01-29,11,10:39:00,Sunday,Davisville stn,Mechanical,15.0,30.0,n,1385.0
2017-01-29,29,10:47:00,Sunday,Wilson Station,Mechanical,6.0,12.0,s,9002.0
2017-01-29,29,10:47:00,Sunday,Dufferin and Dundas,Mechanical,6.0,12.0,s,8209.0
2017-01-29,87,11:55:00,Sunday,Main Station,Mechanical,10.0,20.0,W,7779.0
2017-01-29,125,11:56:00,Sunday,Bathurst and Antibies,Mechanical,15.0,30.0,W,8182.0
2017-01-29,52,12:13:00,Sunday,Lawrence and Jane,Mechanical,7.0,14.0,E,1543.0
2017-01-29,87,12:25:00,Sunday,Main Stn,Utilized Off Route,10.0,20.0,NB,7770.0
2017-01-29,63,12:27:00,Sunday,Oakwood / Rogers,Investigation,7.0,13.0,s,1617.0
2017-01-29,121,12:38:00,Sunday,Spadina and Bremier Blvd,Mechanical,15.0,30.0,W,7736.0
2017-01-29,24,12:46:00,Sunday,Victoria Park,Late Leaving Garage,9.0,18.0,NB,7731.0
2017-01-29,53,13:36:00,Sunday,Finch Station,Late Leaving Garage,24.0,48.0,eb,1716.0
2017-01-29,192,13:37:00,Sunday,Kipling Stn,Mechanical,8.0,17.0,n,8006.0
2017-01-29,95,13:38:00,Sunday,Ellesmere and Brimley,Mechanical,14.0,34.0,E/B,1723.0
2017-01-29,121,14:00:00,Sunday,Blue Jays Way,General Delay,15.0,1.0,BW,
2017-01-29,86,14:25:00,Sunday,Eglinton & Bellamy,Mechanical,8.0,15.0,up,7542.0
2017-01-29,41,15:04:00,Sunday,Keele and lawrence,Emergency Services,10.0,19.0,N,1287.0
2017-01-29,97,15:15:00,Sunday,Yonge / Eglinton,Investigation,30.0,60.0,s,8189.0
2017-01-29,43,15:25:00,Sunday,Kennedy STN,Mechanical,10.0,20.0,N,7523.0
2017-01-29,7,15:38:00,Sunday,Bathurst station,Mechanical,8.0,15.0,N,9025.0
2017-01-29,87,15:45:00,Sunday,Main Station,Utilized Off Route,10.0,20.0,W,7812.0
2017-01-29,23,15:50:00,Sunday,Main Station,Mechanical,10.0,20.0,N,8139.0
2017-01-29,125,15:59:00,Sunday,Antebes And Bathurst.,Mechanical,15.0,30.0,s/b,8182.0
2017-01-29,52,16:30:00,Sunday,Dixon and Islington.,Emergency Services,33.0,42.0,E/B,
2017-01-29,102,16:30:00,Sunday,Warden Station,Mechanical,60.0,120.0,N/B,8110.0
2017-01-29,113,16:42:00,Sunday,Kennedy Station,Mechanical,20.0,40.0,SB,8153.0
2017-01-29,121,16:52:00,Sunday,Navy Wharf and Bremner,Investigation,15.0,30.0,EB,8138.0
2017-01-29,34,18:26:00,Sunday,Eglinton and Brentcliffe,Mechanical,9.0,19.0,E,7435.0
2017-01-29,54,18:32:00,Sunday,Eglinton Stn,Investigation,16.0,32.0,EB,7702.0
2017-01-29,97,18:54:00,Sunday,Younge/Drewery,Mechanical,30.0,60.0,s/b,1829.0
2017-01-29,98,19:41:00,Sunday,Yonge And Sheppard,Diversion,1.0,1.0,e/b,8391.0
2017-01-29,60,19:45:00,Sunday,Hilda,Investigation,5.0,10.0,e,8437.0
2017-01-29,85,19:50:00,Sunday,Yonge and Sheppard,Diversion,15.0,35.0,WB,1741.0
2017-01-29,51,19:50:00,Sunday,Eglinton/Hoyle,Mechanical,30.0,60.0,E/B,8340.0
2017-01-29,7,20:11:00,Sunday,Steeles,Mechanical,9.0,17.0,S,8337.0
2017-01-29,53,20:25:00,Sunday,Warden Av-Steels Av,Diversion,7.0,32.0,WB,1704.0
2017-01-29,196,20:59:00,Sunday,Downsview Station,Mechanical,12.0,24.0,N,1702.0
2017-01-29,102,21:30:00,Sunday,Warden Station,Mechanical,10.0,20.0,EB,7772.0
2017-01-29,72,21:57:00,Sunday,Pape Ave and Danforth Ave,Mechanical,18.0,36.0,SB,7855.0
2017-01-29,12,22:00:00,Sunday,Kennedy Station,Mechanical,50.0,110.0,EB,7724.0
2017-01-29,54,22:13:00,Sunday,Lawrence Ave and Scarborough Golf Club Road,Mechanical,19.0,38.0,WB,7561.0
2017-01-29,72,22:17:00,Sunday,Queen St East and Pape Ave,Utilized Off Route,18.0,36.0,NB,8113.0
2017-01-29,60,22:33:00,Sunday,Steeles & Village gate,Investigation,20.0,40.0,E,8499.0
2017-01-29,53,23:00:00,Sunday,Steele Ave East at Middlefield Rd,Mechanical,24.0,46.0,E,1704.0
2017-01-29,168,23:15:00,Sunday,"On Old Weston Rd., at St. Clair Ave.",Investigation,12.0,24.0,N,8095.0
2017-01-29,81,23:36:00,Sunday,Thorncliffe Park and Mile Post Place,Mechanical,12.0,24.0,EB,8116.0
2017-01-29,106,23:42:00,Sunday,Not Tracking,Mechanical,0.0,0.0,S/b,8555.0
2017-01-29,22,23:57:00,Sunday,Woodbine Ave and Kingston Rd,Diversion,10.0,20.0,WB,7426.0
2017-01-30,84,00:04:00,Monday,Downsview Station,Utilized Off Route,10.0,20.0,E/b,8522.0
2017-01-30,76,00:05:00,Monday,Lakeshore/Mimico,Utilized Off Route,10.0,20.0,s/b,7971.0
2017-01-30,45,00:18:00,Monday,Kipling stnb,Mechanical,10.0,20.0,s/b,8061.0
2017-01-30,102,00:20:00,Monday,Warden Station,Mechanical,10.0,20.0,,7786.0
2017-01-30,97,00:20:00,Monday,Eglinton/Yonge,Mechanical,30.0,60.0,w,1377.0
2017-01-30,134,00:29:00,Monday,TAPSCOTT AND CROWTRAIL,Emergency Services,22.0,44.0,S,1725.0
2017-01-30,102,00:31:00,Monday,Markham Road and Eglinton Ave East,Mechanical,10.0,20.0,NB,8170.0
2017-01-30,43,00:45:00,Monday,Kennedy Station,Mechanical,10.0,20.0,NB,7596.0
2017-01-30,133,00:51:00,Monday,STC,Utilized Off Route,13.0,26.0,E,1709.0
2017-01-30,95,01:18:00,Monday,ELLESMERE AND MARKHAM,Mechanical,10.0,20.0,W,1213.0
2017-01-30,385,02:27:00,Monday,SHEPPARD AND McCOWAN,Investigation,30.0,60.0,W,1754.0
2017-01-30,341,03:21:00,Monday,Keele & Dovehouse,Diversion,24.0,54.0,BW,
2017-01-30,131,03:31:00,Monday,Kennedy Stn,Mechanical,9.0,17.0,NB,1097.0
2017-01-30,336,04:01:00,Monday,Finch w & Yonge,Mechanical,30.0,60.0,W,1109.0
2017-01-30,325,04:32:00,Monday,EAPA,Mechanical,30.0,60.0,N,7469.0
2017-01-30,87,05:02:00,Monday,main stn,Late Leaving Garage,5.0,10.0,wb,8106.0
2017-01-30,87,05:08:00,Monday,broadview stn,Late Leaving Garage,5.0,10.0,eb,7725.0
2017-01-30,24,05:21:00,Monday,BINGHAM LOOP,Late Leaving Garage,18.0,50.0,N,7813.0
2017-01-30,57,05:33:00,Monday,MIDLAND AND STEELES.,Late Leaving Garage,8.0,16.0,SB,7742.0
2017-01-30,116,05:33:00,Monday,Kennedy Station,Late Leaving Garage,12.0,24.0,EB,7610.0
2017-01-30,39,05:37:00,Monday,Finch - Baldoon,Late Leaving Garage,5.0,7.0,E,1086.0
2017-01-30,25,05:50:00,Monday,Don Mills and Duncan Mills,Mechanical,6.0,9.0,S/B,7415.0
2017-01-30,47,05:53:00,Monday,Queen and Lansdown,Utilized Off Route,4.0,9.0,N/B,1067.0
2017-01-30,86,05:58:00,Monday,Kennedy Station,Late Leaving Garage,8.0,13.0,EB,7548.0
2017-01-30,74,05:59:00,Monday,St Clair Station,Late Leaving Garage,17.0,34.0,N,8201.0
2017-01-30,52,05:59:00,Monday,Lawrence stn,Mechanical,18.0,36.0,w,1412.0
2017-01-30,45,06:00:00,Monday,Kipling Stn,Utilized Off Route,20.0,41.0,n,8023.0
2017-01-30,85,06:01:00,Monday,Rouge Hill Go Station,Late Leaving Garage,9.0,21.0,w,9093.0
2017-01-30,127,06:02:00,Monday,Spadina Station,Late Leaving Garage,17.0,34.0,W/B,1593.0
2017-01-30,88,06:12:00,Monday,St Clair Station,Late Leaving Garage,12.0,24.0,S,1534.0
2017-01-30,52,06:14:00,Monday,Lawrence stn,Mechanical,3.0,6.0,w,1253.0
2017-01-30,100,06:20:00,Monday,Don Mills Eglinton ave,Mechanical,1.0,1.0,sb,7440.0
2017-01-30,191,06:24:00,Monday,Royalcrest,Late Leaving Garage,6.0,12.0,Nb,7946.0
2017-01-30,122,06:26:00,Monday,Roywood and Underpass Gate,Mechanical,12.0,20.0,E,8388.0
2017-01-30,6,06:29:00,Monday,Bedford and Dupont,Mechanical,8.0,19.0,SB,1556.0
2017-01-30,111,06:30:00,Monday,KIPLING STN,Late Leaving Garage,10.0,20.0,N,7949.0
2017-01-30,60,06:30:00,Monday,Dufferin & Steeles,Investigation,14.0,23.0,WB,8473.0
2017-01-30,81,06:31:00,Monday,pape stn,Mechanical,5.0,10.0,nb,7736.0
2017-01-30,195,06:35:00,Monday,Jane and Steeles,Late Leaving Garage,8.0,17.0,S,7978.0
2017-01-30,127,06:42:00,Monday,Townsley Loop,Mechanical,17.0,36.0,e,1596.0
2017-01-30,89,06:45:00,Monday,Albion / Weston,Late Leaving Garage,5.0,10.0,s,1653.0
2017-01-30,199,06:47:00,Monday,Scar Town Centre Station,Late Leaving Garage,8.0,11.0,W,1738.0
2017-01-30,134,06:50:00,Monday,STC,Mechanical,24.0,46.0,E,1707.0
2017-01-30,42,06:50:00,Monday,Finch Station,Late Leaving Garage,12.0,24.0,E,1677.0
2017-01-30,45,06:52:00,Monday,Steeles loop,Mechanical,6.0,12.0,s,8099.0
2017-01-30,54,06:53:00,Monday,Orton park Lawrence ave,Emergency Services,9.0,18.0,wb,7534.0
2017-01-30,89,06:54:00,Monday,Albion / Weston,Utilized Off Route,5.0,10.0,s,1005.0
2017-01-30,165,06:55:00,Monday,weston at finch,Investigation,6.0,12.0,n,8468.0
2017-01-30,85,06:56:00,Monday,Sheppard and Mccowan,Mechanical,7.0,13.0,w,9080.0
2017-01-30,134,06:57:00,Monday,STC,Utilized Off Route,0.0,6.0,E,1729.0
2017-01-30,126,07:00:00,Monday,St Clair west station,Emergency Services,17.0,34.0,sb,1416.0
2017-01-30,134,07:03:00,Monday,STC,Late Leaving Garage,6.0,12.0,E,1742.0
2017-01-30,186,07:05:00,Monday,Humber College,Investigation,10.0,20.0,e,8534.0
2017-01-30,198,07:08:00,Monday,Scarborough college loop,Mechanical,10.0,20.0,WB,7438.0
2017-01-30,90,07:10:00,Monday,St.Clair West station,Diversion,12.0,16.0,n,8189.0
2017-01-30,6,07:13:00,Monday,Bedford and Dupont,Late Leaving Garage,4.0,8.0,sb,1387.0
2017-01-30,199,07:13:00,Monday,Mornignside-Nightstar,Late Leaving Garage,8.0,16.0,W,1229.0
2017-01-30,39,07:15:00,Monday,Finch Station,Mechanical,9.0,18.0,E,1130.0
2017-01-30,33,07:15:00,Monday,St.Clair West Station,Diversion,22.0,42.0,N,8372.0
2017-01-30,199,07:17:00,Monday,Scar Town Centre Station,Late Leaving Garage,12.0,23.0,W,1141.0
2017-01-30,56,07:26:00,Monday,Eglinton Station,Late Leaving Garage,9.0,24.0,E,8193.0
2017-01-30,124,07:37:00,Monday,Sunnybrook Hospital,Mechanical,5.0,10.0,W,8204.0
2017-01-30,95,07:52:00,Monday,York Mills and Silverdale,Mechanical,8.0,15.0,E,1100.0
2017-01-30,45,07:55:00,Monday,Kipling /John Garland,Mechanical,6.0,12.0,n,8078.0
2017-01-30,45,08:19:00,Monday,Kipling Stn,Emergency Services,6.0,12.0,n,8417.0
2017-01-30,198,08:26:00,Monday,Kingston/Saunders,Mechanical,10.0,20.0,WB,7438.0
2017-01-30,41,08:33:00,Monday,York University / Keele,Utilized Off Route,15.0,30.0,s,1620.0
2017-01-30,196,08:42:00,Monday,Downsview Stn,Utilized Off Route,3.0,5.0,W/B,8364.0
2017-01-30,90,09:00:00,Monday,St Clair W Stn,Utilized Off Route,4.0,8.0,n,1789.0
2017-01-30,29,09:19:00,Monday,Princes Gates,Mechanical,5.0,10.0,n,9014.0
2017-01-30,45,09:24:00,Monday,Belfield / Brockport,Investigation,22.0,44.0,n,8013.0
2017-01-30,89,09:41:00,Monday,Weston / Walsh,Mechanical,10.0,19.0,n,1055.0
2017-01-30,68,09:57:00,Monday,Warden ave Hunttingwood ave,Investigation,10.0,20.0,sb,7641.0
2017-01-30,53,09:59:00,Monday,Steeles &  Midland,Mechanical,5.0,10.0,E,1125.0
2017-01-30,45,10:00:00,Monday,Kipling Stn,Utilized Off Route,10.0,20.0,n,7911.0
2017-01-30,26,10:17:00,Monday,Jane and Annette,Mechanical,20.0,40.0,SB,1654.0
2017-01-30,26,10:17:00,Monday,Jane and Baby point,Mechanical,20.0,40.0,SB,1654.0
2017-01-30,116,10:25:00,Monday,2466 eglinton Ave.E.,Mechanical,10.0,20.0,WB,7634.0
2017-01-30,185,10:36:00,Monday,Don Mills STN,Mechanical,10.0,20.0,S/B,7099.0
2017-01-30,44,10:40:00,Monday,Kipling / Horner,Diversion,51.0,44.0,BW's,7943.0
2017-01-30,75,10:42:00,Monday,Jarvis and Lakeshore,Diversion,5.0,12.0,n,1810.0
2017-01-30,110,10:50:00,Monday,kipling Ave at Horner Ave,Diversion,53.0,71.0,w/b,8083.0
2017-01-30,35,10:51:00,Monday,Sheppard,Mechanical,20.0,40.0,S,7940.0
2017-01-30,39,10:58:00,Monday,Finch - Dudley,Mechanical,7.0,20.0,W,1734.0
2017-01-30,42,11:00:00,Monday,Finch Station,Mechanical,27.0,54.0,E,8308.0
2017-01-30,188,11:00:00,Monday,KIPLING STN,Mechanical,7.0,14.0,s/b,8415.0
2017-01-30,44,11:00:00,Monday,Kipling / Horner,General Delay,10.0,16.0,BW's,7906.0
2017-01-30,188,11:00:00,Monday,entire route,General Delay,7.0,20.0,b/w,
2017-01-30,12,11:14:00,Monday,VICTORIA PARK STN,Mechanical,20.0,40.0,NB,8126.0
2017-01-30,199,11:32:00,Monday,Scar Town Centre Station,Mechanical,8.0,12.0,W,1402.0
2017-01-30,102,11:35:00,Monday,Midland and Kingston,Mechanical,10.0,20.0,NB,7804.0
2017-01-30,102,11:35:00,Monday,Brimley and St Clair,Mechanical,30.0,60.0,NB,7804.0
2017-01-30,118,12:30:00,Monday,Wilson Stn.,Mechanical,25.0,50.0,w,8460.0
2017-01-30,95,12:31:00,Monday,U of T scarborough Loop,Mechanical,15.0,30.0,W,1758.0
2017-01-30,32,12:44:00,Monday,Skymark Ave. / Commerce Blvd,Investigation,9.0,18.0,EB,1598.0
2017-01-30,29,13:05:00,Monday,Homedale Rd on Dufferin,Investigation,5.0,10.0,s/b,9004.0
2017-01-30,52,13:15:00,Monday,Jane and Lawrence,Mechanical,13.0,26.0,e/b,1045.0
2017-01-30,52,13:45:00,Monday,Jane and Lawrence,Mechanical,13.0,26.0,e/b,1034.0
2017-01-30,52,13:48:00,Monday,Lawrence stn,Utilized Off Route,13.0,26.0,w/b,1035.0
2017-01-30,192,13:48:00,Monday,T3,Mechanical,10.0,20.0,s,8010.0
2017-01-30,108,13:49:00,Monday,Jane and Driftwood,Mechanical,9.0,18.0,S,1332.0
2017-01-30,54,13:55:00,Monday,OTBR,Investigation,13.0,26.0,E,7525.0
2017-01-30,24,14:00:00,Monday,Victoria Park Station,Mechanical,10.0,20.0,NB,7829.0
2017-01-30,84,14:06:00,Monday,WEBR,Mechanical,8.0,16.0,E,8576.0
2017-01-30,95,14:13:00,Monday,Kingston Road and Ellesmere,Mechanical,15.0,30.0,W/B,1261.0
2017-01-30,52,14:14:00,Monday,Lawrence stn,Utilized Off Route,13.0,26.0,w/b,1525.0
2017-01-30,78,14:17:00,Monday,Fifeshire Rd and Carluke Cres.,Mechanical,30.0,60.0,s/b,8314.0
2017-01-30,165,14:17:00,Monday,Weston and Finch,Late Leaving Garage,1.0,49.0,N,8567.0
2017-01-30,76,14:21:00,Monday,Lakeshore and mimico,Mechanical,9.0,18.0,n/b,7956.0
2017-01-30,84,14:28:00,Monday,St.Basil's,Late Leaving Garage,1.0,1.0,E,1574.0
2017-01-30,23,14:32:00,Monday,Main Station,Late Leaving Garage,7.0,14.0,N,7747.0
2017-01-30,190,14:33:00,Monday,Midland Ave /Sheppard Ave E,Emergency Services,10.0,20.0,WB,7486.0
2017-01-30,29,14:33:00,Monday,Wilson Station,Mechanical,4.0,9.0,s/b,9028.0
2017-01-30,65,14:36:00,Monday,Castlefrank Station,Late Leaving Garage,9.0,18.0,S,7841.0
2017-01-30,52,14:39:00,Monday,Lawrence stn,Late Leaving Garage,15.0,27.0,e/b,1590.0
2017-01-30,7,14:40:00,Monday,Bathurst and Wilson,Mechanical,8.0,16.0,N,9023.0
2017-01-30,12,14:43:00,Monday,Victoria Park Station,Late Leaving Garage,14.0,28.0,EB,7798.0
2017-01-30,81,14:43:00,Monday,Pape Station,Late Leaving Garage,8.0,16.0,NB,7776.0
2017-01-30,109,14:46:00,Monday,Eglinton West station,Mechanical,14.0,28.0,N,1684.0
2017-01-30,161,14:48:00,Monday,Lambton and Jane,Late Leaving Garage,8.0,18.0,E,1233.0
2017-01-30,96,14:50:00,Monday,MDNA - Madonna School Trip,Late Leaving Garage,5.0,10.0,W,9132.0
2017-01-30,87,14:53:00,Monday,Broadview Station,Late Leaving Garage,6.0,12.0,E,7810.0
2017-01-30,20,15:00:00,Monday,Main Station,Late Leaving Garage,14.0,28.0,EB,8126.0
2017-01-30,709,15:01:00,Monday,Mt. Dennis Garage,Late Leaving Garage,1.0,1.0,EB,1009.0
2017-01-30,709,15:01:00,Monday,Mt. Dennis Garage,Late Leaving Garage,1.0,1.0,EB,1614.0
2017-01-30,709,15:01:00,Monday,Mt. Dennis Garage,Late Leaving Garage,1.0,1.0,EB,1004.0
2017-01-30,96,15:03:00,Monday,Carrier Loop,Late Leaving Garage,24.0,32.0,E,1243.0
2017-01-30,16,15:04:00,Monday,SB Lawrence and McCowan,Late Leaving Garage,8.0,16.0,NB,7804.0
2017-01-30,54,15:04:00,Monday,Garage,Late Leaving Garage,18.0,31.0,E,7609.0
2017-01-30,46,15:05:00,Monday,SLPM - Steeles / Martin Grove loop,Mechanical,10.0,25.0,S,8442.0
2017-01-30,87,15:05:00,Monday,Main Station,Utilized Off Route,6.0,12.0,W,8145.0
2017-01-30,62,15:06:00,Monday,Broadview Station,Late Leaving Garage,15.0,30.0,E,8144.0
2017-01-30,125,15:07:00,Monday,Bathurst/Antibes,Late Leaving Garage,5.0,10.0,EB,8371.0
2017-01-30,57,15:08:00,Monday,Midland and Steeles,Late Leaving Garage,8.0,16.0,SB,7812.0
2017-01-30,53,15:09:00,Monday,Brebeuf Coll and Steeles Av,Late Leaving Garage,4.0,4.0,eb,9098.0
2017-01-30,24,15:09:00,Monday,Victoria Park & Steeles,Diversion,10.0,83.0,BW,
2017-01-30,102,15:13:00,Monday,Warden Stn,Late Leaving Garage,5.0,10.0,NB,8125.0
2017-01-30,143,15:15:00,Monday,Adelaide and George Street,Diversion,1.0,1.0,EB,
2017-01-30,72,15:15:00,Monday,Front and Bay,Late Leaving Garage,14.0,28.0,EB,8146.0
2017-01-30,67,15:18:00,Monday,Pharmacy & Ellesmere,Mechanical,12.0,27.0,up,7668.0
2017-01-30,105,15:18:00,Monday,Downsview stn.,Mechanical,12.0,24.0,n,1811.0
2017-01-30,41,15:22:00,Monday,Dundas and Keele,Mechanical,19.0,1.0,E,1041.0
2017-01-30,105,15:22:00,Monday,Steeles,Mechanical,20.0,40.0,s,1534.0
2017-01-30,95,15:23:00,Monday,Kingston Rd Cul Du Sac,Mechanical,9.0,18.0,W,1723.0
2017-01-30,106,15:24:00,Monday,Finch and Sentinel,Investigation,6.0,12.0,S/B,9038.0
2017-01-30,35,15:25:00,Monday,JNST,Late Leaving Garage,15.0,30.0,N,
2017-01-30,24,15:26:00,Monday,Victoria Park Station,Late Leaving Garage,20.0,37.0,nb,7811.0
2017-01-30,6,15:26:00,Monday,Davenport and Yonge,Late Leaving Garage,11.0,22.0,s,1019.0
2017-01-30,29,15:33:00,Monday,Princess Gate,Mechanical,5.0,11.0,n/b,9041.0
2017-01-30,52,15:35:00,Monday,Airport Terminal 1,Late Leaving Garage,11.0,17.0,e/b,1074.0
2017-01-30,52,15:38:00,Monday,Weston and Lawrence west,Late Leaving Garage,5.0,5.0,e/b,1650.0
2017-01-30,22,15:39:00,Monday,Eastern Ave /Coxwell Ave,Diversion,8.0,16.0,WB,7617.0
2017-01-30,195,15:39:00,Monday,Commons,Mechanical,10.0,20.0,S,8485.0
2017-01-30,102,15:40:00,Monday,Green Cedar,Emergency Services,4.0,8.0,sb,7819.0
2017-01-30,53,15:40:00,Monday,Morningside and Staines,Late Leaving Garage,15.0,30.0,wb,9087.0
2017-01-30,52,15:43:00,Monday,Weston and Lawrence west,Late Leaving Garage,5.0,5.0,e/b,1638.0
2017-01-30,24,15:43:00,Monday,Victoria Park Station,Late Leaving Garage,1.0,1.0,NB,8136.0
2017-01-30,24,15:43:00,Monday,Victoria Park & Steeles,Late Leaving Garage,9.0,17.0,SB,7866.0
2017-01-30,199,15:50:00,Monday,Kenneth Ave and Finch ave E,Investigation,4.0,12.0,e,1767.0
2017-01-30,46,15:50:00,Monday,Kipling station,Late Leaving Garage,10.0,20.0,N,1284.0
2017-01-30,52,15:51:00,Monday,Airport Terminal 1,Late Leaving Garage,11.0,16.0,e/b,1583.0
2017-01-30,52,15:54:00,Monday,Lawrence west stn,Late Leaving Garage,11.0,22.0,w/b,1604.0
2017-01-30,95,15:57:00,Monday,Ellesmere Rd at OPP426,Mechanical,5.0,10.0,W,1723.0
2017-01-30,63,16:03:00,Monday,Eglinton West and Allen Rd,General Delay,11.0,21.0,s,1013.0
2017-01-30,41,16:04:00,Monday,York U Commons,Late Leaving Garage,14.0,29.0,S,1354.0
2017-01-30,195,16:16:00,Monday,Woolner,Emergency Services,10.0,20.0,N,7916.0
2017-01-30,17,16:21:00,Monday,Warden Station,Mechanical,8.0,16.0,,7714.0
2017-01-30,167,16:24:00,Monday,Don Mills Station,Mechanical,24.0,34.0,NB,8168.0
2017-01-30,167,16:24:00,Monday,Don Mills Station,Mechanical,24.0,34.0,NB,8168.0
2017-01-30,161,16:36:00,Monday,Oakwood and St. Clair,Emergency Services,11.0,22.0,N,1548.0
2017-01-30,54,16:45:00,Monday,ESTN,Mechanical,19.0,29.0,E,7489.0
2017-01-30,133,16:52:00,Monday,Scarborough Town Center RT Station,Mechanical,7.0,14.0,SB,1771.0
2017-01-30,52,16:55:00,Monday,Lawrence stn,Investigation,11.0,22.0,w/b,1551.0
2017-01-30,115,16:55:00,Monday,York Mills and Bayview Ave.,Mechanical,20.0,40.0,w/b,1374.0
2017-01-30,196,16:57:00,Monday,Finch,Investigation,3.0,6.0,s,9021.0
2017-01-30,196,17:10:00,Monday,Downsview stn,Utilized Off Route,2.0,4.0,n,1347.0
2017-01-30,84,17:20:00,Monday,Bathurst and Sheppard,Investigation,12.0,24.0,W/B,8591.0
2017-01-30,76,17:25:00,Monday,Royal York Stn,Mechanical,5.0,10.0,s/b,8082.0
2017-01-30,100,17:30:00,Monday,Broadview & Cosburn,Mechanical,5.0,11.0,up,7429.0
2017-01-30,95,17:33:00,Monday,Kingston Rd Cul Du Sac,Mechanical,9.0,18.0,W,1221.0
2017-01-30,29,17:36:00,Monday,Tycos,Mechanical,10.0,19.0,s/b,9030.0
2017-01-30,21,17:44:00,Monday,Brimley and OPP1750,Investigation,9.0,18.0,NB,7872.0
2017-01-30,54,18:07:00,Monday,Lawrence and Fortune gate,Investigation,10.0,21.0,W,7487.0
2017-01-30,38,18:08:00,Monday,Scarborough Town Center RT Station,Mechanical,12.0,24.0,EB,1215.0
2017-01-30,23,18:34:00,Monday,Rexleigh Dr and Ferris Road,Diversion,132.0,140.0,N,7837.0
2017-01-30,165,18:46:00,Monday,Weston and Finch,Mechanical,16.0,24.0,N,8556.0
2017-01-30,100,19:06:00,Monday,Broadview station,Utilized Off Route,6.0,11.0,up,7581.0
2017-01-30,25,19:06:00,Monday,Overlea Blvd and Millwood Rd,Investigation,6.0,12.0,SB,7456.0
2017-01-30,24,19:09:00,Monday,Victoria Park Station,Utilized Off Route,1.0,1.0,N,7772.0
2017-01-30,113,19:09:00,Monday,Danforth Rd & Mack Ave,Mechanical,15.0,38.0,NB,7789.0
2017-01-30,23,19:12:00,Monday,S.Clair and Victoria Park,Mechanical,8.0,16.0,S,8121.0
2017-01-30,94,19:15:00,Monday,Castlefrank Station,Utilized Off Route,9.0,18.0,W,8108.0
2017-01-30,87,19:25:00,Monday,Main Station,Utilized Off Route,10.0,20.0,W,8127.0
2017-01-30,191,19:38:00,Monday,Bloor West Bridge and hwy 427,Diversion,1.0,1.0,N/B,8443.0
2017-01-30,20,19:44:00,Monday,Kennedy Station,Mechanical,21.0,42.0,,8135.0
2017-01-30,29,19:55:00,Monday,Exhibition Loop,Mechanical,6.0,12.0,n/b,9024.0
2017-01-30,39,20:12:00,Monday,Birchmount and Finch,Mechanical,16.0,32.0,w,1770.0
2017-01-30,87,20:25:00,Monday,Main Station,Utilized Off Route,10.0,20.0,,8155.0
2017-01-30,41,20:30:00,Monday,Keele and St. Regis,Investigation,15.0,27.0,N,1653.0
2017-01-30,63,20:34:00,Monday,Robina and St.Clair Ave,Mechanical,10.0,20.0,S/B,1630.0
2017-01-30,79,20:40:00,Monday,Richview and Scarlett,Mechanical,24.0,48.0,N,1515.0
2017-01-30,39,20:44:00,Monday,FSTN,Utilized Off Route,16.0,32.0,e,1083.0
2017-01-30,161,20:58:00,Monday,Humber and Louvain,Emergency Services,12.0,24.0,E,1233.0
2017-01-30,165,21:00:00,Monday,Weston and Finch,Mechanical,9.0,19.0,w,8606.0
2017-01-30,129,21:11:00,Monday,Steele's Loop at McCowan Road,Mechanical,12.0,18.0,SB,9076.0
2017-01-30,16,21:13:00,Monday,Danforth Rd and Horton Blvd,Mechanical,11.0,22.0,S,7823.0
2017-01-30,199,21:15:00,Monday,York boulevard at Ian McDonald Boulevard,Mechanical,13.0,26.0,WB,1212.0
2017-01-30,63,21:42:00,Monday,Ossington Station,Investigation,10.0,20.0,N/B,1634.0
2017-01-30,32,21:43:00,Monday,Eglinton West Station,Mechanical,10.0,20.0,E/B,1007.0
2017-01-30,37,22:42:00,Monday,Rexdale/Precision,Mechanical,26.0,49.0,e/b,8402.0
2017-01-30,24,23:25:00,Monday,Victoria Park Station,Mechanical,10.0,20.0,,7803.0
2017-01-30,87,23:35:00,Monday,Main Station,Utilized Off Route,10.0,20.0,,8127.0
2017-01-30,47,23:42:00,Monday,Earlscourt Loop,Mechanical,20.0,40.0,S/B,1568.0
2017-01-30,66,23:49:00,Monday,Humber loop,Mechanical,30.0,60.0,s/b,8410.0
2017-01-30,126,23:49:00,Monday,St. Clair West Station,Mechanical,30.0,60.0,E/B,1054.0
2017-01-30,63,23:50:00,Monday,Ossington Station,Utilized Off Route,10.0,20.0,N/B,1345.0
2017-01-31,61,00:20:00,Tuesday,Eglinton Stn,Mechanical,30.0,60.0,NB,8201.0
2017-01-31,52,00:30:00,Tuesday,Lawrence and Marlee,Investigation,18.0,36.0,W/B,1411.0
2017-01-31,34,00:34:00,Tuesday,Credit Union Dr. and Eglinton,Mechanical,10.0,20.0,eb,7591.0
2017-01-31,21,01:12:00,Tuesday,Deerfield Road,Mechanical,26.0,52.0,sb,8139.0
2017-01-31,300,03:28:00,Tuesday,DANFORTH RD AND WARDEN,Emergency Services,20.0,40.0,W,8005.0
2017-01-31,41,04:46:00,Tuesday,Canarctic and Keele,Diversion,16.0,16.0,S/B,
2017-01-31,168,04:48:00,Tuesday,Evans & Islington,Mechanical,10.0,20.0,E,8415.0
2017-01-31,85,04:58:00,Tuesday,Meadowvale Loop,Late Leaving Garage,15.0,30.0,w,9065.0
2017-01-31,41,05:05:00,Tuesday,Keele Station,Late Leaving Garage,12.0,32.0,N/B,9149.0
2017-01-31,34,05:22:00,Tuesday,Eglinton Yard,Late Leaving Garage,1.0,1.0,OB,7540.0
2017-01-31,116,05:26:00,Tuesday,Eglinton Yard,Late Leaving Garage,1.0,1.0,OB,7402.0
2017-01-31,7,05:36:00,Tuesday,Villagegate,Mechanical,26.0,50.0,S/B,9014.0
2017-01-31,7,05:44:00,Tuesday,Bathurst and wilson,Mechanical,8.0,16.0,S,9030.0
2017-01-31,42,05:44:00,Tuesday,Kennedy Loop at McNicoll,Late Leaving Garage,1.0,1.0,WB,8341.0
2017-01-31,41,05:47:00,Tuesday,Petrolia and canartic,Mechanical,9.0,19.0,SB,9139.0
2017-01-31,165,05:50:00,Tuesday,Wilson stn,Mechanical,15.0,58.0,w,1337.0
2017-01-31,113,05:53:00,Tuesday,MAIN STATIN,Late Leaving Garage,13.0,26.0,E,8111.0
2017-01-31,23,05:55:00,Tuesday,Main Stn,Late Leaving Garage,12.0,24.0,NB,7833.0
2017-01-31,60,06:00:00,Tuesday,Keele St and Steeles Ave West,Late Leaving Garage,10.0,20.0,E,8467.0
2017-01-31,53,06:02:00,Tuesday,Morningside and Staines,Late Leaving Garage,13.0,26.0,w,9080.0
2017-01-31,116,06:07:00,Tuesday,Kennedy Stn,Utilized Off Route,12.0,24.0,N,7448.0
2017-01-31,90,06:10:00,Tuesday,Oakwood and Vaughan,Late Leaving Garage,5.0,10.0,s/b,1680.0
2017-01-31,91,06:10:00,Tuesday,Woodbine station,Late Leaving Garage,12.0,24.0,nb,8150.0
2017-01-31,52,06:11:00,Tuesday,Lawrence stn,Late Leaving Garage,6.0,18.0,w,1074.0
2017-01-31,100,06:12:00,Tuesday,Erindale and Broadview,Mechanical,4.0,8.0,NB,7474.0
2017-01-31,85,06:14:00,Tuesday,Rouge Hill Go Station,Late Leaving Garage,6.0,19.0,w,9079.0
2017-01-31,52,06:17:00,Tuesday,Royal York and Dixon,Late Leaving Garage,3.0,6.0,e,1012.0
2017-01-31,32,06:17:00,Tuesday,Skymark and Commerce,Mechanical,6.0,11.0,E/B,1305.0
2017-01-31,34,06:21:00,Tuesday,Kennedy Stn,Mechanical,4.0,8.0,W,7691.0
2017-01-31,32,06:21:00,Tuesday,Emmett and Eglinton,Late Leaving Garage,10.0,21.0,E/B,1592.0
2017-01-31,29,06:27:00,Tuesday,Lansdown and Tycos,Mechanical,9.0,18.0,s,9034.0
2017-01-31,199,06:28:00,Tuesday,Finch Station,Late Leaving Garage,10.0,20.0,E,1222.0
2017-01-31,53,06:30:00,Tuesday,Finch Station,Late Leaving Garage,13.0,26.0,e,9074.0
2017-01-31,102,06:37:00,Tuesday,warden stn,Late Leaving Garage,10.0,20.0,nb,8130.0
2017-01-31,29,06:45:00,Tuesday,Lansdown and Tycos,Mechanical,5.0,10.0,s,9003.0
2017-01-31,63,06:46:00,Tuesday,Eglinton west station,Emergency Services,4.0,8.0,SB,1612.0
2017-01-31,89,06:50:00,Tuesday,Weston / Albion,Mechanical,5.0,9.0,n,1075.0
2017-01-31,95,06:50:00,Tuesday,Ellesmere RT Station,Late Leaving Garage,7.0,14.0,WB,8307.0
2017-01-31,143,07:00:00,Tuesday,Neville Loop,Late Leaving Garage,1.0,1.0,eb,8103.0
2017-01-31,6,07:13:00,Tuesday,Bedford and daveport,Late Leaving Garage,4.0,8.0,SB,1634.0
2017-01-31,95,07:15:00,Tuesday,York Mills & Brookbanks,Mechanical,7.0,14.0,WB,1137.0
2017-01-31,6,07:21:00,Tuesday,Bedford and davenport,Late Leaving Garage,4.0,8.0,SB,1582.0
2017-01-31,63,07:22:00,Tuesday,East liberty and Atlantic,Mechanical,4.0,12.0,NB,1029.0
2017-01-31,42,07:25:00,Tuesday,Finch Station,Mechanical,25.0,50.0,EB,8318.0
2017-01-31,32,07:26:00,Tuesday,Eglinton and Municipal Dr.,Investigation,6.0,11.0,W/B,1576.0
2017-01-31,54,07:30:00,Tuesday,Lawrence Scarbough Golf rd,Mechanical,6.0,12.0,wb,7429.0
2017-01-31,73,07:32:00,Tuesday,SUMMITCREST AND ROYAL YORK,Mechanical,15.0,30.0,n/b,8058.0
2017-01-31,95,07:39:00,Tuesday,Ellesmere RT Station,Mechanical,7.0,14.0,WB,1216.0
2017-01-31,196,07:40:00,Tuesday,Sheppard-Yonge Station,Utilized Off Route,8.0,16.0,WB,1823.0
2017-01-31,190,07:42:00,Tuesday,Don Mills Station,Mechanical,5.0,10.0,EB,7598.0
2017-01-31,95,08:15:00,Tuesday,Ellesmere Helicon Gate,Mechanical,7.0,14.0,WB,1708.0
2017-01-31,131,08:30:00,Tuesday,Scarborough Town center,Utilized Off Route,7.0,15.0,E,1777.0
2017-01-31,29,08:55:00,Tuesday,Springhurst loop,Mechanical,5.0,10.0,s,8363.0
2017-01-31,196,08:55:00,Tuesday,Downsview Stn,Mechanical,7.0,15.0,E/B,9042.0
2017-01-31,45,09:02:00,Tuesday,Kipling / Redcliffe,Emergency Services,4.0,12.0,n,8066.0
2017-01-31,84,09:06:00,Tuesday,Oakdale,Mechanical,5.0,10.0,EB,1324.0
2017-01-31,70,09:14:00,Tuesday,Strathmore and Coxwell,Investigation,7.0,14.0,NB,7487.0
2017-01-31,45,09:22:00,Tuesday,Kipling / Taber,Diversion,154.0,147.0,s,8076.0
2017-01-31,162,09:25:00,Tuesday,The Donway,Diversion,1.0,30.0,EB,5147.0
2017-01-31,131,09:55:00,Tuesday,Scarborough Town Center,Diversion,135.0,149.0,EB,1778.0
2017-01-31,199,09:59:00,Tuesday,Finch - Warden,Mechanical,4.0,12.0,W,1402.0
2017-01-31,38,10:00:00,Tuesday,STC,Diversion,120.0,132.0,EB,
2017-01-31,169,10:00:00,Tuesday,Triton,Diversion,0.0,0.0,E,1523.0
2017-01-31,133,10:00:00,Tuesday,STC,Diversion,120.0,130.0,EB,
2017-01-31,129,10:00:00,Tuesday,STC,Diversion,120.0,148.0,NB,
2017-01-31,134,10:00:00,Tuesday,Scarborough Town center,Diversion,120.0,127.0,E/B,
2017-01-31,132,10:00:00,Tuesday,Triton and Mccowan,Diversion,117.0,141.0,n,1213.0
2017-01-31,130,10:00:00,Tuesday,Triton and Mccowan,Diversion,117.0,138.0,n,1266.0
2017-01-31,26,10:17:00,Tuesday,St George station,Emergency Services,20.0,40.0,WB,1410.0
2017-01-31,7,10:48:00,Tuesday,Steeles and Bathurst,Mechanical,9.0,18.0,s/b,9007.0
2017-01-31,41,10:54:00,Tuesday,Keele stn,Mechanical,9.0,18.0,n,9140.0
2017-01-31,102,11:08:00,Tuesday,warden stn,Utilized Off Route,15.0,30.0,nb,7820.0
2017-01-31,16,11:14:00,Tuesday,warden stn,Mechanical,10.0,20.0,nb,7839.0
2017-01-31,196,11:30:00,Tuesday,Downsview stn,Utilized Off Route,2.0,4.0,n,8362.0
2017-01-31,70,11:32:00,Tuesday,Warden Station,Mechanical,7.0,14.0,WB,7658.0
2017-01-31,199,11:36:00,Tuesday,Scar Town Centre Station,Mechanical,4.0,12.0,W,1123.0
2017-01-31,123,11:57:00,Tuesday,SHERWAY GARDENS,Investigation,10.0,20.0,N,8418.0
2017-01-31,45,11:59:00,Tuesday,Kipling Stn,Emergency Services,10.0,20.0,57412,8080.0
2017-01-31,41,12:04:00,Tuesday,Keele / Finch,Investigation,9.0,18.0,s,9144.0
2017-01-31,32,12:04:00,Tuesday,Skymark and Commerce,Investigation,10.0,20.0,E/B,1597.0
2017-01-31,16,12:24:00,Tuesday,warden stn,Mechanical,10.0,20.0,nb,7756.0
2017-01-31,25,12:27:00,Tuesday,Don Mills and Leith Hill,Investigation,7.0,14.0,SB,7464.0
2017-01-31,196,12:30:00,Tuesday,Downsview stn.,Utilized Off Route,2.0,4.0,n,8176.0
2017-01-31,112,12:40:00,Tuesday,Kipling Stn,Mechanical,1.0,1.0,n,8421.0
2017-01-31,45,12:40:00,Tuesday,Kipling Stn,Utilized Off Route,10.0,20.0,n,7938.0
2017-01-31,111,13:01:00,Tuesday,KIPLING STN,Utilized Off Route,12.0,24.0,N,7912.0
2017-01-31,43,13:10:00,Tuesday,Kennedy ave Shropshire dr,Mechanical,10.0,20.0,nb,7424.0
2017-01-31,76,13:10:00,Tuesday,ROYAL YORK STN,Utilized Off Route,9.0,18.0,s/b,8414.0
2017-01-31,34,13:11:00,Tuesday,Eglinton and Donmills,Mechanical,4.0,8.0,EB,7519.0
2017-01-31,60,13:26:00,Tuesday,Finch Station,Utilized Off Route,6.0,12.0,W,8438.0
2017-01-31,36,13:31:00,Tuesday,Finch Station,Investigation,5.0,11.0,,9127.0
2017-01-31,32,13:36:00,Tuesday,Emmitt Ave. and Hospital Roadway,Mechanical,13.0,26.0,eb,1649.0
2017-01-31,134,13:43:00,Tuesday,CECO-Loop,Mechanical,7.0,13.0,wb,1094.0
2017-01-31,9,14:01:00,Tuesday,STC,Late Leaving Garage,15.0,30.0,sb,8157.0
2017-01-31,84,14:06:00,Tuesday,SHJA,Mechanical,8.0,16.0,W,1335.0
2017-01-31,129,14:18:00,Tuesday,STC,Late Leaving Garage,10.0,14.0,NB,1719.0
2017-01-31,84,14:28:00,Tuesday,St. Basil's College,Late Leaving Garage,1.0,1.0,N,1812.0
2017-01-31,116,14:37:00,Tuesday,Kennedy station,Mechanical,10.0,20.0,eb,7606.0
2017-01-31,129,14:42:00,Tuesday,STC,Late Leaving Garage,12.0,29.0,NB,9055.0
2017-01-31,63,14:42:00,Tuesday,Oakwood loop,Utilized Off Route,1.0,1.0,S,1553.0
2017-01-31,61,14:43:00,Tuesday,OtterLoop,Late Leaving Garage,4.0,15.0,n,8339.0
2017-01-31,121,14:43:00,Tuesday,Mill and Cherry Str,Late Leaving Garage,10.0,20.0,W,7787.0
2017-01-31,84,14:45:00,Tuesday,Downsview,Mechanical,8.0,16.0,W,7952.0
2017-01-31,112,14:45:00,Tuesday,Michael Power School,Mechanical,5.0,15.0,s,8020.0
2017-01-31,25,14:46:00,Tuesday,pape stn,Late Leaving Garage,8.0,16.0,n,7700.0
2017-01-31,41,14:48:00,Tuesday,Keele Station,Utilized Off Route,9.0,18.0,N,9148.0
2017-01-31,68,14:51:00,Tuesday,Garage,Late Leaving Garage,11.0,18.0,S,7502.0
2017-01-31,709,14:52:00,Tuesday,Skymark Ave.,Mechanical,1.0,1.0,eb,1015.0
2017-01-31,81,14:53:00,Tuesday,Pape Station,Late Leaving Garage,8.0,16.0,N/B,7839.0
2017-01-31,24,14:55:00,Tuesday,Victoria Park & Rowena,Late Leaving Garage,8.0,10.0,SB,7749.0
2017-01-31,161,14:58:00,Tuesday,Ossington Stn,Mechanical,18.0,33.0,W,1361.0
2017-01-31,5,15:00:00,Tuesday,Avenue Rd and Bloor,General Delay,20.0,31.0,n,
2017-01-31,11,15:00:00,Tuesday,davisville Station,Mechanical,18.0,36.0,NB,8214.0
2017-01-31,709,15:01:00,Tuesday,Mt. Dennis Garage,Late Leaving Garage,1.0,1.0,eb,1547.0
2017-01-31,709,15:01:00,Tuesday,Mt. Dennis Garage,Late Leaving Garage,1.0,1.0,eb,1619.0
2017-01-31,709,15:01:00,Tuesday,Mt. Dennis Garage,Late Leaving Garage,1.0,1.0,eb,1653.0
2017-01-31,100,15:03:00,Tuesday,Donmills and Eglinton,Late Leaving Garage,5.0,11.0,NB,7400.0
2017-01-31,196,15:04:00,Tuesday,Downsview stn,Utilized Off Route,3.0,6.0,n,9013.0
2017-01-31,79,15:14:00,Tuesday,Pine and Lawrence,Mechanical,14.0,28.0,S,1047.0
2017-01-31,24,15:17:00,Tuesday,Victoria Park Station,Utilized Off Route,15.0,23.0,BW,8154.0
2017-01-31,41,15:24:00,Tuesday,Keele Station,Utilized Off Route,9.0,18.0,N,9138.0
2017-01-31,24,15:26:00,Tuesday,Victoria Park Station,Late Leaving Garage,1.0,1.0,NB,7877.0
2017-01-31,198,15:29:00,Tuesday,Morningside & Kingston,Mechanical,10.0,20.0,eb,7563.0
2017-01-31,52,15:38:00,Tuesday,Weston & Lawrence,Late Leaving Garage,16.0,33.0,e/b,1026.0
2017-01-31,89,15:42:00,Tuesday,Keele Station,Utilized Off Route,7.0,14.0,N,1571.0
2017-01-31,52,15:43:00,Tuesday,Weston & Lawrence west,Late Leaving Garage,11.0,22.0,e/b,1390.0
2017-01-31,63,15:44:00,Tuesday,Eglinton West station,Late Leaving Garage,10.0,20.0,S,1046.0
2017-01-31,102,15:45:00,Tuesday,Warden Station,Utilized Off Route,10.0,20.0,,8127.0
2017-01-31,109,15:46:00,Tuesday,Bathurst and Hotspur,Mechanical,14.0,28.0,S,1554.0
2017-01-31,32,15:50:00,Tuesday,Martin Groove on Eglinton,Mechanical,9.0,17.0,eb,1613.0
2017-01-31,52,15:51:00,Tuesday,Terminal # !,Late Leaving Garage,11.0,16.0,e/b,1382.0
2017-01-31,16,15:53:00,Tuesday,STC,Mechanical,1.0,1.0,SB,7784.0
2017-01-31,60,15:54:00,Tuesday,York University Commons,Mechanical,8.0,16.0,E,1322.0
2017-01-31,52,15:54:00,Tuesday,Lawrence West,Late Leaving Garage,11.0,22.0,w/b,1411.0
2017-01-31,76,15:55:00,Tuesday,Royal York Station,Utilized Off Route,5.0,10.0,S,8046.0
2017-01-31,73,15:57:00,Tuesday,Royal York Station,Mechanical,20.0,40.0,N,7900.0
2017-01-31,81,15:59:00,Tuesday,Pape station,Mechanical,7.0,14.0,E/B,7715.0
2017-01-31,32,16:07:00,Tuesday,Emmet,Utilized Off Route,1.0,1.0,E,1583.0
2017-01-31,116,16:11:00,Tuesday,Kennedy station,Mechanical,6.0,12.0,eb,7513.0
2017-01-31,11,16:16:00,Tuesday,Davisville Stn,Utilized Off Route,8.0,16.0,56277,8367.0
2017-01-31,16,16:25:00,Tuesday,St. Clair and Cotton,Mechanical,8.0,16.0,eb,7805.0
2017-01-31,75,16:29:00,Tuesday,Jarvis and Queens Quay,Mechanical,6.0,12.0,N,1813.0
2017-01-31,41,16:30:00,Tuesday,Keele and Sheppard,Utilized Off Route,15.0,29.0,S,1058.0
2017-01-31,121,16:30:00,Tuesday,Fortyork Route,General Delay,20.0,1.0,BW,
2017-01-31,11,16:33:00,Tuesday,Davisville Stn,Mechanical,8.0,17.0,56277,8327.0
2017-01-31,29,16:52:00,Tuesday,Dufferin and Bloor,Mechanical,5.0,10.0,s,9019.0
2017-01-31,98,16:53:00,Tuesday,Sheppard/Senlan,Mechanical,15.0,30.0,NB,8396.0
2017-01-31,63,17:00:00,Tuesday,Oakwood loop,Mechanical,5.0,10.0,S,1066.0
2017-01-31,115,17:00:00,Tuesday,Yokrmills Station,Mechanical,20.0,40.0,e,1677.0
2017-01-31,199,17:00:00,Tuesday,York U - Finch Stn,General Delay,10.0,22.0,BW,
2017-01-31,143,17:00:00,Tuesday,Yonge and Richmond,General Delay,1.0,1.0,BW,
2017-01-31,42,17:02:00,Tuesday,Cummer Av/bayview,Mechanical,13.0,26.0,Eb,8332.0
2017-01-31,92,17:05:00,Tuesday,Queen and Woodbine,Investigation,9.0,18.0,S,8120.0
2017-01-31,38,17:09:00,Tuesday,RHGO,Mechanical,12.0,24.0,w,1793.0
2017-01-31,79,17:11:00,Tuesday,Runnymede and St. John,Investigation,14.0,28.0,N,1614.0
2017-01-31,87,17:11:00,Tuesday,Main Station,Utilized Off Route,5.0,10.0,W,7771.0
2017-01-31,81,17:15:00,Tuesday,pape to thornecliff,General Delay,1.0,1.0,b/w,
2017-01-31,41,17:18:00,Tuesday,Keele Station,Utilized Off Route,10.0,21.0,N,9144.0
2017-01-31,35,17:22:00,Tuesday,Milo Park,Investigation,8.0,10.0,S,1003.0
2017-01-31,67,17:30:00,Tuesday,Donside/Pharmacy,Mechanical,10.0,20.0,down,7629.0
2017-01-31,97,17:40:00,Tuesday,Yonge/Yorkmills,Mechanical,30.0,60.0,Nb,1820.0
2017-01-31,86,17:44:00,Tuesday,Kennedy station,Mechanical,5.0,10.0,eb,7433.0
2017-01-31,75,17:47:00,Tuesday,The Esplanade and Lower Sherbourne,Mechanical,6.0,12.0,E,8391.0
2017-01-31,36,18:09:00,Tuesday,Humberwood Loop,Mechanical,7.0,14.0,,9118.0
2017-01-31,17,18:13:00,Tuesday,Wintermute,Mechanical,7.0,14.0,NB,7724.0
2017-01-31,199,18:30:00,Tuesday,York U - STC,General Delay,28.0,36.0,BW,
2017-01-31,39,18:30:00,Tuesday,Finch Stn to Old Finch,General Delay,17.0,36.0,BW,
2017-01-31,68,18:37:00,Tuesday,Warden Stn,Mechanical,20.0,31.0,nb,7471.0
2017-01-31,190,18:43:00,Tuesday,Don Mills station,Utilized Off Route,5.0,10.0,w,7420.0
2017-01-31,59,18:46:00,Tuesday,Lawrence Avenue at Marlee,Mechanical,14.0,28.0,W,8454.0
2017-01-31,92,18:49:00,Tuesday,Queen str and Woodbine,Investigation,9.0,18.0,N,7882.0
2017-01-31,36,19:00:00,Tuesday,Romfield and Finch,Mechanical,24.0,48.0,,9132.0
2017-01-31,59,19:06:00,Tuesday,Lawrence Avenue at Marlee,Mechanical,13.0,26.0,W,8454.0
2017-01-31,199,19:13:00,Tuesday,Scarborough Town Centre,Mechanical,10.0,15.0,W,1768.0
2017-01-31,95,19:39:00,Tuesday,York Mills Station,Mechanical,14.0,28.0,E,1085.0
2017-01-31,113,19:43:00,Tuesday,Kennedy & Eglinton,Diversion,24.0,39.0,SB,7750.0
2017-01-31,43,19:50:00,Tuesday,Kennedy and Eglinton,Diversion,15.0,25.0,S,
2017-01-31,34,20:20:00,Tuesday,Eglinton and Jonesville Cr,Investigation,6.0,12.0,WB,7611.0
2017-01-31,34,20:48:00,Tuesday,Eglinton and Yonge,Investigation,6.0,12.0,WB,7459.0
2017-01-31,59,21:00:00,Tuesday,Route 59,General Delay,14.0,44.0,BW,
2017-01-31,36,21:00:00,Tuesday,Route 36,General Delay,16.0,24.0,BW,
2017-01-31,191,21:00:00,Tuesday,Route 191,General Delay,15.0,25.0,BW,
2017-01-31,196,21:10:00,Tuesday,Downsview Stn,Utilized Off Route,8.0,16.0,NB,8389.0
2017-01-31,34,22:00:00,Tuesday,Warden/Eglinton,Utilized Off Route,10.0,20.0,down,7477.0
2017-01-31,86,22:45:00,Tuesday,Kennedy Stn.,Mechanical,10.0,20.0,eb,7402.0
2017-01-31,51,23:29:00,Tuesday,Leslie Stn,Mechanical,30.0,60.0,NB,8201.0
2017-01-31,165,23:40:00,Tuesday,Jane and Wilson,Utilized Off Route,10.0,20.0,e,8458.0
